periods 0
begin filament
FOCUSADD Coils
6.894880187643248 0.47305736549310234 0.11097018971334532 1620000.0000002666
6.816241264714533 0.4637909582627447 0.12237428975029223 1620000.0000002666
6.816241264714533 0.4637909582627447 0.12237428975029223 1620000.0000002666
6.816241264714533 0.4637909582627447 0.12237428975029223 1620000.0000002666
6.816241264714533 0.4637909582627447 0.12237428975029223 1620000.0000002666
6.816241264714533 0.4637909582627447 0.12237428975029223 1620000.0000002666
6.816241264714533 0.4637909582627447 0.12237428975029223 1620000.0000002666
6.816241264714533 0.4637909582627447 0.12237428975029223 1620000.0000002666
6.816241264714533 0.4637909582627447 0.12237428975029223 1620000.0000002666
6.816241264714533 0.4637909582627447 0.12237428975029223 1620000.0000002666
6.816241264714533 0.4637909582627447 0.12237428975029223 1620000.0000002666
6.816241264714533 0.4637909582627447 0.12237428975029223 1620000.0000002666
6.816241264714533 0.4637909582627447 0.12237428975029223 1620000.0000002666
6.816241264714533 0.4637909582627447 0.12237428975029223 1620000.0000002666
6.816241264714533 0.4637909582627447 0.12237428975029223 1620000.0000002666
6.816241264714533 0.4637909582627447 0.12237428975029223 1620000.0000002666
6.816241264714533 0.4637909582627447 0.12237428975029223 1620000.0000002666
6.816241264714533 0.4637909582627447 0.12237428975029223 1620000.0000002666
6.816241264714533 0.4637909582627447 0.12237428975029223 1620000.0000002666
6.816241264714533 0.4637909582627447 0.12237428975029223 1620000.0000002666
6.816241264714533 0.4637909582627447 0.12237428975029223 1620000.0000002666
6.816241264714533 0.4637909582627447 0.12237428975029223 1620000.0000002666
6.816241264714533 0.4637909582627447 0.12237428975029223 1620000.0000002666
6.816241264714533 0.4637909582627447 0.12237428975029223 1620000.0000002666
6.816241264714533 0.4637909582627447 0.12237428975029223 1620000.0000002666
6.816241264714533 0.4637909582627447 0.12237428975029223 1620000.0000002666
6.816241264714533 0.4637909582627447 0.12237428975029223 1620000.0000002666
6.816241264714533 0.4637909582627447 0.12237428975029223 1620000.0000002666
6.816241264714533 0.4637909582627447 0.12237428975029223 1620000.0000002666
6.816241264714533 0.4637909582627447 0.12237428975029223 1620000.0000002666
6.816241264714533 0.4637909582627447 0.12237428975029223 1620000.0000002666
6.816241264714533 0.4637909582627447 0.12237428975029223 1620000.0000002666
6.816241264714533 0.4637909582627447 0.12237428975029223 1620000.0000002666
6.816241264714533 0.4637909582627447 0.12237428975029223 1620000.0000002666
6.816241264714533 0.4637909582627447 0.12237428975029223 1620000.0000002666
6.816241264714533 0.4637909582627447 0.12237428975029223 1620000.0000002666
6.816241264714533 0.4637909582627447 0.12237428975029223 1620000.0000002666
6.816241264714533 0.4637909582627447 0.12237428975029223 1620000.0000002666
6.816241264714533 0.4637909582627447 0.12237428975029223 1620000.0000002666
6.816241264714533 0.4637909582627447 0.12237428975029223 1620000.0000002666
6.816241264714533 0.4637909582627447 0.12237428975029223 1620000.0000002666
6.816241264714533 0.4637909582627447 0.12237428975029223 1620000.0000002666
6.816241264714533 0.4637909582627447 0.12237428975029223 1620000.0000002666
6.816241264714533 0.4637909582627447 0.12237428975029223 1620000.0000002666
6.816241264714533 0.4637909582627447 0.12237428975029223 1620000.0000002666
6.816241264714533 0.4637909582627447 0.12237428975029223 1620000.0000002666
6.816241264714533 0.4637909582627447 0.12237428975029223 1620000.0000002666
6.816241264714533 0.4637909582627447 0.12237428975029223 1620000.0000002666
6.816241264714533 0.4637909582627447 0.12237428975029223 1620000.0000002666
6.816241264714533 0.4637909582627447 0.12237428975029223 1620000.0000002666
6.816241264714533 0.4637909582627447 0.12237428975029223 1620000.0000002666
6.816241264714533 0.4637909582627447 0.12237428975029223 1620000.0000002666
6.816241264714533 0.4637909582627447 0.12237428975029223 1620000.0000002666
6.816241264714533 0.4637909582627447 0.12237428975029223 1620000.0000002666
6.816241264714533 0.4637909582627447 0.12237428975029223 1620000.0000002666
6.816241264714533 0.4637909582627447 0.12237428975029223 1620000.0000002666
6.816241264714533 0.4637909582627447 0.12237428975029223 1620000.0000002666
6.816241264714533 0.4637909582627447 0.12237428975029223 1620000.0000002666
6.816241264714533 0.4637909582627447 0.12237428975029223 1620000.0000002666
6.816241264714533 0.4637909582627447 0.12237428975029223 1620000.0000002666
6.816241264714533 0.4637909582627447 0.12237428975029223 1620000.0000002666
6.816241264714533 0.4637909582627447 0.12237428975029223 1620000.0000002666
6.816241264714533 0.4637909582627447 0.12237428975029223 1620000.0000002666
6.816241264714533 0.4637909582627447 0.12237428975029223 1620000.0000002666
6.894880187643248 0.47305736549310234 0.11097018971334532 0.0 0,0,0 coil/filament1/filament2
6.902124971718306 0.4640986789515303 0.20732668846620508 1620000.0000002666
6.822559220560961 0.4561659847301582 0.2048040697559125 1620000.0000002666
6.822559220560961 0.4561659847301582 0.2048040697559125 1620000.0000002666
6.822559220560961 0.4561659847301582 0.2048040697559125 1620000.0000002666
6.822559220560961 0.4561659847301582 0.2048040697559125 1620000.0000002666
6.822559220560961 0.4561659847301582 0.2048040697559125 1620000.0000002666
6.822559220560961 0.4561659847301582 0.2048040697559125 1620000.0000002666
6.822559220560961 0.4561659847301582 0.2048040697559125 1620000.0000002666
6.822559220560961 0.4561659847301582 0.2048040697559125 1620000.0000002666
6.822559220560961 0.4561659847301582 0.2048040697559125 1620000.0000002666
6.822559220560961 0.4561659847301582 0.2048040697559125 1620000.0000002666
6.822559220560961 0.4561659847301582 0.2048040697559125 1620000.0000002666
6.822559220560961 0.4561659847301582 0.2048040697559125 1620000.0000002666
6.822559220560961 0.4561659847301582 0.2048040697559125 1620000.0000002666
6.822559220560961 0.4561659847301582 0.2048040697559125 1620000.0000002666
6.822559220560961 0.4561659847301582 0.2048040697559125 1620000.0000002666
6.822559220560961 0.4561659847301582 0.2048040697559125 1620000.0000002666
6.822559220560961 0.4561659847301582 0.2048040697559125 1620000.0000002666
6.822559220560961 0.4561659847301582 0.2048040697559125 1620000.0000002666
6.822559220560961 0.4561659847301582 0.2048040697559125 1620000.0000002666
6.822559220560961 0.4561659847301582 0.2048040697559125 1620000.0000002666
6.822559220560961 0.4561659847301582 0.2048040697559125 1620000.0000002666
6.822559220560961 0.4561659847301582 0.2048040697559125 1620000.0000002666
6.822559220560961 0.4561659847301582 0.2048040697559125 1620000.0000002666
6.822559220560961 0.4561659847301582 0.2048040697559125 1620000.0000002666
6.822559220560961 0.4561659847301582 0.2048040697559125 1620000.0000002666
6.822559220560961 0.4561659847301582 0.2048040697559125 1620000.0000002666
6.822559220560961 0.4561659847301582 0.2048040697559125 1620000.0000002666
6.822559220560961 0.4561659847301582 0.2048040697559125 1620000.0000002666
6.822559220560961 0.4561659847301582 0.2048040697559125 1620000.0000002666
6.822559220560961 0.4561659847301582 0.2048040697559125 1620000.0000002666
6.822559220560961 0.4561659847301582 0.2048040697559125 1620000.0000002666
6.822559220560961 0.4561659847301582 0.2048040697559125 1620000.0000002666
6.822559220560961 0.4561659847301582 0.2048040697559125 1620000.0000002666
6.822559220560961 0.4561659847301582 0.2048040697559125 1620000.0000002666
6.822559220560961 0.4561659847301582 0.2048040697559125 1620000.0000002666
6.822559220560961 0.4561659847301582 0.2048040697559125 1620000.0000002666
6.822559220560961 0.4561659847301582 0.2048040697559125 1620000.0000002666
6.822559220560961 0.4561659847301582 0.2048040697559125 1620000.0000002666
6.822559220560961 0.4561659847301582 0.2048040697559125 1620000.0000002666
6.822559220560961 0.4561659847301582 0.2048040697559125 1620000.0000002666
6.822559220560961 0.4561659847301582 0.2048040697559125 1620000.0000002666
6.822559220560961 0.4561659847301582 0.2048040697559125 1620000.0000002666
6.822559220560961 0.4561659847301582 0.2048040697559125 1620000.0000002666
6.822559220560961 0.4561659847301582 0.2048040697559125 1620000.0000002666
6.822559220560961 0.4561659847301582 0.2048040697559125 1620000.0000002666
6.822559220560961 0.4561659847301582 0.2048040697559125 1620000.0000002666
6.822559220560961 0.4561659847301582 0.2048040697559125 1620000.0000002666
6.822559220560961 0.4561659847301582 0.2048040697559125 1620000.0000002666
6.822559220560961 0.4561659847301582 0.2048040697559125 1620000.0000002666
6.822559220560961 0.4561659847301582 0.2048040697559125 1620000.0000002666
6.822559220560961 0.4561659847301582 0.2048040697559125 1620000.0000002666
6.822559220560961 0.4561659847301582 0.2048040697559125 1620000.0000002666
6.822559220560961 0.4561659847301582 0.2048040697559125 1620000.0000002666
6.822559220560961 0.4561659847301582 0.2048040697559125 1620000.0000002666
6.822559220560961 0.4561659847301582 0.2048040697559125 1620000.0000002666
6.822559220560961 0.4561659847301582 0.2048040697559125 1620000.0000002666
6.822559220560961 0.4561659847301582 0.2048040697559125 1620000.0000002666
6.822559220560961 0.4561659847301582 0.2048040697559125 1620000.0000002666
6.822559220560961 0.4561659847301582 0.2048040697559125 1620000.0000002666
6.822559220560961 0.4561659847301582 0.2048040697559125 1620000.0000002666
6.822559220560961 0.4561659847301582 0.2048040697559125 1620000.0000002666
6.822559220560961 0.4561659847301582 0.2048040697559125 1620000.0000002666
6.822559220560961 0.4561659847301582 0.2048040697559125 1620000.0000002666
6.902124971718306 0.4640986789515303 0.20732668846620508 0.0 0,0,1 coil/filament1/filament2
6.903078857863591 0.3938631501938645 0.10315622338656628 1620000.0000002666
6.824439934934875 0.3845967429635068 0.11456032342351319 1620000.0000002666
6.824439934934875 0.3845967429635068 0.11456032342351319 1620000.0000002666
6.824439934934875 0.3845967429635068 0.11456032342351319 1620000.0000002666
6.824439934934875 0.3845967429635068 0.11456032342351319 1620000.0000002666
6.824439934934875 0.3845967429635068 0.11456032342351319 1620000.0000002666
6.824439934934875 0.3845967429635068 0.11456032342351319 1620000.0000002666
6.824439934934875 0.3845967429635068 0.11456032342351319 1620000.0000002666
6.824439934934875 0.3845967429635068 0.11456032342351319 1620000.0000002666
6.824439934934875 0.3845967429635068 0.11456032342351319 1620000.0000002666
6.824439934934875 0.3845967429635068 0.11456032342351319 1620000.0000002666
6.824439934934875 0.3845967429635068 0.11456032342351319 1620000.0000002666
6.824439934934875 0.3845967429635068 0.11456032342351319 1620000.0000002666
6.824439934934875 0.3845967429635068 0.11456032342351319 1620000.0000002666
6.824439934934875 0.3845967429635068 0.11456032342351319 1620000.0000002666
6.824439934934875 0.3845967429635068 0.11456032342351319 1620000.0000002666
6.824439934934875 0.3845967429635068 0.11456032342351319 1620000.0000002666
6.824439934934875 0.3845967429635068 0.11456032342351319 1620000.0000002666
6.824439934934875 0.3845967429635068 0.11456032342351319 1620000.0000002666
6.824439934934875 0.3845967429635068 0.11456032342351319 1620000.0000002666
6.824439934934875 0.3845967429635068 0.11456032342351319 1620000.0000002666
6.824439934934875 0.3845967429635068 0.11456032342351319 1620000.0000002666
6.824439934934875 0.3845967429635068 0.11456032342351319 1620000.0000002666
6.824439934934875 0.3845967429635068 0.11456032342351319 1620000.0000002666
6.824439934934875 0.3845967429635068 0.11456032342351319 1620000.0000002666
6.824439934934875 0.3845967429635068 0.11456032342351319 1620000.0000002666
6.824439934934875 0.3845967429635068 0.11456032342351319 1620000.0000002666
6.824439934934875 0.3845967429635068 0.11456032342351319 1620000.0000002666
6.824439934934875 0.3845967429635068 0.11456032342351319 1620000.0000002666
6.824439934934875 0.3845967429635068 0.11456032342351319 1620000.0000002666
6.824439934934875 0.3845967429635068 0.11456032342351319 1620000.0000002666
6.824439934934875 0.3845967429635068 0.11456032342351319 1620000.0000002666
6.824439934934875 0.3845967429635068 0.11456032342351319 1620000.0000002666
6.824439934934875 0.3845967429635068 0.11456032342351319 1620000.0000002666
6.824439934934875 0.3845967429635068 0.11456032342351319 1620000.0000002666
6.824439934934875 0.3845967429635068 0.11456032342351319 1620000.0000002666
6.824439934934875 0.3845967429635068 0.11456032342351319 1620000.0000002666
6.824439934934875 0.3845967429635068 0.11456032342351319 1620000.0000002666
6.824439934934875 0.3845967429635068 0.11456032342351319 1620000.0000002666
6.824439934934875 0.3845967429635068 0.11456032342351319 1620000.0000002666
6.824439934934875 0.3845967429635068 0.11456032342351319 1620000.0000002666
6.824439934934875 0.3845967429635068 0.11456032342351319 1620000.0000002666
6.824439934934875 0.3845967429635068 0.11456032342351319 1620000.0000002666
6.824439934934875 0.3845967429635068 0.11456032342351319 1620000.0000002666
6.824439934934875 0.3845967429635068 0.11456032342351319 1620000.0000002666
6.824439934934875 0.3845967429635068 0.11456032342351319 1620000.0000002666
6.824439934934875 0.3845967429635068 0.11456032342351319 1620000.0000002666
6.824439934934875 0.3845967429635068 0.11456032342351319 1620000.0000002666
6.824439934934875 0.3845967429635068 0.11456032342351319 1620000.0000002666
6.824439934934875 0.3845967429635068 0.11456032342351319 1620000.0000002666
6.824439934934875 0.3845967429635068 0.11456032342351319 1620000.0000002666
6.824439934934875 0.3845967429635068 0.11456032342351319 1620000.0000002666
6.824439934934875 0.3845967429635068 0.11456032342351319 1620000.0000002666
6.824439934934875 0.3845967429635068 0.11456032342351319 1620000.0000002666
6.824439934934875 0.3845967429635068 0.11456032342351319 1620000.0000002666
6.824439934934875 0.3845967429635068 0.11456032342351319 1620000.0000002666
6.824439934934875 0.3845967429635068 0.11456032342351319 1620000.0000002666
6.824439934934875 0.3845967429635068 0.11456032342351319 1620000.0000002666
6.824439934934875 0.3845967429635068 0.11456032342351319 1620000.0000002666
6.824439934934875 0.3845967429635068 0.11456032342351319 1620000.0000002666
6.824439934934875 0.3845967429635068 0.11456032342351319 1620000.0000002666
6.824439934934875 0.3845967429635068 0.11456032342351319 1620000.0000002666
6.824439934934875 0.3845967429635068 0.11456032342351319 1620000.0000002666
6.824439934934875 0.3845967429635068 0.11456032342351319 1620000.0000002666
6.903078857863591 0.3938631501938645 0.10315622338656628 0.0 0,1,0 coil/filament1/filament2
6.910269956251237 0.38490363547135104 0.19946511641407386 1620000.0000002666
6.830704205093891 0.37697094124997893 0.19694249770378128 1620000.0000002666
6.830704205093891 0.37697094124997893 0.19694249770378128 1620000.0000002666
6.830704205093891 0.37697094124997893 0.19694249770378128 1620000.0000002666
6.830704205093891 0.37697094124997893 0.19694249770378128 1620000.0000002666
6.830704205093891 0.37697094124997893 0.19694249770378128 1620000.0000002666
6.830704205093891 0.37697094124997893 0.19694249770378128 1620000.0000002666
6.830704205093891 0.37697094124997893 0.19694249770378128 1620000.0000002666
6.830704205093891 0.37697094124997893 0.19694249770378128 1620000.0000002666
6.830704205093891 0.37697094124997893 0.19694249770378128 1620000.0000002666
6.830704205093891 0.37697094124997893 0.19694249770378128 1620000.0000002666
6.830704205093891 0.37697094124997893 0.19694249770378128 1620000.0000002666
6.830704205093891 0.37697094124997893 0.19694249770378128 1620000.0000002666
6.830704205093891 0.37697094124997893 0.19694249770378128 1620000.0000002666
6.830704205093891 0.37697094124997893 0.19694249770378128 1620000.0000002666
6.830704205093891 0.37697094124997893 0.19694249770378128 1620000.0000002666
6.830704205093891 0.37697094124997893 0.19694249770378128 1620000.0000002666
6.830704205093891 0.37697094124997893 0.19694249770378128 1620000.0000002666
6.830704205093891 0.37697094124997893 0.19694249770378128 1620000.0000002666
6.830704205093891 0.37697094124997893 0.19694249770378128 1620000.0000002666
6.830704205093891 0.37697094124997893 0.19694249770378128 1620000.0000002666
6.830704205093891 0.37697094124997893 0.19694249770378128 1620000.0000002666
6.830704205093891 0.37697094124997893 0.19694249770378128 1620000.0000002666
6.830704205093891 0.37697094124997893 0.19694249770378128 1620000.0000002666
6.830704205093891 0.37697094124997893 0.19694249770378128 1620000.0000002666
6.830704205093891 0.37697094124997893 0.19694249770378128 1620000.0000002666
6.830704205093891 0.37697094124997893 0.19694249770378128 1620000.0000002666
6.830704205093891 0.37697094124997893 0.19694249770378128 1620000.0000002666
6.830704205093891 0.37697094124997893 0.19694249770378128 1620000.0000002666
6.830704205093891 0.37697094124997893 0.19694249770378128 1620000.0000002666
6.830704205093891 0.37697094124997893 0.19694249770378128 1620000.0000002666
6.830704205093891 0.37697094124997893 0.19694249770378128 1620000.0000002666
6.830704205093891 0.37697094124997893 0.19694249770378128 1620000.0000002666
6.830704205093891 0.37697094124997893 0.19694249770378128 1620000.0000002666
6.830704205093891 0.37697094124997893 0.19694249770378128 1620000.0000002666
6.830704205093891 0.37697094124997893 0.19694249770378128 1620000.0000002666
6.830704205093891 0.37697094124997893 0.19694249770378128 1620000.0000002666
6.830704205093891 0.37697094124997893 0.19694249770378128 1620000.0000002666
6.830704205093891 0.37697094124997893 0.19694249770378128 1620000.0000002666
6.830704205093891 0.37697094124997893 0.19694249770378128 1620000.0000002666
6.830704205093891 0.37697094124997893 0.19694249770378128 1620000.0000002666
6.830704205093891 0.37697094124997893 0.19694249770378128 1620000.0000002666
6.830704205093891 0.37697094124997893 0.19694249770378128 1620000.0000002666
6.830704205093891 0.37697094124997893 0.19694249770378128 1620000.0000002666
6.830704205093891 0.37697094124997893 0.19694249770378128 1620000.0000002666
6.830704205093891 0.37697094124997893 0.19694249770378128 1620000.0000002666
6.830704205093891 0.37697094124997893 0.19694249770378128 1620000.0000002666
6.830704205093891 0.37697094124997893 0.19694249770378128 1620000.0000002666
6.830704205093891 0.37697094124997893 0.19694249770378128 1620000.0000002666
6.830704205093891 0.37697094124997893 0.19694249770378128 1620000.0000002666
6.830704205093891 0.37697094124997893 0.19694249770378128 1620000.0000002666
6.830704205093891 0.37697094124997893 0.19694249770378128 1620000.0000002666
6.830704205093891 0.37697094124997893 0.19694249770378128 1620000.0000002666
6.830704205093891 0.37697094124997893 0.19694249770378128 1620000.0000002666
6.830704205093891 0.37697094124997893 0.19694249770378128 1620000.0000002666
6.830704205093891 0.37697094124997893 0.19694249770378128 1620000.0000002666
6.830704205093891 0.37697094124997893 0.19694249770378128 1620000.0000002666
6.830704205093891 0.37697094124997893 0.19694249770378128 1620000.0000002666
6.830704205093891 0.37697094124997893 0.19694249770378128 1620000.0000002666
6.830704205093891 0.37697094124997893 0.19694249770378128 1620000.0000002666
6.830704205093891 0.37697094124997893 0.19694249770378128 1620000.0000002666
6.830704205093891 0.37697094124997893 0.19694249770378128 1620000.0000002666
6.830704205093891 0.37697094124997893 0.19694249770378128 1620000.0000002666
6.830704205093891 0.37697094124997893 0.19694249770378128 1620000.0000002666
6.910269956251237 0.38490363547135104 0.19946511641407386 0.0 0,1,1 coil/filament1/filament2
6.613604425093078 1.3884365185432799 0.19599940268269872 1620000.000000202
6.540780226601726 1.3605977974971357 0.17806502996974335 1620000.000000202
6.540780226601726 1.3605977974971357 0.17806502996974335 1620000.000000202
6.540780226601726 1.3605977974971357 0.17806502996974335 1620000.000000202
6.540780226601726 1.3605977974971357 0.17806502996974335 1620000.000000202
6.540780226601726 1.3605977974971357 0.17806502996974335 1620000.000000202
6.540780226601726 1.3605977974971357 0.17806502996974335 1620000.000000202
6.540780226601726 1.3605977974971357 0.17806502996974335 1620000.000000202
6.540780226601726 1.3605977974971357 0.17806502996974335 1620000.000000202
6.540780226601726 1.3605977974971357 0.17806502996974335 1620000.000000202
6.540780226601726 1.3605977974971357 0.17806502996974335 1620000.000000202
6.540780226601726 1.3605977974971357 0.17806502996974335 1620000.000000202
6.540780226601726 1.3605977974971357 0.17806502996974335 1620000.000000202
6.540780226601726 1.3605977974971357 0.17806502996974335 1620000.000000202
6.540780226601726 1.3605977974971357 0.17806502996974335 1620000.000000202
6.540780226601726 1.3605977974971357 0.17806502996974335 1620000.000000202
6.540780226601726 1.3605977974971357 0.17806502996974335 1620000.000000202
6.540780226601726 1.3605977974971357 0.17806502996974335 1620000.000000202
6.540780226601726 1.3605977974971357 0.17806502996974335 1620000.000000202
6.540780226601726 1.3605977974971357 0.17806502996974335 1620000.000000202
6.540780226601726 1.3605977974971357 0.17806502996974335 1620000.000000202
6.540780226601726 1.3605977974971357 0.17806502996974335 1620000.000000202
6.540780226601726 1.3605977974971357 0.17806502996974335 1620000.000000202
6.540780226601726 1.3605977974971357 0.17806502996974335 1620000.000000202
6.540780226601726 1.3605977974971357 0.17806502996974335 1620000.000000202
6.540780226601726 1.3605977974971357 0.17806502996974335 1620000.000000202
6.540780226601726 1.3605977974971357 0.17806502996974335 1620000.000000202
6.540780226601726 1.3605977974971357 0.17806502996974335 1620000.000000202
6.540780226601726 1.3605977974971357 0.17806502996974335 1620000.000000202
6.540780226601726 1.3605977974971357 0.17806502996974335 1620000.000000202
6.540780226601726 1.3605977974971357 0.17806502996974335 1620000.000000202
6.540780226601726 1.3605977974971357 0.17806502996974335 1620000.000000202
6.540780226601726 1.3605977974971357 0.17806502996974335 1620000.000000202
6.540780226601726 1.3605977974971357 0.17806502996974335 1620000.000000202
6.540780226601726 1.3605977974971357 0.17806502996974335 1620000.000000202
6.540780226601726 1.3605977974971357 0.17806502996974335 1620000.000000202
6.540780226601726 1.3605977974971357 0.17806502996974335 1620000.000000202
6.540780226601726 1.3605977974971357 0.17806502996974335 1620000.000000202
6.540780226601726 1.3605977974971357 0.17806502996974335 1620000.000000202
6.540780226601726 1.3605977974971357 0.17806502996974335 1620000.000000202
6.540780226601726 1.3605977974971357 0.17806502996974335 1620000.000000202
6.540780226601726 1.3605977974971357 0.17806502996974335 1620000.000000202
6.540780226601726 1.3605977974971357 0.17806502996974335 1620000.000000202
6.540780226601726 1.3605977974971357 0.17806502996974335 1620000.000000202
6.540780226601726 1.3605977974971357 0.17806502996974335 1620000.000000202
6.540780226601726 1.3605977974971357 0.17806502996974335 1620000.000000202
6.540780226601726 1.3605977974971357 0.17806502996974335 1620000.000000202
6.540780226601726 1.3605977974971357 0.17806502996974335 1620000.000000202
6.540780226601726 1.3605977974971357 0.17806502996974335 1620000.000000202
6.540780226601726 1.3605977974971357 0.17806502996974335 1620000.000000202
6.540780226601726 1.3605977974971357 0.17806502996974335 1620000.000000202
6.540780226601726 1.3605977974971357 0.17806502996974335 1620000.000000202
6.540780226601726 1.3605977974971357 0.17806502996974335 1620000.000000202
6.540780226601726 1.3605977974971357 0.17806502996974335 1620000.000000202
6.540780226601726 1.3605977974971357 0.17806502996974335 1620000.000000202
6.540780226601726 1.3605977974971357 0.17806502996974335 1620000.000000202
6.540780226601726 1.3605977974971357 0.17806502996974335 1620000.000000202
6.540780226601726 1.3605977974971357 0.17806502996974335 1620000.000000202
6.540780226601726 1.3605977974971357 0.17806502996974335 1620000.000000202
6.540780226601726 1.3605977974971357 0.17806502996974335 1620000.000000202
6.540780226601726 1.3605977974971357 0.17806502996974335 1620000.000000202
6.540780226601726 1.3605977974971357 0.17806502996974335 1620000.000000202
6.540780226601726 1.3605977974971357 0.17806502996974335 1620000.000000202
6.540780226601726 1.3605977974971357 0.17806502996974335 1620000.000000202
6.613604425093078 1.3884365185432799 0.19599940268269872 0.0 1,0,0 coil/filament1/filament2
6.598639248931498 1.3622423296619945 0.31818249188592024 1620000.000000202
6.525202684948881 1.3329998511885304 0.3058557517184651 1620000.000000202
6.525202684948881 1.3329998511885304 0.3058557517184651 1620000.000000202
6.525202684948881 1.3329998511885304 0.3058557517184651 1620000.000000202
6.525202684948881 1.3329998511885304 0.3058557517184651 1620000.000000202
6.525202684948881 1.3329998511885304 0.3058557517184651 1620000.000000202
6.525202684948881 1.3329998511885304 0.3058557517184651 1620000.000000202
6.525202684948881 1.3329998511885304 0.3058557517184651 1620000.000000202
6.525202684948881 1.3329998511885304 0.3058557517184651 1620000.000000202
6.525202684948881 1.3329998511885304 0.3058557517184651 1620000.000000202
6.525202684948881 1.3329998511885304 0.3058557517184651 1620000.000000202
6.525202684948881 1.3329998511885304 0.3058557517184651 1620000.000000202
6.525202684948881 1.3329998511885304 0.3058557517184651 1620000.000000202
6.525202684948881 1.3329998511885304 0.3058557517184651 1620000.000000202
6.525202684948881 1.3329998511885304 0.3058557517184651 1620000.000000202
6.525202684948881 1.3329998511885304 0.3058557517184651 1620000.000000202
6.525202684948881 1.3329998511885304 0.3058557517184651 1620000.000000202
6.525202684948881 1.3329998511885304 0.3058557517184651 1620000.000000202
6.525202684948881 1.3329998511885304 0.3058557517184651 1620000.000000202
6.525202684948881 1.3329998511885304 0.3058557517184651 1620000.000000202
6.525202684948881 1.3329998511885304 0.3058557517184651 1620000.000000202
6.525202684948881 1.3329998511885304 0.3058557517184651 1620000.000000202
6.525202684948881 1.3329998511885304 0.3058557517184651 1620000.000000202
6.525202684948881 1.3329998511885304 0.3058557517184651 1620000.000000202
6.525202684948881 1.3329998511885304 0.3058557517184651 1620000.000000202
6.525202684948881 1.3329998511885304 0.3058557517184651 1620000.000000202
6.525202684948881 1.3329998511885304 0.3058557517184651 1620000.000000202
6.525202684948881 1.3329998511885304 0.3058557517184651 1620000.000000202
6.525202684948881 1.3329998511885304 0.3058557517184651 1620000.000000202
6.525202684948881 1.3329998511885304 0.3058557517184651 1620000.000000202
6.525202684948881 1.3329998511885304 0.3058557517184651 1620000.000000202
6.525202684948881 1.3329998511885304 0.3058557517184651 1620000.000000202
6.525202684948881 1.3329998511885304 0.3058557517184651 1620000.000000202
6.525202684948881 1.3329998511885304 0.3058557517184651 1620000.000000202
6.525202684948881 1.3329998511885304 0.3058557517184651 1620000.000000202
6.525202684948881 1.3329998511885304 0.3058557517184651 1620000.000000202
6.525202684948881 1.3329998511885304 0.3058557517184651 1620000.000000202
6.525202684948881 1.3329998511885304 0.3058557517184651 1620000.000000202
6.525202684948881 1.3329998511885304 0.3058557517184651 1620000.000000202
6.525202684948881 1.3329998511885304 0.3058557517184651 1620000.000000202
6.525202684948881 1.3329998511885304 0.3058557517184651 1620000.000000202
6.525202684948881 1.3329998511885304 0.3058557517184651 1620000.000000202
6.525202684948881 1.3329998511885304 0.3058557517184651 1620000.000000202
6.525202684948881 1.3329998511885304 0.3058557517184651 1620000.000000202
6.525202684948881 1.3329998511885304 0.3058557517184651 1620000.000000202
6.525202684948881 1.3329998511885304 0.3058557517184651 1620000.000000202
6.525202684948881 1.3329998511885304 0.3058557517184651 1620000.000000202
6.525202684948881 1.3329998511885304 0.3058557517184651 1620000.000000202
6.525202684948881 1.3329998511885304 0.3058557517184651 1620000.000000202
6.525202684948881 1.3329998511885304 0.3058557517184651 1620000.000000202
6.525202684948881 1.3329998511885304 0.3058557517184651 1620000.000000202
6.525202684948881 1.3329998511885304 0.3058557517184651 1620000.000000202
6.525202684948881 1.3329998511885304 0.3058557517184651 1620000.000000202
6.525202684948881 1.3329998511885304 0.3058557517184651 1620000.000000202
6.525202684948881 1.3329998511885304 0.3058557517184651 1620000.000000202
6.525202684948881 1.3329998511885304 0.3058557517184651 1620000.000000202
6.525202684948881 1.3329998511885304 0.3058557517184651 1620000.000000202
6.525202684948881 1.3329998511885304 0.3058557517184651 1620000.000000202
6.525202684948881 1.3329998511885304 0.3058557517184651 1620000.000000202
6.525202684948881 1.3329998511885304 0.3058557517184651 1620000.000000202
6.525202684948881 1.3329998511885304 0.3058557517184651 1620000.000000202
6.525202684948881 1.3329998511885304 0.3058557517184651 1620000.000000202
6.525202684948881 1.3329998511885304 0.3058557517184651 1620000.000000202
6.525202684948881 1.3329998511885304 0.3058557517184651 1620000.000000202
6.598639248931498 1.3622423296619945 0.31818249188592024 0.0 1,0,1 coil/filament1/filament2
6.64451075481295 1.3157411450558776 0.18334312136575517 1620000.000000202
6.571686556321598 1.2879024240097334 0.1654087486527998 1620000.000000202
6.571686556321598 1.2879024240097334 0.1654087486527998 1620000.000000202
6.571686556321598 1.2879024240097334 0.1654087486527998 1620000.000000202
6.571686556321598 1.2879024240097334 0.1654087486527998 1620000.000000202
6.571686556321598 1.2879024240097334 0.1654087486527998 1620000.000000202
6.571686556321598 1.2879024240097334 0.1654087486527998 1620000.000000202
6.571686556321598 1.2879024240097334 0.1654087486527998 1620000.000000202
6.571686556321598 1.2879024240097334 0.1654087486527998 1620000.000000202
6.571686556321598 1.2879024240097334 0.1654087486527998 1620000.000000202
6.571686556321598 1.2879024240097334 0.1654087486527998 1620000.000000202
6.571686556321598 1.2879024240097334 0.1654087486527998 1620000.000000202
6.571686556321598 1.2879024240097334 0.1654087486527998 1620000.000000202
6.571686556321598 1.2879024240097334 0.1654087486527998 1620000.000000202
6.571686556321598 1.2879024240097334 0.1654087486527998 1620000.000000202
6.571686556321598 1.2879024240097334 0.1654087486527998 1620000.000000202
6.571686556321598 1.2879024240097334 0.1654087486527998 1620000.000000202
6.571686556321598 1.2879024240097334 0.1654087486527998 1620000.000000202
6.571686556321598 1.2879024240097334 0.1654087486527998 1620000.000000202
6.571686556321598 1.2879024240097334 0.1654087486527998 1620000.000000202
6.571686556321598 1.2879024240097334 0.1654087486527998 1620000.000000202
6.571686556321598 1.2879024240097334 0.1654087486527998 1620000.000000202
6.571686556321598 1.2879024240097334 0.1654087486527998 1620000.000000202
6.571686556321598 1.2879024240097334 0.1654087486527998 1620000.000000202
6.571686556321598 1.2879024240097334 0.1654087486527998 1620000.000000202
6.571686556321598 1.2879024240097334 0.1654087486527998 1620000.000000202
6.571686556321598 1.2879024240097334 0.1654087486527998 1620000.000000202
6.571686556321598 1.2879024240097334 0.1654087486527998 1620000.000000202
6.571686556321598 1.2879024240097334 0.1654087486527998 1620000.000000202
6.571686556321598 1.2879024240097334 0.1654087486527998 1620000.000000202
6.571686556321598 1.2879024240097334 0.1654087486527998 1620000.000000202
6.571686556321598 1.2879024240097334 0.1654087486527998 1620000.000000202
6.571686556321598 1.2879024240097334 0.1654087486527998 1620000.000000202
6.571686556321598 1.2879024240097334 0.1654087486527998 1620000.000000202
6.571686556321598 1.2879024240097334 0.1654087486527998 1620000.000000202
6.571686556321598 1.2879024240097334 0.1654087486527998 1620000.000000202
6.571686556321598 1.2879024240097334 0.1654087486527998 1620000.000000202
6.571686556321598 1.2879024240097334 0.1654087486527998 1620000.000000202
6.571686556321598 1.2879024240097334 0.1654087486527998 1620000.000000202
6.571686556321598 1.2879024240097334 0.1654087486527998 1620000.000000202
6.571686556321598 1.2879024240097334 0.1654087486527998 1620000.000000202
6.571686556321598 1.2879024240097334 0.1654087486527998 1620000.000000202
6.571686556321598 1.2879024240097334 0.1654087486527998 1620000.000000202
6.571686556321598 1.2879024240097334 0.1654087486527998 1620000.000000202
6.571686556321598 1.2879024240097334 0.1654087486527998 1620000.000000202
6.571686556321598 1.2879024240097334 0.1654087486527998 1620000.000000202
6.571686556321598 1.2879024240097334 0.1654087486527998 1620000.000000202
6.571686556321598 1.2879024240097334 0.1654087486527998 1620000.000000202
6.571686556321598 1.2879024240097334 0.1654087486527998 1620000.000000202
6.571686556321598 1.2879024240097334 0.1654087486527998 1620000.000000202
6.571686556321598 1.2879024240097334 0.1654087486527998 1620000.000000202
6.571686556321598 1.2879024240097334 0.1654087486527998 1620000.000000202
6.571686556321598 1.2879024240097334 0.1654087486527998 1620000.000000202
6.571686556321598 1.2879024240097334 0.1654087486527998 1620000.000000202
6.571686556321598 1.2879024240097334 0.1654087486527998 1620000.000000202
6.571686556321598 1.2879024240097334 0.1654087486527998 1620000.000000202
6.571686556321598 1.2879024240097334 0.1654087486527998 1620000.000000202
6.571686556321598 1.2879024240097334 0.1654087486527998 1620000.000000202
6.571686556321598 1.2879024240097334 0.1654087486527998 1620000.000000202
6.571686556321598 1.2879024240097334 0.1654087486527998 1620000.000000202
6.571686556321598 1.2879024240097334 0.1654087486527998 1620000.000000202
6.571686556321598 1.2879024240097334 0.1654087486527998 1620000.000000202
6.571686556321598 1.2879024240097334 0.1654087486527998 1620000.000000202
6.571686556321598 1.2879024240097334 0.1654087486527998 1620000.000000202
6.64451075481295 1.3157411450558776 0.18334312136575517 0.0 1,1,0 coil/filament1/filament2
6.629547036664559 1.2892886580538931 0.3071158548020832 1620000.000000202
6.556110472681942 1.260046179580429 0.29478911463462804 1620000.000000202
6.556110472681942 1.260046179580429 0.29478911463462804 1620000.000000202
6.556110472681942 1.260046179580429 0.29478911463462804 1620000.000000202
6.556110472681942 1.260046179580429 0.29478911463462804 1620000.000000202
6.556110472681942 1.260046179580429 0.29478911463462804 1620000.000000202
6.556110472681942 1.260046179580429 0.29478911463462804 1620000.000000202
6.556110472681942 1.260046179580429 0.29478911463462804 1620000.000000202
6.556110472681942 1.260046179580429 0.29478911463462804 1620000.000000202
6.556110472681942 1.260046179580429 0.29478911463462804 1620000.000000202
6.556110472681942 1.260046179580429 0.29478911463462804 1620000.000000202
6.556110472681942 1.260046179580429 0.29478911463462804 1620000.000000202
6.556110472681942 1.260046179580429 0.29478911463462804 1620000.000000202
6.556110472681942 1.260046179580429 0.29478911463462804 1620000.000000202
6.556110472681942 1.260046179580429 0.29478911463462804 1620000.000000202
6.556110472681942 1.260046179580429 0.29478911463462804 1620000.000000202
6.556110472681942 1.260046179580429 0.29478911463462804 1620000.000000202
6.556110472681942 1.260046179580429 0.29478911463462804 1620000.000000202
6.556110472681942 1.260046179580429 0.29478911463462804 1620000.000000202
6.556110472681942 1.260046179580429 0.29478911463462804 1620000.000000202
6.556110472681942 1.260046179580429 0.29478911463462804 1620000.000000202
6.556110472681942 1.260046179580429 0.29478911463462804 1620000.000000202
6.556110472681942 1.260046179580429 0.29478911463462804 1620000.000000202
6.556110472681942 1.260046179580429 0.29478911463462804 1620000.000000202
6.556110472681942 1.260046179580429 0.29478911463462804 1620000.000000202
6.556110472681942 1.260046179580429 0.29478911463462804 1620000.000000202
6.556110472681942 1.260046179580429 0.29478911463462804 1620000.000000202
6.556110472681942 1.260046179580429 0.29478911463462804 1620000.000000202
6.556110472681942 1.260046179580429 0.29478911463462804 1620000.000000202
6.556110472681942 1.260046179580429 0.29478911463462804 1620000.000000202
6.556110472681942 1.260046179580429 0.29478911463462804 1620000.000000202
6.556110472681942 1.260046179580429 0.29478911463462804 1620000.000000202
6.556110472681942 1.260046179580429 0.29478911463462804 1620000.000000202
6.556110472681942 1.260046179580429 0.29478911463462804 1620000.000000202
6.556110472681942 1.260046179580429 0.29478911463462804 1620000.000000202
6.556110472681942 1.260046179580429 0.29478911463462804 1620000.000000202
6.556110472681942 1.260046179580429 0.29478911463462804 1620000.000000202
6.556110472681942 1.260046179580429 0.29478911463462804 1620000.000000202
6.556110472681942 1.260046179580429 0.29478911463462804 1620000.000000202
6.556110472681942 1.260046179580429 0.29478911463462804 1620000.000000202
6.556110472681942 1.260046179580429 0.29478911463462804 1620000.000000202
6.556110472681942 1.260046179580429 0.29478911463462804 1620000.000000202
6.556110472681942 1.260046179580429 0.29478911463462804 1620000.000000202
6.556110472681942 1.260046179580429 0.29478911463462804 1620000.000000202
6.556110472681942 1.260046179580429 0.29478911463462804 1620000.000000202
6.556110472681942 1.260046179580429 0.29478911463462804 1620000.000000202
6.556110472681942 1.260046179580429 0.29478911463462804 1620000.000000202
6.556110472681942 1.260046179580429 0.29478911463462804 1620000.000000202
6.556110472681942 1.260046179580429 0.29478911463462804 1620000.000000202
6.556110472681942 1.260046179580429 0.29478911463462804 1620000.000000202
6.556110472681942 1.260046179580429 0.29478911463462804 1620000.000000202
6.556110472681942 1.260046179580429 0.29478911463462804 1620000.000000202
6.556110472681942 1.260046179580429 0.29478911463462804 1620000.000000202
6.556110472681942 1.260046179580429 0.29478911463462804 1620000.000000202
6.556110472681942 1.260046179580429 0.29478911463462804 1620000.000000202
6.556110472681942 1.260046179580429 0.29478911463462804 1620000.000000202
6.556110472681942 1.260046179580429 0.29478911463462804 1620000.000000202
6.556110472681942 1.260046179580429 0.29478911463462804 1620000.000000202
6.556110472681942 1.260046179580429 0.29478911463462804 1620000.000000202
6.556110472681942 1.260046179580429 0.29478911463462804 1620000.000000202
6.556110472681942 1.260046179580429 0.29478911463462804 1620000.000000202
6.556110472681942 1.260046179580429 0.29478911463462804 1620000.000000202
6.556110472681942 1.260046179580429 0.29478911463462804 1620000.000000202
6.556110472681942 1.260046179580429 0.29478911463462804 1620000.000000202
6.629547036664559 1.2892886580538931 0.3071158548020832 0.0 1,1,1 coil/filament1/filament2
6.295829538699259 2.2315713499888803 0.26830440077235684 1620000.0000000114
6.230804359149431 2.1867235242683645 0.2556395457532543 1620000.0000000114
6.230804359149431 2.1867235242683645 0.2556395457532543 1620000.0000000114
6.230804359149431 2.1867235242683645 0.2556395457532543 1620000.0000000114
6.230804359149431 2.1867235242683645 0.2556395457532543 1620000.0000000114
6.230804359149431 2.1867235242683645 0.2556395457532543 1620000.0000000114
6.230804359149431 2.1867235242683645 0.2556395457532543 1620000.0000000114
6.230804359149431 2.1867235242683645 0.2556395457532543 1620000.0000000114
6.230804359149431 2.1867235242683645 0.2556395457532543 1620000.0000000114
6.230804359149431 2.1867235242683645 0.2556395457532543 1620000.0000000114
6.230804359149431 2.1867235242683645 0.2556395457532543 1620000.0000000114
6.230804359149431 2.1867235242683645 0.2556395457532543 1620000.0000000114
6.230804359149431 2.1867235242683645 0.2556395457532543 1620000.0000000114
6.230804359149431 2.1867235242683645 0.2556395457532543 1620000.0000000114
6.230804359149431 2.1867235242683645 0.2556395457532543 1620000.0000000114
6.230804359149431 2.1867235242683645 0.2556395457532543 1620000.0000000114
6.230804359149431 2.1867235242683645 0.2556395457532543 1620000.0000000114
6.230804359149431 2.1867235242683645 0.2556395457532543 1620000.0000000114
6.230804359149431 2.1867235242683645 0.2556395457532543 1620000.0000000114
6.230804359149431 2.1867235242683645 0.2556395457532543 1620000.0000000114
6.230804359149431 2.1867235242683645 0.2556395457532543 1620000.0000000114
6.230804359149431 2.1867235242683645 0.2556395457532543 1620000.0000000114
6.230804359149431 2.1867235242683645 0.2556395457532543 1620000.0000000114
6.230804359149431 2.1867235242683645 0.2556395457532543 1620000.0000000114
6.230804359149431 2.1867235242683645 0.2556395457532543 1620000.0000000114
6.230804359149431 2.1867235242683645 0.2556395457532543 1620000.0000000114
6.230804359149431 2.1867235242683645 0.2556395457532543 1620000.0000000114
6.230804359149431 2.1867235242683645 0.2556395457532543 1620000.0000000114
6.230804359149431 2.1867235242683645 0.2556395457532543 1620000.0000000114
6.230804359149431 2.1867235242683645 0.2556395457532543 1620000.0000000114
6.230804359149431 2.1867235242683645 0.2556395457532543 1620000.0000000114
6.230804359149431 2.1867235242683645 0.2556395457532543 1620000.0000000114
6.230804359149431 2.1867235242683645 0.2556395457532543 1620000.0000000114
6.230804359149431 2.1867235242683645 0.2556395457532543 1620000.0000000114
6.230804359149431 2.1867235242683645 0.2556395457532543 1620000.0000000114
6.230804359149431 2.1867235242683645 0.2556395457532543 1620000.0000000114
6.230804359149431 2.1867235242683645 0.2556395457532543 1620000.0000000114
6.230804359149431 2.1867235242683645 0.2556395457532543 1620000.0000000114
6.230804359149431 2.1867235242683645 0.2556395457532543 1620000.0000000114
6.230804359149431 2.1867235242683645 0.2556395457532543 1620000.0000000114
6.230804359149431 2.1867235242683645 0.2556395457532543 1620000.0000000114
6.230804359149431 2.1867235242683645 0.2556395457532543 1620000.0000000114
6.230804359149431 2.1867235242683645 0.2556395457532543 1620000.0000000114
6.230804359149431 2.1867235242683645 0.2556395457532543 1620000.0000000114
6.230804359149431 2.1867235242683645 0.2556395457532543 1620000.0000000114
6.230804359149431 2.1867235242683645 0.2556395457532543 1620000.0000000114
6.230804359149431 2.1867235242683645 0.2556395457532543 1620000.0000000114
6.230804359149431 2.1867235242683645 0.2556395457532543 1620000.0000000114
6.230804359149431 2.1867235242683645 0.2556395457532543 1620000.0000000114
6.230804359149431 2.1867235242683645 0.2556395457532543 1620000.0000000114
6.230804359149431 2.1867235242683645 0.2556395457532543 1620000.0000000114
6.230804359149431 2.1867235242683645 0.2556395457532543 1620000.0000000114
6.230804359149431 2.1867235242683645 0.2556395457532543 1620000.0000000114
6.230804359149431 2.1867235242683645 0.2556395457532543 1620000.0000000114
6.230804359149431 2.1867235242683645 0.2556395457532543 1620000.0000000114
6.230804359149431 2.1867235242683645 0.2556395457532543 1620000.0000000114
6.230804359149431 2.1867235242683645 0.2556395457532543 1620000.0000000114
6.230804359149431 2.1867235242683645 0.2556395457532543 1620000.0000000114
6.230804359149431 2.1867235242683645 0.2556395457532543 1620000.0000000114
6.230804359149431 2.1867235242683645 0.2556395457532543 1620000.0000000114
6.230804359149431 2.1867235242683645 0.2556395457532543 1620000.0000000114
6.230804359149431 2.1867235242683645 0.2556395457532543 1620000.0000000114
6.230804359149431 2.1867235242683645 0.2556395457532543 1620000.0000000114
6.230804359149431 2.1867235242683645 0.2556395457532543 1620000.0000000114
6.295829538699259 2.2315713499888803 0.26830440077235684 0.0 2,0,0 coil/filament1/filament2
6.253525708497063 2.246992843415545 0.40763998994676354 1620000.0000000114
6.189469512965292 2.202321553774038 0.390282579547735 1620000.0000000114
6.189469512965292 2.202321553774038 0.390282579547735 1620000.0000000114
6.189469512965292 2.202321553774038 0.390282579547735 1620000.0000000114
6.189469512965292 2.202321553774038 0.390282579547735 1620000.0000000114
6.189469512965292 2.202321553774038 0.390282579547735 1620000.0000000114
6.189469512965292 2.202321553774038 0.390282579547735 1620000.0000000114
6.189469512965292 2.202321553774038 0.390282579547735 1620000.0000000114
6.189469512965292 2.202321553774038 0.390282579547735 1620000.0000000114
6.189469512965292 2.202321553774038 0.390282579547735 1620000.0000000114
6.189469512965292 2.202321553774038 0.390282579547735 1620000.0000000114
6.189469512965292 2.202321553774038 0.390282579547735 1620000.0000000114
6.189469512965292 2.202321553774038 0.390282579547735 1620000.0000000114
6.189469512965292 2.202321553774038 0.390282579547735 1620000.0000000114
6.189469512965292 2.202321553774038 0.390282579547735 1620000.0000000114
6.189469512965292 2.202321553774038 0.390282579547735 1620000.0000000114
6.189469512965292 2.202321553774038 0.390282579547735 1620000.0000000114
6.189469512965292 2.202321553774038 0.390282579547735 1620000.0000000114
6.189469512965292 2.202321553774038 0.390282579547735 1620000.0000000114
6.189469512965292 2.202321553774038 0.390282579547735 1620000.0000000114
6.189469512965292 2.202321553774038 0.390282579547735 1620000.0000000114
6.189469512965292 2.202321553774038 0.390282579547735 1620000.0000000114
6.189469512965292 2.202321553774038 0.390282579547735 1620000.0000000114
6.189469512965292 2.202321553774038 0.390282579547735 1620000.0000000114
6.189469512965292 2.202321553774038 0.390282579547735 1620000.0000000114
6.189469512965292 2.202321553774038 0.390282579547735 1620000.0000000114
6.189469512965292 2.202321553774038 0.390282579547735 1620000.0000000114
6.189469512965292 2.202321553774038 0.390282579547735 1620000.0000000114
6.189469512965292 2.202321553774038 0.390282579547735 1620000.0000000114
6.189469512965292 2.202321553774038 0.390282579547735 1620000.0000000114
6.189469512965292 2.202321553774038 0.390282579547735 1620000.0000000114
6.189469512965292 2.202321553774038 0.390282579547735 1620000.0000000114
6.189469512965292 2.202321553774038 0.390282579547735 1620000.0000000114
6.189469512965292 2.202321553774038 0.390282579547735 1620000.0000000114
6.189469512965292 2.202321553774038 0.390282579547735 1620000.0000000114
6.189469512965292 2.202321553774038 0.390282579547735 1620000.0000000114
6.189469512965292 2.202321553774038 0.390282579547735 1620000.0000000114
6.189469512965292 2.202321553774038 0.390282579547735 1620000.0000000114
6.189469512965292 2.202321553774038 0.390282579547735 1620000.0000000114
6.189469512965292 2.202321553774038 0.390282579547735 1620000.0000000114
6.189469512965292 2.202321553774038 0.390282579547735 1620000.0000000114
6.189469512965292 2.202321553774038 0.390282579547735 1620000.0000000114
6.189469512965292 2.202321553774038 0.390282579547735 1620000.0000000114
6.189469512965292 2.202321553774038 0.390282579547735 1620000.0000000114
6.189469512965292 2.202321553774038 0.390282579547735 1620000.0000000114
6.189469512965292 2.202321553774038 0.390282579547735 1620000.0000000114
6.189469512965292 2.202321553774038 0.390282579547735 1620000.0000000114
6.189469512965292 2.202321553774038 0.390282579547735 1620000.0000000114
6.189469512965292 2.202321553774038 0.390282579547735 1620000.0000000114
6.189469512965292 2.202321553774038 0.390282579547735 1620000.0000000114
6.189469512965292 2.202321553774038 0.390282579547735 1620000.0000000114
6.189469512965292 2.202321553774038 0.390282579547735 1620000.0000000114
6.189469512965292 2.202321553774038 0.390282579547735 1620000.0000000114
6.189469512965292 2.202321553774038 0.390282579547735 1620000.0000000114
6.189469512965292 2.202321553774038 0.390282579547735 1620000.0000000114
6.189469512965292 2.202321553774038 0.390282579547735 1620000.0000000114
6.189469512965292 2.202321553774038 0.390282579547735 1620000.0000000114
6.189469512965292 2.202321553774038 0.390282579547735 1620000.0000000114
6.189469512965292 2.202321553774038 0.390282579547735 1620000.0000000114
6.189469512965292 2.202321553774038 0.390282579547735 1620000.0000000114
6.189469512965292 2.202321553774038 0.390282579547735 1620000.0000000114
6.189469512965292 2.202321553774038 0.390282579547735 1620000.0000000114
6.189469512965292 2.202321553774038 0.390282579547735 1620000.0000000114
6.189469512965292 2.202321553774038 0.390282579547735 1620000.0000000114
6.253525708497063 2.246992843415545 0.40763998994676354 0.0 2,0,1 coil/filament1/filament2
6.3363059211916735 2.1664440947438237 0.291110169441117 1620000.0000000114
6.271280741641846 2.121596269023308 0.2784453144220145 1620000.0000000114
6.271280741641846 2.121596269023308 0.2784453144220145 1620000.0000000114
6.271280741641846 2.121596269023308 0.2784453144220145 1620000.0000000114
6.271280741641846 2.121596269023308 0.2784453144220145 1620000.0000000114
6.271280741641846 2.121596269023308 0.2784453144220145 1620000.0000000114
6.271280741641846 2.121596269023308 0.2784453144220145 1620000.0000000114
6.271280741641846 2.121596269023308 0.2784453144220145 1620000.0000000114
6.271280741641846 2.121596269023308 0.2784453144220145 1620000.0000000114
6.271280741641846 2.121596269023308 0.2784453144220145 1620000.0000000114
6.271280741641846 2.121596269023308 0.2784453144220145 1620000.0000000114
6.271280741641846 2.121596269023308 0.2784453144220145 1620000.0000000114
6.271280741641846 2.121596269023308 0.2784453144220145 1620000.0000000114
6.271280741641846 2.121596269023308 0.2784453144220145 1620000.0000000114
6.271280741641846 2.121596269023308 0.2784453144220145 1620000.0000000114
6.271280741641846 2.121596269023308 0.2784453144220145 1620000.0000000114
6.271280741641846 2.121596269023308 0.2784453144220145 1620000.0000000114
6.271280741641846 2.121596269023308 0.2784453144220145 1620000.0000000114
6.271280741641846 2.121596269023308 0.2784453144220145 1620000.0000000114
6.271280741641846 2.121596269023308 0.2784453144220145 1620000.0000000114
6.271280741641846 2.121596269023308 0.2784453144220145 1620000.0000000114
6.271280741641846 2.121596269023308 0.2784453144220145 1620000.0000000114
6.271280741641846 2.121596269023308 0.2784453144220145 1620000.0000000114
6.271280741641846 2.121596269023308 0.2784453144220145 1620000.0000000114
6.271280741641846 2.121596269023308 0.2784453144220145 1620000.0000000114
6.271280741641846 2.121596269023308 0.2784453144220145 1620000.0000000114
6.271280741641846 2.121596269023308 0.2784453144220145 1620000.0000000114
6.271280741641846 2.121596269023308 0.2784453144220145 1620000.0000000114
6.271280741641846 2.121596269023308 0.2784453144220145 1620000.0000000114
6.271280741641846 2.121596269023308 0.2784453144220145 1620000.0000000114
6.271280741641846 2.121596269023308 0.2784453144220145 1620000.0000000114
6.271280741641846 2.121596269023308 0.2784453144220145 1620000.0000000114
6.271280741641846 2.121596269023308 0.2784453144220145 1620000.0000000114
6.271280741641846 2.121596269023308 0.2784453144220145 1620000.0000000114
6.271280741641846 2.121596269023308 0.2784453144220145 1620000.0000000114
6.271280741641846 2.121596269023308 0.2784453144220145 1620000.0000000114
6.271280741641846 2.121596269023308 0.2784453144220145 1620000.0000000114
6.271280741641846 2.121596269023308 0.2784453144220145 1620000.0000000114
6.271280741641846 2.121596269023308 0.2784453144220145 1620000.0000000114
6.271280741641846 2.121596269023308 0.2784453144220145 1620000.0000000114
6.271280741641846 2.121596269023308 0.2784453144220145 1620000.0000000114
6.271280741641846 2.121596269023308 0.2784453144220145 1620000.0000000114
6.271280741641846 2.121596269023308 0.2784453144220145 1620000.0000000114
6.271280741641846 2.121596269023308 0.2784453144220145 1620000.0000000114
6.271280741641846 2.121596269023308 0.2784453144220145 1620000.0000000114
6.271280741641846 2.121596269023308 0.2784453144220145 1620000.0000000114
6.271280741641846 2.121596269023308 0.2784453144220145 1620000.0000000114
6.271280741641846 2.121596269023308 0.2784453144220145 1620000.0000000114
6.271280741641846 2.121596269023308 0.2784453144220145 1620000.0000000114
6.271280741641846 2.121596269023308 0.2784453144220145 1620000.0000000114
6.271280741641846 2.121596269023308 0.2784453144220145 1620000.0000000114
6.271280741641846 2.121596269023308 0.2784453144220145 1620000.0000000114
6.271280741641846 2.121596269023308 0.2784453144220145 1620000.0000000114
6.271280741641846 2.121596269023308 0.2784453144220145 1620000.0000000114
6.271280741641846 2.121596269023308 0.2784453144220145 1620000.0000000114
6.271280741641846 2.121596269023308 0.2784453144220145 1620000.0000000114
6.271280741641846 2.121596269023308 0.2784453144220145 1620000.0000000114
6.271280741641846 2.121596269023308 0.2784453144220145 1620000.0000000114
6.271280741641846 2.121596269023308 0.2784453144220145 1620000.0000000114
6.271280741641846 2.121596269023308 0.2784453144220145 1620000.0000000114
6.271280741641846 2.121596269023308 0.2784453144220145 1620000.0000000114
6.271280741641846 2.121596269023308 0.2784453144220145 1620000.0000000114
6.271280741641846 2.121596269023308 0.2784453144220145 1620000.0000000114
6.271280741641846 2.121596269023308 0.2784453144220145 1620000.0000000114
6.3363059211916735 2.1664440947438237 0.291110169441117 0.0 2,1,0 coil/filament1/filament2
6.295220359141666 2.18076164847426 0.42422265934206754 1620000.0000000114
6.231164163609896 2.136090358832753 0.406865248943039 1620000.0000000114
6.231164163609896 2.136090358832753 0.406865248943039 1620000.0000000114
6.231164163609896 2.136090358832753 0.406865248943039 1620000.0000000114
6.231164163609896 2.136090358832753 0.406865248943039 1620000.0000000114
6.231164163609896 2.136090358832753 0.406865248943039 1620000.0000000114
6.231164163609896 2.136090358832753 0.406865248943039 1620000.0000000114
6.231164163609896 2.136090358832753 0.406865248943039 1620000.0000000114
6.231164163609896 2.136090358832753 0.406865248943039 1620000.0000000114
6.231164163609896 2.136090358832753 0.406865248943039 1620000.0000000114
6.231164163609896 2.136090358832753 0.406865248943039 1620000.0000000114
6.231164163609896 2.136090358832753 0.406865248943039 1620000.0000000114
6.231164163609896 2.136090358832753 0.406865248943039 1620000.0000000114
6.231164163609896 2.136090358832753 0.406865248943039 1620000.0000000114
6.231164163609896 2.136090358832753 0.406865248943039 1620000.0000000114
6.231164163609896 2.136090358832753 0.406865248943039 1620000.0000000114
6.231164163609896 2.136090358832753 0.406865248943039 1620000.0000000114
6.231164163609896 2.136090358832753 0.406865248943039 1620000.0000000114
6.231164163609896 2.136090358832753 0.406865248943039 1620000.0000000114
6.231164163609896 2.136090358832753 0.406865248943039 1620000.0000000114
6.231164163609896 2.136090358832753 0.406865248943039 1620000.0000000114
6.231164163609896 2.136090358832753 0.406865248943039 1620000.0000000114
6.231164163609896 2.136090358832753 0.406865248943039 1620000.0000000114
6.231164163609896 2.136090358832753 0.406865248943039 1620000.0000000114
6.231164163609896 2.136090358832753 0.406865248943039 1620000.0000000114
6.231164163609896 2.136090358832753 0.406865248943039 1620000.0000000114
6.231164163609896 2.136090358832753 0.406865248943039 1620000.0000000114
6.231164163609896 2.136090358832753 0.406865248943039 1620000.0000000114
6.231164163609896 2.136090358832753 0.406865248943039 1620000.0000000114
6.231164163609896 2.136090358832753 0.406865248943039 1620000.0000000114
6.231164163609896 2.136090358832753 0.406865248943039 1620000.0000000114
6.231164163609896 2.136090358832753 0.406865248943039 1620000.0000000114
6.231164163609896 2.136090358832753 0.406865248943039 1620000.0000000114
6.231164163609896 2.136090358832753 0.406865248943039 1620000.0000000114
6.231164163609896 2.136090358832753 0.406865248943039 1620000.0000000114
6.231164163609896 2.136090358832753 0.406865248943039 1620000.0000000114
6.231164163609896 2.136090358832753 0.406865248943039 1620000.0000000114
6.231164163609896 2.136090358832753 0.406865248943039 1620000.0000000114
6.231164163609896 2.136090358832753 0.406865248943039 1620000.0000000114
6.231164163609896 2.136090358832753 0.406865248943039 1620000.0000000114
6.231164163609896 2.136090358832753 0.406865248943039 1620000.0000000114
6.231164163609896 2.136090358832753 0.406865248943039 1620000.0000000114
6.231164163609896 2.136090358832753 0.406865248943039 1620000.0000000114
6.231164163609896 2.136090358832753 0.406865248943039 1620000.0000000114
6.231164163609896 2.136090358832753 0.406865248943039 1620000.0000000114
6.231164163609896 2.136090358832753 0.406865248943039 1620000.0000000114
6.231164163609896 2.136090358832753 0.406865248943039 1620000.0000000114
6.231164163609896 2.136090358832753 0.406865248943039 1620000.0000000114
6.231164163609896 2.136090358832753 0.406865248943039 1620000.0000000114
6.231164163609896 2.136090358832753 0.406865248943039 1620000.0000000114
6.231164163609896 2.136090358832753 0.406865248943039 1620000.0000000114
6.231164163609896 2.136090358832753 0.406865248943039 1620000.0000000114
6.231164163609896 2.136090358832753 0.406865248943039 1620000.0000000114
6.231164163609896 2.136090358832753 0.406865248943039 1620000.0000000114
6.231164163609896 2.136090358832753 0.406865248943039 1620000.0000000114
6.231164163609896 2.136090358832753 0.406865248943039 1620000.0000000114
6.231164163609896 2.136090358832753 0.406865248943039 1620000.0000000114
6.231164163609896 2.136090358832753 0.406865248943039 1620000.0000000114
6.231164163609896 2.136090358832753 0.406865248943039 1620000.0000000114
6.231164163609896 2.136090358832753 0.406865248943039 1620000.0000000114
6.231164163609896 2.136090358832753 0.406865248943039 1620000.0000000114
6.231164163609896 2.136090358832753 0.406865248943039 1620000.0000000114
6.231164163609896 2.136090358832753 0.406865248943039 1620000.0000000114
6.231164163609896 2.136090358832753 0.406865248943039 1620000.0000000114
6.295220359141666 2.18076164847426 0.42422265934206754 0.0 2,1,1 coil/filament1/filament2
6.147726351649516 2.6828557362539356 -0.013464558591178767 1619999.9999998205
6.080375436871786 2.644405562178921 -0.03309714355098474 1619999.9999998205
6.080375436871786 2.644405562178921 -0.03309714355098474 1619999.9999998205
6.080375436871786 2.644405562178921 -0.03309714355098474 1619999.9999998205
6.080375436871786 2.644405562178921 -0.03309714355098474 1619999.9999998205
6.080375436871786 2.644405562178921 -0.03309714355098474 1619999.9999998205
6.080375436871786 2.644405562178921 -0.03309714355098474 1619999.9999998205
6.080375436871786 2.644405562178921 -0.03309714355098474 1619999.9999998205
6.080375436871786 2.644405562178921 -0.03309714355098474 1619999.9999998205
6.080375436871786 2.644405562178921 -0.03309714355098474 1619999.9999998205
6.080375436871786 2.644405562178921 -0.03309714355098474 1619999.9999998205
6.080375436871786 2.644405562178921 -0.03309714355098474 1619999.9999998205
6.080375436871786 2.644405562178921 -0.03309714355098474 1619999.9999998205
6.080375436871786 2.644405562178921 -0.03309714355098474 1619999.9999998205
6.080375436871786 2.644405562178921 -0.03309714355098474 1619999.9999998205
6.080375436871786 2.644405562178921 -0.03309714355098474 1619999.9999998205
6.080375436871786 2.644405562178921 -0.03309714355098474 1619999.9999998205
6.080375436871786 2.644405562178921 -0.03309714355098474 1619999.9999998205
6.080375436871786 2.644405562178921 -0.03309714355098474 1619999.9999998205
6.080375436871786 2.644405562178921 -0.03309714355098474 1619999.9999998205
6.080375436871786 2.644405562178921 -0.03309714355098474 1619999.9999998205
6.080375436871786 2.644405562178921 -0.03309714355098474 1619999.9999998205
6.080375436871786 2.644405562178921 -0.03309714355098474 1619999.9999998205
6.080375436871786 2.644405562178921 -0.03309714355098474 1619999.9999998205
6.080375436871786 2.644405562178921 -0.03309714355098474 1619999.9999998205
6.080375436871786 2.644405562178921 -0.03309714355098474 1619999.9999998205
6.080375436871786 2.644405562178921 -0.03309714355098474 1619999.9999998205
6.080375436871786 2.644405562178921 -0.03309714355098474 1619999.9999998205
6.080375436871786 2.644405562178921 -0.03309714355098474 1619999.9999998205
6.080375436871786 2.644405562178921 -0.03309714355098474 1619999.9999998205
6.080375436871786 2.644405562178921 -0.03309714355098474 1619999.9999998205
6.080375436871786 2.644405562178921 -0.03309714355098474 1619999.9999998205
6.080375436871786 2.644405562178921 -0.03309714355098474 1619999.9999998205
6.080375436871786 2.644405562178921 -0.03309714355098474 1619999.9999998205
6.080375436871786 2.644405562178921 -0.03309714355098474 1619999.9999998205
6.080375436871786 2.644405562178921 -0.03309714355098474 1619999.9999998205
6.080375436871786 2.644405562178921 -0.03309714355098474 1619999.9999998205
6.080375436871786 2.644405562178921 -0.03309714355098474 1619999.9999998205
6.080375436871786 2.644405562178921 -0.03309714355098474 1619999.9999998205
6.080375436871786 2.644405562178921 -0.03309714355098474 1619999.9999998205
6.080375436871786 2.644405562178921 -0.03309714355098474 1619999.9999998205
6.080375436871786 2.644405562178921 -0.03309714355098474 1619999.9999998205
6.080375436871786 2.644405562178921 -0.03309714355098474 1619999.9999998205
6.080375436871786 2.644405562178921 -0.03309714355098474 1619999.9999998205
6.080375436871786 2.644405562178921 -0.03309714355098474 1619999.9999998205
6.080375436871786 2.644405562178921 -0.03309714355098474 1619999.9999998205
6.080375436871786 2.644405562178921 -0.03309714355098474 1619999.9999998205
6.080375436871786 2.644405562178921 -0.03309714355098474 1619999.9999998205
6.080375436871786 2.644405562178921 -0.03309714355098474 1619999.9999998205
6.080375436871786 2.644405562178921 -0.03309714355098474 1619999.9999998205
6.080375436871786 2.644405562178921 -0.03309714355098474 1619999.9999998205
6.080375436871786 2.644405562178921 -0.03309714355098474 1619999.9999998205
6.080375436871786 2.644405562178921 -0.03309714355098474 1619999.9999998205
6.080375436871786 2.644405562178921 -0.03309714355098474 1619999.9999998205
6.080375436871786 2.644405562178921 -0.03309714355098474 1619999.9999998205
6.080375436871786 2.644405562178921 -0.03309714355098474 1619999.9999998205
6.080375436871786 2.644405562178921 -0.03309714355098474 1619999.9999998205
6.080375436871786 2.644405562178921 -0.03309714355098474 1619999.9999998205
6.080375436871786 2.644405562178921 -0.03309714355098474 1619999.9999998205
6.080375436871786 2.644405562178921 -0.03309714355098474 1619999.9999998205
6.080375436871786 2.644405562178921 -0.03309714355098474 1619999.9999998205
6.080375436871786 2.644405562178921 -0.03309714355098474 1619999.9999998205
6.080375436871786 2.644405562178921 -0.03309714355098474 1619999.9999998205
6.080375436871786 2.644405562178921 -0.03309714355098474 1619999.9999998205
6.147726351649516 2.6828557362539356 -0.013464558591178767 0.0 3,0,0 coil/filament1/filament2
6.050204993094926 2.733038152114681 0.18598407923638108 1619999.9999998205
5.985832743286275 2.691968676567801 0.1621196363793458 1619999.9999998205
5.985832743286275 2.691968676567801 0.1621196363793458 1619999.9999998205
5.985832743286275 2.691968676567801 0.1621196363793458 1619999.9999998205
5.985832743286275 2.691968676567801 0.1621196363793458 1619999.9999998205
5.985832743286275 2.691968676567801 0.1621196363793458 1619999.9999998205
5.985832743286275 2.691968676567801 0.1621196363793458 1619999.9999998205
5.985832743286275 2.691968676567801 0.1621196363793458 1619999.9999998205
5.985832743286275 2.691968676567801 0.1621196363793458 1619999.9999998205
5.985832743286275 2.691968676567801 0.1621196363793458 1619999.9999998205
5.985832743286275 2.691968676567801 0.1621196363793458 1619999.9999998205
5.985832743286275 2.691968676567801 0.1621196363793458 1619999.9999998205
5.985832743286275 2.691968676567801 0.1621196363793458 1619999.9999998205
5.985832743286275 2.691968676567801 0.1621196363793458 1619999.9999998205
5.985832743286275 2.691968676567801 0.1621196363793458 1619999.9999998205
5.985832743286275 2.691968676567801 0.1621196363793458 1619999.9999998205
5.985832743286275 2.691968676567801 0.1621196363793458 1619999.9999998205
5.985832743286275 2.691968676567801 0.1621196363793458 1619999.9999998205
5.985832743286275 2.691968676567801 0.1621196363793458 1619999.9999998205
5.985832743286275 2.691968676567801 0.1621196363793458 1619999.9999998205
5.985832743286275 2.691968676567801 0.1621196363793458 1619999.9999998205
5.985832743286275 2.691968676567801 0.1621196363793458 1619999.9999998205
5.985832743286275 2.691968676567801 0.1621196363793458 1619999.9999998205
5.985832743286275 2.691968676567801 0.1621196363793458 1619999.9999998205
5.985832743286275 2.691968676567801 0.1621196363793458 1619999.9999998205
5.985832743286275 2.691968676567801 0.1621196363793458 1619999.9999998205
5.985832743286275 2.691968676567801 0.1621196363793458 1619999.9999998205
5.985832743286275 2.691968676567801 0.1621196363793458 1619999.9999998205
5.985832743286275 2.691968676567801 0.1621196363793458 1619999.9999998205
5.985832743286275 2.691968676567801 0.1621196363793458 1619999.9999998205
5.985832743286275 2.691968676567801 0.1621196363793458 1619999.9999998205
5.985832743286275 2.691968676567801 0.1621196363793458 1619999.9999998205
5.985832743286275 2.691968676567801 0.1621196363793458 1619999.9999998205
5.985832743286275 2.691968676567801 0.1621196363793458 1619999.9999998205
5.985832743286275 2.691968676567801 0.1621196363793458 1619999.9999998205
5.985832743286275 2.691968676567801 0.1621196363793458 1619999.9999998205
5.985832743286275 2.691968676567801 0.1621196363793458 1619999.9999998205
5.985832743286275 2.691968676567801 0.1621196363793458 1619999.9999998205
5.985832743286275 2.691968676567801 0.1621196363793458 1619999.9999998205
5.985832743286275 2.691968676567801 0.1621196363793458 1619999.9999998205
5.985832743286275 2.691968676567801 0.1621196363793458 1619999.9999998205
5.985832743286275 2.691968676567801 0.1621196363793458 1619999.9999998205
5.985832743286275 2.691968676567801 0.1621196363793458 1619999.9999998205
5.985832743286275 2.691968676567801 0.1621196363793458 1619999.9999998205
5.985832743286275 2.691968676567801 0.1621196363793458 1619999.9999998205
5.985832743286275 2.691968676567801 0.1621196363793458 1619999.9999998205
5.985832743286275 2.691968676567801 0.1621196363793458 1619999.9999998205
5.985832743286275 2.691968676567801 0.1621196363793458 1619999.9999998205
5.985832743286275 2.691968676567801 0.1621196363793458 1619999.9999998205
5.985832743286275 2.691968676567801 0.1621196363793458 1619999.9999998205
5.985832743286275 2.691968676567801 0.1621196363793458 1619999.9999998205
5.985832743286275 2.691968676567801 0.1621196363793458 1619999.9999998205
5.985832743286275 2.691968676567801 0.1621196363793458 1619999.9999998205
5.985832743286275 2.691968676567801 0.1621196363793458 1619999.9999998205
5.985832743286275 2.691968676567801 0.1621196363793458 1619999.9999998205
5.985832743286275 2.691968676567801 0.1621196363793458 1619999.9999998205
5.985832743286275 2.691968676567801 0.1621196363793458 1619999.9999998205
5.985832743286275 2.691968676567801 0.1621196363793458 1619999.9999998205
5.985832743286275 2.691968676567801 0.1621196363793458 1619999.9999998205
5.985832743286275 2.691968676567801 0.1621196363793458 1619999.9999998205
5.985832743286275 2.691968676567801 0.1621196363793458 1619999.9999998205
5.985832743286275 2.691968676567801 0.1621196363793458 1619999.9999998205
5.985832743286275 2.691968676567801 0.1621196363793458 1619999.9999998205
5.985832743286275 2.691968676567801 0.1621196363793458 1619999.9999998205
6.050204993094926 2.733038152114681 0.18598407923638108 0.0 3,0,1 coil/filament1/filament2
6.178030805206581 2.614839431549462 0.015783046250173304 1619999.9999998205
6.110679890428851 2.5763892574744474 -0.0038495387096326716 1619999.9999998205
6.110679890428851 2.5763892574744474 -0.0038495387096326716 1619999.9999998205
6.110679890428851 2.5763892574744474 -0.0038495387096326716 1619999.9999998205
6.110679890428851 2.5763892574744474 -0.0038495387096326716 1619999.9999998205
6.110679890428851 2.5763892574744474 -0.0038495387096326716 1619999.9999998205
6.110679890428851 2.5763892574744474 -0.0038495387096326716 1619999.9999998205
6.110679890428851 2.5763892574744474 -0.0038495387096326716 1619999.9999998205
6.110679890428851 2.5763892574744474 -0.0038495387096326716 1619999.9999998205
6.110679890428851 2.5763892574744474 -0.0038495387096326716 1619999.9999998205
6.110679890428851 2.5763892574744474 -0.0038495387096326716 1619999.9999998205
6.110679890428851 2.5763892574744474 -0.0038495387096326716 1619999.9999998205
6.110679890428851 2.5763892574744474 -0.0038495387096326716 1619999.9999998205
6.110679890428851 2.5763892574744474 -0.0038495387096326716 1619999.9999998205
6.110679890428851 2.5763892574744474 -0.0038495387096326716 1619999.9999998205
6.110679890428851 2.5763892574744474 -0.0038495387096326716 1619999.9999998205
6.110679890428851 2.5763892574744474 -0.0038495387096326716 1619999.9999998205
6.110679890428851 2.5763892574744474 -0.0038495387096326716 1619999.9999998205
6.110679890428851 2.5763892574744474 -0.0038495387096326716 1619999.9999998205
6.110679890428851 2.5763892574744474 -0.0038495387096326716 1619999.9999998205
6.110679890428851 2.5763892574744474 -0.0038495387096326716 1619999.9999998205
6.110679890428851 2.5763892574744474 -0.0038495387096326716 1619999.9999998205
6.110679890428851 2.5763892574744474 -0.0038495387096326716 1619999.9999998205
6.110679890428851 2.5763892574744474 -0.0038495387096326716 1619999.9999998205
6.110679890428851 2.5763892574744474 -0.0038495387096326716 1619999.9999998205
6.110679890428851 2.5763892574744474 -0.0038495387096326716 1619999.9999998205
6.110679890428851 2.5763892574744474 -0.0038495387096326716 1619999.9999998205
6.110679890428851 2.5763892574744474 -0.0038495387096326716 1619999.9999998205
6.110679890428851 2.5763892574744474 -0.0038495387096326716 1619999.9999998205
6.110679890428851 2.5763892574744474 -0.0038495387096326716 1619999.9999998205
6.110679890428851 2.5763892574744474 -0.0038495387096326716 1619999.9999998205
6.110679890428851 2.5763892574744474 -0.0038495387096326716 1619999.9999998205
6.110679890428851 2.5763892574744474 -0.0038495387096326716 1619999.9999998205
6.110679890428851 2.5763892574744474 -0.0038495387096326716 1619999.9999998205
6.110679890428851 2.5763892574744474 -0.0038495387096326716 1619999.9999998205
6.110679890428851 2.5763892574744474 -0.0038495387096326716 1619999.9999998205
6.110679890428851 2.5763892574744474 -0.0038495387096326716 1619999.9999998205
6.110679890428851 2.5763892574744474 -0.0038495387096326716 1619999.9999998205
6.110679890428851 2.5763892574744474 -0.0038495387096326716 1619999.9999998205
6.110679890428851 2.5763892574744474 -0.0038495387096326716 1619999.9999998205
6.110679890428851 2.5763892574744474 -0.0038495387096326716 1619999.9999998205
6.110679890428851 2.5763892574744474 -0.0038495387096326716 1619999.9999998205
6.110679890428851 2.5763892574744474 -0.0038495387096326716 1619999.9999998205
6.110679890428851 2.5763892574744474 -0.0038495387096326716 1619999.9999998205
6.110679890428851 2.5763892574744474 -0.0038495387096326716 1619999.9999998205
6.110679890428851 2.5763892574744474 -0.0038495387096326716 1619999.9999998205
6.110679890428851 2.5763892574744474 -0.0038495387096326716 1619999.9999998205
6.110679890428851 2.5763892574744474 -0.0038495387096326716 1619999.9999998205
6.110679890428851 2.5763892574744474 -0.0038495387096326716 1619999.9999998205
6.110679890428851 2.5763892574744474 -0.0038495387096326716 1619999.9999998205
6.110679890428851 2.5763892574744474 -0.0038495387096326716 1619999.9999998205
6.110679890428851 2.5763892574744474 -0.0038495387096326716 1619999.9999998205
6.110679890428851 2.5763892574744474 -0.0038495387096326716 1619999.9999998205
6.110679890428851 2.5763892574744474 -0.0038495387096326716 1619999.9999998205
6.110679890428851 2.5763892574744474 -0.0038495387096326716 1619999.9999998205
6.110679890428851 2.5763892574744474 -0.0038495387096326716 1619999.9999998205
6.110679890428851 2.5763892574744474 -0.0038495387096326716 1619999.9999998205
6.110679890428851 2.5763892574744474 -0.0038495387096326716 1619999.9999998205
6.110679890428851 2.5763892574744474 -0.0038495387096326716 1619999.9999998205
6.110679890428851 2.5763892574744474 -0.0038495387096326716 1619999.9999998205
6.110679890428851 2.5763892574744474 -0.0038495387096326716 1619999.9999998205
6.110679890428851 2.5763892574744474 -0.0038495387096326716 1619999.9999998205
6.110679890428851 2.5763892574744474 -0.0038495387096326716 1619999.9999998205
6.110679890428851 2.5763892574744474 -0.0038495387096326716 1619999.9999998205
6.178030805206581 2.614839431549462 0.015783046250173304 0.0 3,1,0 coil/filament1/filament2
6.080338146727596 2.6666595489175355 0.2189366829232805 1619999.9999998205
6.015965896918944 2.6255900733706556 0.1950722400662452 1619999.9999998205
6.015965896918944 2.6255900733706556 0.1950722400662452 1619999.9999998205
6.015965896918944 2.6255900733706556 0.1950722400662452 1619999.9999998205
6.015965896918944 2.6255900733706556 0.1950722400662452 1619999.9999998205
6.015965896918944 2.6255900733706556 0.1950722400662452 1619999.9999998205
6.015965896918944 2.6255900733706556 0.1950722400662452 1619999.9999998205
6.015965896918944 2.6255900733706556 0.1950722400662452 1619999.9999998205
6.015965896918944 2.6255900733706556 0.1950722400662452 1619999.9999998205
6.015965896918944 2.6255900733706556 0.1950722400662452 1619999.9999998205
6.015965896918944 2.6255900733706556 0.1950722400662452 1619999.9999998205
6.015965896918944 2.6255900733706556 0.1950722400662452 1619999.9999998205
6.015965896918944 2.6255900733706556 0.1950722400662452 1619999.9999998205
6.015965896918944 2.6255900733706556 0.1950722400662452 1619999.9999998205
6.015965896918944 2.6255900733706556 0.1950722400662452 1619999.9999998205
6.015965896918944 2.6255900733706556 0.1950722400662452 1619999.9999998205
6.015965896918944 2.6255900733706556 0.1950722400662452 1619999.9999998205
6.015965896918944 2.6255900733706556 0.1950722400662452 1619999.9999998205
6.015965896918944 2.6255900733706556 0.1950722400662452 1619999.9999998205
6.015965896918944 2.6255900733706556 0.1950722400662452 1619999.9999998205
6.015965896918944 2.6255900733706556 0.1950722400662452 1619999.9999998205
6.015965896918944 2.6255900733706556 0.1950722400662452 1619999.9999998205
6.015965896918944 2.6255900733706556 0.1950722400662452 1619999.9999998205
6.015965896918944 2.6255900733706556 0.1950722400662452 1619999.9999998205
6.015965896918944 2.6255900733706556 0.1950722400662452 1619999.9999998205
6.015965896918944 2.6255900733706556 0.1950722400662452 1619999.9999998205
6.015965896918944 2.6255900733706556 0.1950722400662452 1619999.9999998205
6.015965896918944 2.6255900733706556 0.1950722400662452 1619999.9999998205
6.015965896918944 2.6255900733706556 0.1950722400662452 1619999.9999998205
6.015965896918944 2.6255900733706556 0.1950722400662452 1619999.9999998205
6.015965896918944 2.6255900733706556 0.1950722400662452 1619999.9999998205
6.015965896918944 2.6255900733706556 0.1950722400662452 1619999.9999998205
6.015965896918944 2.6255900733706556 0.1950722400662452 1619999.9999998205
6.015965896918944 2.6255900733706556 0.1950722400662452 1619999.9999998205
6.015965896918944 2.6255900733706556 0.1950722400662452 1619999.9999998205
6.015965896918944 2.6255900733706556 0.1950722400662452 1619999.9999998205
6.015965896918944 2.6255900733706556 0.1950722400662452 1619999.9999998205
6.015965896918944 2.6255900733706556 0.1950722400662452 1619999.9999998205
6.015965896918944 2.6255900733706556 0.1950722400662452 1619999.9999998205
6.015965896918944 2.6255900733706556 0.1950722400662452 1619999.9999998205
6.015965896918944 2.6255900733706556 0.1950722400662452 1619999.9999998205
6.015965896918944 2.6255900733706556 0.1950722400662452 1619999.9999998205
6.015965896918944 2.6255900733706556 0.1950722400662452 1619999.9999998205
6.015965896918944 2.6255900733706556 0.1950722400662452 1619999.9999998205
6.015965896918944 2.6255900733706556 0.1950722400662452 1619999.9999998205
6.015965896918944 2.6255900733706556 0.1950722400662452 1619999.9999998205
6.015965896918944 2.6255900733706556 0.1950722400662452 1619999.9999998205
6.015965896918944 2.6255900733706556 0.1950722400662452 1619999.9999998205
6.015965896918944 2.6255900733706556 0.1950722400662452 1619999.9999998205
6.015965896918944 2.6255900733706556 0.1950722400662452 1619999.9999998205
6.015965896918944 2.6255900733706556 0.1950722400662452 1619999.9999998205
6.015965896918944 2.6255900733706556 0.1950722400662452 1619999.9999998205
6.015965896918944 2.6255900733706556 0.1950722400662452 1619999.9999998205
6.015965896918944 2.6255900733706556 0.1950722400662452 1619999.9999998205
6.015965896918944 2.6255900733706556 0.1950722400662452 1619999.9999998205
6.015965896918944 2.6255900733706556 0.1950722400662452 1619999.9999998205
6.015965896918944 2.6255900733706556 0.1950722400662452 1619999.9999998205
6.015965896918944 2.6255900733706556 0.1950722400662452 1619999.9999998205
6.015965896918944 2.6255900733706556 0.1950722400662452 1619999.9999998205
6.015965896918944 2.6255900733706556 0.1950722400662452 1619999.9999998205
6.015965896918944 2.6255900733706556 0.1950722400662452 1619999.9999998205
6.015965896918944 2.6255900733706556 0.1950722400662452 1619999.9999998205
6.015965896918944 2.6255900733706556 0.1950722400662452 1619999.9999998205
6.015965896918944 2.6255900733706556 0.1950722400662452 1619999.9999998205
6.080338146727596 2.6666595489175355 0.2189366829232805 0.0 3,1,1 coil/filament1/filament2
5.776376383079555 3.3615912119873275 -0.013893292243325896 1619999.9999996934
5.703660271143284 3.3297137344944394 -0.004085464065683372 1619999.9999996934
5.703660271143284 3.3297137344944394 -0.004085464065683372 1619999.9999996934
5.703660271143284 3.3297137344944394 -0.004085464065683372 1619999.9999996934
5.703660271143284 3.3297137344944394 -0.004085464065683372 1619999.9999996934
5.703660271143284 3.3297137344944394 -0.004085464065683372 1619999.9999996934
5.703660271143284 3.3297137344944394 -0.004085464065683372 1619999.9999996934
5.703660271143284 3.3297137344944394 -0.004085464065683372 1619999.9999996934
5.703660271143284 3.3297137344944394 -0.004085464065683372 1619999.9999996934
5.703660271143284 3.3297137344944394 -0.004085464065683372 1619999.9999996934
5.703660271143284 3.3297137344944394 -0.004085464065683372 1619999.9999996934
5.703660271143284 3.3297137344944394 -0.004085464065683372 1619999.9999996934
5.703660271143284 3.3297137344944394 -0.004085464065683372 1619999.9999996934
5.703660271143284 3.3297137344944394 -0.004085464065683372 1619999.9999996934
5.703660271143284 3.3297137344944394 -0.004085464065683372 1619999.9999996934
5.703660271143284 3.3297137344944394 -0.004085464065683372 1619999.9999996934
5.703660271143284 3.3297137344944394 -0.004085464065683372 1619999.9999996934
5.703660271143284 3.3297137344944394 -0.004085464065683372 1619999.9999996934
5.703660271143284 3.3297137344944394 -0.004085464065683372 1619999.9999996934
5.703660271143284 3.3297137344944394 -0.004085464065683372 1619999.9999996934
5.703660271143284 3.3297137344944394 -0.004085464065683372 1619999.9999996934
5.703660271143284 3.3297137344944394 -0.004085464065683372 1619999.9999996934
5.703660271143284 3.3297137344944394 -0.004085464065683372 1619999.9999996934
5.703660271143284 3.3297137344944394 -0.004085464065683372 1619999.9999996934
5.703660271143284 3.3297137344944394 -0.004085464065683372 1619999.9999996934
5.703660271143284 3.3297137344944394 -0.004085464065683372 1619999.9999996934
5.703660271143284 3.3297137344944394 -0.004085464065683372 1619999.9999996934
5.703660271143284 3.3297137344944394 -0.004085464065683372 1619999.9999996934
5.703660271143284 3.3297137344944394 -0.004085464065683372 1619999.9999996934
5.703660271143284 3.3297137344944394 -0.004085464065683372 1619999.9999996934
5.703660271143284 3.3297137344944394 -0.004085464065683372 1619999.9999996934
5.703660271143284 3.3297137344944394 -0.004085464065683372 1619999.9999996934
5.703660271143284 3.3297137344944394 -0.004085464065683372 1619999.9999996934
5.703660271143284 3.3297137344944394 -0.004085464065683372 1619999.9999996934
5.703660271143284 3.3297137344944394 -0.004085464065683372 1619999.9999996934
5.703660271143284 3.3297137344944394 -0.004085464065683372 1619999.9999996934
5.703660271143284 3.3297137344944394 -0.004085464065683372 1619999.9999996934
5.703660271143284 3.3297137344944394 -0.004085464065683372 1619999.9999996934
5.703660271143284 3.3297137344944394 -0.004085464065683372 1619999.9999996934
5.703660271143284 3.3297137344944394 -0.004085464065683372 1619999.9999996934
5.703660271143284 3.3297137344944394 -0.004085464065683372 1619999.9999996934
5.703660271143284 3.3297137344944394 -0.004085464065683372 1619999.9999996934
5.703660271143284 3.3297137344944394 -0.004085464065683372 1619999.9999996934
5.703660271143284 3.3297137344944394 -0.004085464065683372 1619999.9999996934
5.703660271143284 3.3297137344944394 -0.004085464065683372 1619999.9999996934
5.703660271143284 3.3297137344944394 -0.004085464065683372 1619999.9999996934
5.703660271143284 3.3297137344944394 -0.004085464065683372 1619999.9999996934
5.703660271143284 3.3297137344944394 -0.004085464065683372 1619999.9999996934
5.703660271143284 3.3297137344944394 -0.004085464065683372 1619999.9999996934
5.703660271143284 3.3297137344944394 -0.004085464065683372 1619999.9999996934
5.703660271143284 3.3297137344944394 -0.004085464065683372 1619999.9999996934
5.703660271143284 3.3297137344944394 -0.004085464065683372 1619999.9999996934
5.703660271143284 3.3297137344944394 -0.004085464065683372 1619999.9999996934
5.703660271143284 3.3297137344944394 -0.004085464065683372 1619999.9999996934
5.703660271143284 3.3297137344944394 -0.004085464065683372 1619999.9999996934
5.703660271143284 3.3297137344944394 -0.004085464065683372 1619999.9999996934
5.703660271143284 3.3297137344944394 -0.004085464065683372 1619999.9999996934
5.703660271143284 3.3297137344944394 -0.004085464065683372 1619999.9999996934
5.703660271143284 3.3297137344944394 -0.004085464065683372 1619999.9999996934
5.703660271143284 3.3297137344944394 -0.004085464065683372 1619999.9999996934
5.703660271143284 3.3297137344944394 -0.004085464065683372 1619999.9999996934
5.703660271143284 3.3297137344944394 -0.004085464065683372 1619999.9999996934
5.703660271143284 3.3297137344944394 -0.004085464065683372 1619999.9999996934
5.703660271143284 3.3297137344944394 -0.004085464065683372 1619999.9999996934
5.776376383079555 3.3615912119873275 -0.013893292243325896 0.0 4,0,0 coil/filament1/filament2
5.808263732183649 3.2795330283809916 0.10490340518512338 1619999.9999996934
5.731493892863598 3.2581293189361937 0.09795552833127656 1619999.9999996934
5.731493892863598 3.2581293189361937 0.09795552833127656 1619999.9999996934
5.731493892863598 3.2581293189361937 0.09795552833127656 1619999.9999996934
5.731493892863598 3.2581293189361937 0.09795552833127656 1619999.9999996934
5.731493892863598 3.2581293189361937 0.09795552833127656 1619999.9999996934
5.731493892863598 3.2581293189361937 0.09795552833127656 1619999.9999996934
5.731493892863598 3.2581293189361937 0.09795552833127656 1619999.9999996934
5.731493892863598 3.2581293189361937 0.09795552833127656 1619999.9999996934
5.731493892863598 3.2581293189361937 0.09795552833127656 1619999.9999996934
5.731493892863598 3.2581293189361937 0.09795552833127656 1619999.9999996934
5.731493892863598 3.2581293189361937 0.09795552833127656 1619999.9999996934
5.731493892863598 3.2581293189361937 0.09795552833127656 1619999.9999996934
5.731493892863598 3.2581293189361937 0.09795552833127656 1619999.9999996934
5.731493892863598 3.2581293189361937 0.09795552833127656 1619999.9999996934
5.731493892863598 3.2581293189361937 0.09795552833127656 1619999.9999996934
5.731493892863598 3.2581293189361937 0.09795552833127656 1619999.9999996934
5.731493892863598 3.2581293189361937 0.09795552833127656 1619999.9999996934
5.731493892863598 3.2581293189361937 0.09795552833127656 1619999.9999996934
5.731493892863598 3.2581293189361937 0.09795552833127656 1619999.9999996934
5.731493892863598 3.2581293189361937 0.09795552833127656 1619999.9999996934
5.731493892863598 3.2581293189361937 0.09795552833127656 1619999.9999996934
5.731493892863598 3.2581293189361937 0.09795552833127656 1619999.9999996934
5.731493892863598 3.2581293189361937 0.09795552833127656 1619999.9999996934
5.731493892863598 3.2581293189361937 0.09795552833127656 1619999.9999996934
5.731493892863598 3.2581293189361937 0.09795552833127656 1619999.9999996934
5.731493892863598 3.2581293189361937 0.09795552833127656 1619999.9999996934
5.731493892863598 3.2581293189361937 0.09795552833127656 1619999.9999996934
5.731493892863598 3.2581293189361937 0.09795552833127656 1619999.9999996934
5.731493892863598 3.2581293189361937 0.09795552833127656 1619999.9999996934
5.731493892863598 3.2581293189361937 0.09795552833127656 1619999.9999996934
5.731493892863598 3.2581293189361937 0.09795552833127656 1619999.9999996934
5.731493892863598 3.2581293189361937 0.09795552833127656 1619999.9999996934
5.731493892863598 3.2581293189361937 0.09795552833127656 1619999.9999996934
5.731493892863598 3.2581293189361937 0.09795552833127656 1619999.9999996934
5.731493892863598 3.2581293189361937 0.09795552833127656 1619999.9999996934
5.731493892863598 3.2581293189361937 0.09795552833127656 1619999.9999996934
5.731493892863598 3.2581293189361937 0.09795552833127656 1619999.9999996934
5.731493892863598 3.2581293189361937 0.09795552833127656 1619999.9999996934
5.731493892863598 3.2581293189361937 0.09795552833127656 1619999.9999996934
5.731493892863598 3.2581293189361937 0.09795552833127656 1619999.9999996934
5.731493892863598 3.2581293189361937 0.09795552833127656 1619999.9999996934
5.731493892863598 3.2581293189361937 0.09795552833127656 1619999.9999996934
5.731493892863598 3.2581293189361937 0.09795552833127656 1619999.9999996934
5.731493892863598 3.2581293189361937 0.09795552833127656 1619999.9999996934
5.731493892863598 3.2581293189361937 0.09795552833127656 1619999.9999996934
5.731493892863598 3.2581293189361937 0.09795552833127656 1619999.9999996934
5.731493892863598 3.2581293189361937 0.09795552833127656 1619999.9999996934
5.731493892863598 3.2581293189361937 0.09795552833127656 1619999.9999996934
5.731493892863598 3.2581293189361937 0.09795552833127656 1619999.9999996934
5.731493892863598 3.2581293189361937 0.09795552833127656 1619999.9999996934
5.731493892863598 3.2581293189361937 0.09795552833127656 1619999.9999996934
5.731493892863598 3.2581293189361937 0.09795552833127656 1619999.9999996934
5.731493892863598 3.2581293189361937 0.09795552833127656 1619999.9999996934
5.731493892863598 3.2581293189361937 0.09795552833127656 1619999.9999996934
5.731493892863598 3.2581293189361937 0.09795552833127656 1619999.9999996934
5.731493892863598 3.2581293189361937 0.09795552833127656 1619999.9999996934
5.731493892863598 3.2581293189361937 0.09795552833127656 1619999.9999996934
5.731493892863598 3.2581293189361937 0.09795552833127656 1619999.9999996934
5.731493892863598 3.2581293189361937 0.09795552833127656 1619999.9999996934
5.731493892863598 3.2581293189361937 0.09795552833127656 1619999.9999996934
5.731493892863598 3.2581293189361937 0.09795552833127656 1619999.9999996934
5.731493892863598 3.2581293189361937 0.09795552833127656 1619999.9999996934
5.731493892863598 3.2581293189361937 0.09795552833127656 1619999.9999996934
5.808263732183649 3.2795330283809916 0.10490340518512338 0.0 4,0,1 coil/filament1/filament2
5.793858672788454 3.3051261444164686 -0.06780122942100389 1619999.9999996934
5.721142560852183 3.2732486669235805 -0.057993401243361366 1619999.9999996934
5.721142560852183 3.2732486669235805 -0.057993401243361366 1619999.9999996934
5.721142560852183 3.2732486669235805 -0.057993401243361366 1619999.9999996934
5.721142560852183 3.2732486669235805 -0.057993401243361366 1619999.9999996934
5.721142560852183 3.2732486669235805 -0.057993401243361366 1619999.9999996934
5.721142560852183 3.2732486669235805 -0.057993401243361366 1619999.9999996934
5.721142560852183 3.2732486669235805 -0.057993401243361366 1619999.9999996934
5.721142560852183 3.2732486669235805 -0.057993401243361366 1619999.9999996934
5.721142560852183 3.2732486669235805 -0.057993401243361366 1619999.9999996934
5.721142560852183 3.2732486669235805 -0.057993401243361366 1619999.9999996934
5.721142560852183 3.2732486669235805 -0.057993401243361366 1619999.9999996934
5.721142560852183 3.2732486669235805 -0.057993401243361366 1619999.9999996934
5.721142560852183 3.2732486669235805 -0.057993401243361366 1619999.9999996934
5.721142560852183 3.2732486669235805 -0.057993401243361366 1619999.9999996934
5.721142560852183 3.2732486669235805 -0.057993401243361366 1619999.9999996934
5.721142560852183 3.2732486669235805 -0.057993401243361366 1619999.9999996934
5.721142560852183 3.2732486669235805 -0.057993401243361366 1619999.9999996934
5.721142560852183 3.2732486669235805 -0.057993401243361366 1619999.9999996934
5.721142560852183 3.2732486669235805 -0.057993401243361366 1619999.9999996934
5.721142560852183 3.2732486669235805 -0.057993401243361366 1619999.9999996934
5.721142560852183 3.2732486669235805 -0.057993401243361366 1619999.9999996934
5.721142560852183 3.2732486669235805 -0.057993401243361366 1619999.9999996934
5.721142560852183 3.2732486669235805 -0.057993401243361366 1619999.9999996934
5.721142560852183 3.2732486669235805 -0.057993401243361366 1619999.9999996934
5.721142560852183 3.2732486669235805 -0.057993401243361366 1619999.9999996934
5.721142560852183 3.2732486669235805 -0.057993401243361366 1619999.9999996934
5.721142560852183 3.2732486669235805 -0.057993401243361366 1619999.9999996934
5.721142560852183 3.2732486669235805 -0.057993401243361366 1619999.9999996934
5.721142560852183 3.2732486669235805 -0.057993401243361366 1619999.9999996934
5.721142560852183 3.2732486669235805 -0.057993401243361366 1619999.9999996934
5.721142560852183 3.2732486669235805 -0.057993401243361366 1619999.9999996934
5.721142560852183 3.2732486669235805 -0.057993401243361366 1619999.9999996934
5.721142560852183 3.2732486669235805 -0.057993401243361366 1619999.9999996934
5.721142560852183 3.2732486669235805 -0.057993401243361366 1619999.9999996934
5.721142560852183 3.2732486669235805 -0.057993401243361366 1619999.9999996934
5.721142560852183 3.2732486669235805 -0.057993401243361366 1619999.9999996934
5.721142560852183 3.2732486669235805 -0.057993401243361366 1619999.9999996934
5.721142560852183 3.2732486669235805 -0.057993401243361366 1619999.9999996934
5.721142560852183 3.2732486669235805 -0.057993401243361366 1619999.9999996934
5.721142560852183 3.2732486669235805 -0.057993401243361366 1619999.9999996934
5.721142560852183 3.2732486669235805 -0.057993401243361366 1619999.9999996934
5.721142560852183 3.2732486669235805 -0.057993401243361366 1619999.9999996934
5.721142560852183 3.2732486669235805 -0.057993401243361366 1619999.9999996934
5.721142560852183 3.2732486669235805 -0.057993401243361366 1619999.9999996934
5.721142560852183 3.2732486669235805 -0.057993401243361366 1619999.9999996934
5.721142560852183 3.2732486669235805 -0.057993401243361366 1619999.9999996934
5.721142560852183 3.2732486669235805 -0.057993401243361366 1619999.9999996934
5.721142560852183 3.2732486669235805 -0.057993401243361366 1619999.9999996934
5.721142560852183 3.2732486669235805 -0.057993401243361366 1619999.9999996934
5.721142560852183 3.2732486669235805 -0.057993401243361366 1619999.9999996934
5.721142560852183 3.2732486669235805 -0.057993401243361366 1619999.9999996934
5.721142560852183 3.2732486669235805 -0.057993401243361366 1619999.9999996934
5.721142560852183 3.2732486669235805 -0.057993401243361366 1619999.9999996934
5.721142560852183 3.2732486669235805 -0.057993401243361366 1619999.9999996934
5.721142560852183 3.2732486669235805 -0.057993401243361366 1619999.9999996934
5.721142560852183 3.2732486669235805 -0.057993401243361366 1619999.9999996934
5.721142560852183 3.2732486669235805 -0.057993401243361366 1619999.9999996934
5.721142560852183 3.2732486669235805 -0.057993401243361366 1619999.9999996934
5.721142560852183 3.2732486669235805 -0.057993401243361366 1619999.9999996934
5.721142560852183 3.2732486669235805 -0.057993401243361366 1619999.9999996934
5.721142560852183 3.2732486669235805 -0.057993401243361366 1619999.9999996934
5.721142560852183 3.2732486669235805 -0.057993401243361366 1619999.9999996934
5.721142560852183 3.2732486669235805 -0.057993401243361366 1619999.9999996934
5.793858672788454 3.3051261444164686 -0.06780122942100389 0.0 4,1,0 coil/filament1/filament2
5.830193551033017 3.2139143312324108 0.064737877306646 1619999.9999996934
5.753423711712966 3.192510621787613 0.05779000045279918 1619999.9999996934
5.753423711712966 3.192510621787613 0.05779000045279918 1619999.9999996934
5.753423711712966 3.192510621787613 0.05779000045279918 1619999.9999996934
5.753423711712966 3.192510621787613 0.05779000045279918 1619999.9999996934
5.753423711712966 3.192510621787613 0.05779000045279918 1619999.9999996934
5.753423711712966 3.192510621787613 0.05779000045279918 1619999.9999996934
5.753423711712966 3.192510621787613 0.05779000045279918 1619999.9999996934
5.753423711712966 3.192510621787613 0.05779000045279918 1619999.9999996934
5.753423711712966 3.192510621787613 0.05779000045279918 1619999.9999996934
5.753423711712966 3.192510621787613 0.05779000045279918 1619999.9999996934
5.753423711712966 3.192510621787613 0.05779000045279918 1619999.9999996934
5.753423711712966 3.192510621787613 0.05779000045279918 1619999.9999996934
5.753423711712966 3.192510621787613 0.05779000045279918 1619999.9999996934
5.753423711712966 3.192510621787613 0.05779000045279918 1619999.9999996934
5.753423711712966 3.192510621787613 0.05779000045279918 1619999.9999996934
5.753423711712966 3.192510621787613 0.05779000045279918 1619999.9999996934
5.753423711712966 3.192510621787613 0.05779000045279918 1619999.9999996934
5.753423711712966 3.192510621787613 0.05779000045279918 1619999.9999996934
5.753423711712966 3.192510621787613 0.05779000045279918 1619999.9999996934
5.753423711712966 3.192510621787613 0.05779000045279918 1619999.9999996934
5.753423711712966 3.192510621787613 0.05779000045279918 1619999.9999996934
5.753423711712966 3.192510621787613 0.05779000045279918 1619999.9999996934
5.753423711712966 3.192510621787613 0.05779000045279918 1619999.9999996934
5.753423711712966 3.192510621787613 0.05779000045279918 1619999.9999996934
5.753423711712966 3.192510621787613 0.05779000045279918 1619999.9999996934
5.753423711712966 3.192510621787613 0.05779000045279918 1619999.9999996934
5.753423711712966 3.192510621787613 0.05779000045279918 1619999.9999996934
5.753423711712966 3.192510621787613 0.05779000045279918 1619999.9999996934
5.753423711712966 3.192510621787613 0.05779000045279918 1619999.9999996934
5.753423711712966 3.192510621787613 0.05779000045279918 1619999.9999996934
5.753423711712966 3.192510621787613 0.05779000045279918 1619999.9999996934
5.753423711712966 3.192510621787613 0.05779000045279918 1619999.9999996934
5.753423711712966 3.192510621787613 0.05779000045279918 1619999.9999996934
5.753423711712966 3.192510621787613 0.05779000045279918 1619999.9999996934
5.753423711712966 3.192510621787613 0.05779000045279918 1619999.9999996934
5.753423711712966 3.192510621787613 0.05779000045279918 1619999.9999996934
5.753423711712966 3.192510621787613 0.05779000045279918 1619999.9999996934
5.753423711712966 3.192510621787613 0.05779000045279918 1619999.9999996934
5.753423711712966 3.192510621787613 0.05779000045279918 1619999.9999996934
5.753423711712966 3.192510621787613 0.05779000045279918 1619999.9999996934
5.753423711712966 3.192510621787613 0.05779000045279918 1619999.9999996934
5.753423711712966 3.192510621787613 0.05779000045279918 1619999.9999996934
5.753423711712966 3.192510621787613 0.05779000045279918 1619999.9999996934
5.753423711712966 3.192510621787613 0.05779000045279918 1619999.9999996934
5.753423711712966 3.192510621787613 0.05779000045279918 1619999.9999996934
5.753423711712966 3.192510621787613 0.05779000045279918 1619999.9999996934
5.753423711712966 3.192510621787613 0.05779000045279918 1619999.9999996934
5.753423711712966 3.192510621787613 0.05779000045279918 1619999.9999996934
5.753423711712966 3.192510621787613 0.05779000045279918 1619999.9999996934
5.753423711712966 3.192510621787613 0.05779000045279918 1619999.9999996934
5.753423711712966 3.192510621787613 0.05779000045279918 1619999.9999996934
5.753423711712966 3.192510621787613 0.05779000045279918 1619999.9999996934
5.753423711712966 3.192510621787613 0.05779000045279918 1619999.9999996934
5.753423711712966 3.192510621787613 0.05779000045279918 1619999.9999996934
5.753423711712966 3.192510621787613 0.05779000045279918 1619999.9999996934
5.753423711712966 3.192510621787613 0.05779000045279918 1619999.9999996934
5.753423711712966 3.192510621787613 0.05779000045279918 1619999.9999996934
5.753423711712966 3.192510621787613 0.05779000045279918 1619999.9999996934
5.753423711712966 3.192510621787613 0.05779000045279918 1619999.9999996934
5.753423711712966 3.192510621787613 0.05779000045279918 1619999.9999996934
5.753423711712966 3.192510621787613 0.05779000045279918 1619999.9999996934
5.753423711712966 3.192510621787613 0.05779000045279918 1619999.9999996934
5.753423711712966 3.192510621787613 0.05779000045279918 1619999.9999996934
5.830193551033017 3.2139143312324108 0.064737877306646 0.0 4,1,1 coil/filament1/filament2
