periods 0
begin filament
FOCUSADD Coils
6.975883067090369 0.3871882966336748 0.09518564148099104 1620000.0000001136
6.896819360318455 0.38719068771536297 0.10738934033697023 1620000.0000001136
6.896819360318455 0.38719068771536297 0.10738934033697023 1620000.0000001136
6.896819360318455 0.38719068771536297 0.10738934033697023 1620000.0000001136
6.896819360318455 0.38719068771536297 0.10738934033697023 1620000.0000001136
6.896819360318455 0.38719068771536297 0.10738934033697023 1620000.0000001136
6.896819360318455 0.38719068771536297 0.10738934033697023 1620000.0000001136
6.896819360318455 0.38719068771536297 0.10738934033697023 1620000.0000001136
6.896819360318455 0.38719068771536297 0.10738934033697023 1620000.0000001136
6.896819360318455 0.38719068771536297 0.10738934033697023 1620000.0000001136
6.896819360318455 0.38719068771536297 0.10738934033697023 1620000.0000001136
6.896819360318455 0.38719068771536297 0.10738934033697023 1620000.0000001136
6.896819360318455 0.38719068771536297 0.10738934033697023 1620000.0000001136
6.896819360318455 0.38719068771536297 0.10738934033697023 1620000.0000001136
6.896819360318455 0.38719068771536297 0.10738934033697023 1620000.0000001136
6.896819360318455 0.38719068771536297 0.10738934033697023 1620000.0000001136
6.896819360318455 0.38719068771536297 0.10738934033697023 1620000.0000001136
6.896819360318455 0.38719068771536297 0.10738934033697023 1620000.0000001136
6.896819360318455 0.38719068771536297 0.10738934033697023 1620000.0000001136
6.896819360318455 0.38719068771536297 0.10738934033697023 1620000.0000001136
6.896819360318455 0.38719068771536297 0.10738934033697023 1620000.0000001136
6.896819360318455 0.38719068771536297 0.10738934033697023 1620000.0000001136
6.896819360318455 0.38719068771536297 0.10738934033697023 1620000.0000001136
6.896819360318455 0.38719068771536297 0.10738934033697023 1620000.0000001136
6.896819360318455 0.38719068771536297 0.10738934033697023 1620000.0000001136
6.896819360318455 0.38719068771536297 0.10738934033697023 1620000.0000001136
6.896819360318455 0.38719068771536297 0.10738934033697023 1620000.0000001136
6.896819360318455 0.38719068771536297 0.10738934033697023 1620000.0000001136
6.896819360318455 0.38719068771536297 0.10738934033697023 1620000.0000001136
6.896819360318455 0.38719068771536297 0.10738934033697023 1620000.0000001136
6.896819360318455 0.38719068771536297 0.10738934033697023 1620000.0000001136
6.896819360318455 0.38719068771536297 0.10738934033697023 1620000.0000001136
6.896819360318455 0.38719068771536297 0.10738934033697023 1620000.0000001136
6.896819360318455 0.38719068771536297 0.10738934033697023 1620000.0000001136
6.896819360318455 0.38719068771536297 0.10738934033697023 1620000.0000001136
6.896819360318455 0.38719068771536297 0.10738934033697023 1620000.0000001136
6.896819360318455 0.38719068771536297 0.10738934033697023 1620000.0000001136
6.896819360318455 0.38719068771536297 0.10738934033697023 1620000.0000001136
6.896819360318455 0.38719068771536297 0.10738934033697023 1620000.0000001136
6.896819360318455 0.38719068771536297 0.10738934033697023 1620000.0000001136
6.896819360318455 0.38719068771536297 0.10738934033697023 1620000.0000001136
6.896819360318455 0.38719068771536297 0.10738934033697023 1620000.0000001136
6.896819360318455 0.38719068771536297 0.10738934033697023 1620000.0000001136
6.896819360318455 0.38719068771536297 0.10738934033697023 1620000.0000001136
6.896819360318455 0.38719068771536297 0.10738934033697023 1620000.0000001136
6.896819360318455 0.38719068771536297 0.10738934033697023 1620000.0000001136
6.896819360318455 0.38719068771536297 0.10738934033697023 1620000.0000001136
6.896819360318455 0.38719068771536297 0.10738934033697023 1620000.0000001136
6.896819360318455 0.38719068771536297 0.10738934033697023 1620000.0000001136
6.896819360318455 0.38719068771536297 0.10738934033697023 1620000.0000001136
6.896819360318455 0.38719068771536297 0.10738934033697023 1620000.0000001136
6.896819360318455 0.38719068771536297 0.10738934033697023 1620000.0000001136
6.896819360318455 0.38719068771536297 0.10738934033697023 1620000.0000001136
6.896819360318455 0.38719068771536297 0.10738934033697023 1620000.0000001136
6.896819360318455 0.38719068771536297 0.10738934033697023 1620000.0000001136
6.896819360318455 0.38719068771536297 0.10738934033697023 1620000.0000001136
6.896819360318455 0.38719068771536297 0.10738934033697023 1620000.0000001136
6.896819360318455 0.38719068771536297 0.10738934033697023 1620000.0000001136
6.896819360318455 0.38719068771536297 0.10738934033697023 1620000.0000001136
6.896819360318455 0.38719068771536297 0.10738934033697023 1620000.0000001136
6.896819360318455 0.38719068771536297 0.10738934033697023 1620000.0000001136
6.896819360318455 0.38719068771536297 0.10738934033697023 1620000.0000001136
6.896819360318455 0.38719068771536297 0.10738934033697023 1620000.0000001136
6.896819360318455 0.38719068771536297 0.10738934033697023 1620000.0000001136
6.975883067090369 0.3871882966336748 0.09518564148099104 0.0 0,0,0 coil/filament1/filament2
6.978482068978314 0.41341900558789146 0.19880876164257608 1620000.0000001136
6.899042239007648 0.4090253509065298 0.19044161082688038 1620000.0000001136
6.899042239007648 0.4090253509065298 0.19044161082688038 1620000.0000001136
6.899042239007648 0.4090253509065298 0.19044161082688038 1620000.0000001136
6.899042239007648 0.4090253509065298 0.19044161082688038 1620000.0000001136
6.899042239007648 0.4090253509065298 0.19044161082688038 1620000.0000001136
6.899042239007648 0.4090253509065298 0.19044161082688038 1620000.0000001136
6.899042239007648 0.4090253509065298 0.19044161082688038 1620000.0000001136
6.899042239007648 0.4090253509065298 0.19044161082688038 1620000.0000001136
6.899042239007648 0.4090253509065298 0.19044161082688038 1620000.0000001136
6.899042239007648 0.4090253509065298 0.19044161082688038 1620000.0000001136
6.899042239007648 0.4090253509065298 0.19044161082688038 1620000.0000001136
6.899042239007648 0.4090253509065298 0.19044161082688038 1620000.0000001136
6.899042239007648 0.4090253509065298 0.19044161082688038 1620000.0000001136
6.899042239007648 0.4090253509065298 0.19044161082688038 1620000.0000001136
6.899042239007648 0.4090253509065298 0.19044161082688038 1620000.0000001136
6.899042239007648 0.4090253509065298 0.19044161082688038 1620000.0000001136
6.899042239007648 0.4090253509065298 0.19044161082688038 1620000.0000001136
6.899042239007648 0.4090253509065298 0.19044161082688038 1620000.0000001136
6.899042239007648 0.4090253509065298 0.19044161082688038 1620000.0000001136
6.899042239007648 0.4090253509065298 0.19044161082688038 1620000.0000001136
6.899042239007648 0.4090253509065298 0.19044161082688038 1620000.0000001136
6.899042239007648 0.4090253509065298 0.19044161082688038 1620000.0000001136
6.899042239007648 0.4090253509065298 0.19044161082688038 1620000.0000001136
6.899042239007648 0.4090253509065298 0.19044161082688038 1620000.0000001136
6.899042239007648 0.4090253509065298 0.19044161082688038 1620000.0000001136
6.899042239007648 0.4090253509065298 0.19044161082688038 1620000.0000001136
6.899042239007648 0.4090253509065298 0.19044161082688038 1620000.0000001136
6.899042239007648 0.4090253509065298 0.19044161082688038 1620000.0000001136
6.899042239007648 0.4090253509065298 0.19044161082688038 1620000.0000001136
6.899042239007648 0.4090253509065298 0.19044161082688038 1620000.0000001136
6.899042239007648 0.4090253509065298 0.19044161082688038 1620000.0000001136
6.899042239007648 0.4090253509065298 0.19044161082688038 1620000.0000001136
6.899042239007648 0.4090253509065298 0.19044161082688038 1620000.0000001136
6.899042239007648 0.4090253509065298 0.19044161082688038 1620000.0000001136
6.899042239007648 0.4090253509065298 0.19044161082688038 1620000.0000001136
6.899042239007648 0.4090253509065298 0.19044161082688038 1620000.0000001136
6.899042239007648 0.4090253509065298 0.19044161082688038 1620000.0000001136
6.899042239007648 0.4090253509065298 0.19044161082688038 1620000.0000001136
6.899042239007648 0.4090253509065298 0.19044161082688038 1620000.0000001136
6.899042239007648 0.4090253509065298 0.19044161082688038 1620000.0000001136
6.899042239007648 0.4090253509065298 0.19044161082688038 1620000.0000001136
6.899042239007648 0.4090253509065298 0.19044161082688038 1620000.0000001136
6.899042239007648 0.4090253509065298 0.19044161082688038 1620000.0000001136
6.899042239007648 0.4090253509065298 0.19044161082688038 1620000.0000001136
6.899042239007648 0.4090253509065298 0.19044161082688038 1620000.0000001136
6.899042239007648 0.4090253509065298 0.19044161082688038 1620000.0000001136
6.899042239007648 0.4090253509065298 0.19044161082688038 1620000.0000001136
6.899042239007648 0.4090253509065298 0.19044161082688038 1620000.0000001136
6.899042239007648 0.4090253509065298 0.19044161082688038 1620000.0000001136
6.899042239007648 0.4090253509065298 0.19044161082688038 1620000.0000001136
6.899042239007648 0.4090253509065298 0.19044161082688038 1620000.0000001136
6.899042239007648 0.4090253509065298 0.19044161082688038 1620000.0000001136
6.899042239007648 0.4090253509065298 0.19044161082688038 1620000.0000001136
6.899042239007648 0.4090253509065298 0.19044161082688038 1620000.0000001136
6.899042239007648 0.4090253509065298 0.19044161082688038 1620000.0000001136
6.899042239007648 0.4090253509065298 0.19044161082688038 1620000.0000001136
6.899042239007648 0.4090253509065298 0.19044161082688038 1620000.0000001136
6.899042239007648 0.4090253509065298 0.19044161082688038 1620000.0000001136
6.899042239007648 0.4090253509065298 0.19044161082688038 1620000.0000001136
6.899042239007648 0.4090253509065298 0.19044161082688038 1620000.0000001136
6.899042239007648 0.4090253509065298 0.19044161082688038 1620000.0000001136
6.899042239007648 0.4090253509065298 0.19044161082688038 1620000.0000001136
6.899042239007648 0.4090253509065298 0.19044161082688038 1620000.0000001136
6.978482068978314 0.41341900558789146 0.19880876164257608 0.0 0,0,1 coil/filament1/filament2
6.9781457333799555 0.308578243654651 0.10986010610144764 1620000.0000001136
6.899082026608041 0.3085806347363391 0.12206380495742683 1620000.0000001136
6.899082026608041 0.3085806347363391 0.12206380495742683 1620000.0000001136
6.899082026608041 0.3085806347363391 0.12206380495742683 1620000.0000001136
6.899082026608041 0.3085806347363391 0.12206380495742683 1620000.0000001136
6.899082026608041 0.3085806347363391 0.12206380495742683 1620000.0000001136
6.899082026608041 0.3085806347363391 0.12206380495742683 1620000.0000001136
6.899082026608041 0.3085806347363391 0.12206380495742683 1620000.0000001136
6.899082026608041 0.3085806347363391 0.12206380495742683 1620000.0000001136
6.899082026608041 0.3085806347363391 0.12206380495742683 1620000.0000001136
6.899082026608041 0.3085806347363391 0.12206380495742683 1620000.0000001136
6.899082026608041 0.3085806347363391 0.12206380495742683 1620000.0000001136
6.899082026608041 0.3085806347363391 0.12206380495742683 1620000.0000001136
6.899082026608041 0.3085806347363391 0.12206380495742683 1620000.0000001136
6.899082026608041 0.3085806347363391 0.12206380495742683 1620000.0000001136
6.899082026608041 0.3085806347363391 0.12206380495742683 1620000.0000001136
6.899082026608041 0.3085806347363391 0.12206380495742683 1620000.0000001136
6.899082026608041 0.3085806347363391 0.12206380495742683 1620000.0000001136
6.899082026608041 0.3085806347363391 0.12206380495742683 1620000.0000001136
6.899082026608041 0.3085806347363391 0.12206380495742683 1620000.0000001136
6.899082026608041 0.3085806347363391 0.12206380495742683 1620000.0000001136
6.899082026608041 0.3085806347363391 0.12206380495742683 1620000.0000001136
6.899082026608041 0.3085806347363391 0.12206380495742683 1620000.0000001136
6.899082026608041 0.3085806347363391 0.12206380495742683 1620000.0000001136
6.899082026608041 0.3085806347363391 0.12206380495742683 1620000.0000001136
6.899082026608041 0.3085806347363391 0.12206380495742683 1620000.0000001136
6.899082026608041 0.3085806347363391 0.12206380495742683 1620000.0000001136
6.899082026608041 0.3085806347363391 0.12206380495742683 1620000.0000001136
6.899082026608041 0.3085806347363391 0.12206380495742683 1620000.0000001136
6.899082026608041 0.3085806347363391 0.12206380495742683 1620000.0000001136
6.899082026608041 0.3085806347363391 0.12206380495742683 1620000.0000001136
6.899082026608041 0.3085806347363391 0.12206380495742683 1620000.0000001136
6.899082026608041 0.3085806347363391 0.12206380495742683 1620000.0000001136
6.899082026608041 0.3085806347363391 0.12206380495742683 1620000.0000001136
6.899082026608041 0.3085806347363391 0.12206380495742683 1620000.0000001136
6.899082026608041 0.3085806347363391 0.12206380495742683 1620000.0000001136
6.899082026608041 0.3085806347363391 0.12206380495742683 1620000.0000001136
6.899082026608041 0.3085806347363391 0.12206380495742683 1620000.0000001136
6.899082026608041 0.3085806347363391 0.12206380495742683 1620000.0000001136
6.899082026608041 0.3085806347363391 0.12206380495742683 1620000.0000001136
6.899082026608041 0.3085806347363391 0.12206380495742683 1620000.0000001136
6.899082026608041 0.3085806347363391 0.12206380495742683 1620000.0000001136
6.899082026608041 0.3085806347363391 0.12206380495742683 1620000.0000001136
6.899082026608041 0.3085806347363391 0.12206380495742683 1620000.0000001136
6.899082026608041 0.3085806347363391 0.12206380495742683 1620000.0000001136
6.899082026608041 0.3085806347363391 0.12206380495742683 1620000.0000001136
6.899082026608041 0.3085806347363391 0.12206380495742683 1620000.0000001136
6.899082026608041 0.3085806347363391 0.12206380495742683 1620000.0000001136
6.899082026608041 0.3085806347363391 0.12206380495742683 1620000.0000001136
6.899082026608041 0.3085806347363391 0.12206380495742683 1620000.0000001136
6.899082026608041 0.3085806347363391 0.12206380495742683 1620000.0000001136
6.899082026608041 0.3085806347363391 0.12206380495742683 1620000.0000001136
6.899082026608041 0.3085806347363391 0.12206380495742683 1620000.0000001136
6.899082026608041 0.3085806347363391 0.12206380495742683 1620000.0000001136
6.899082026608041 0.3085806347363391 0.12206380495742683 1620000.0000001136
6.899082026608041 0.3085806347363391 0.12206380495742683 1620000.0000001136
6.899082026608041 0.3085806347363391 0.12206380495742683 1620000.0000001136
6.899082026608041 0.3085806347363391 0.12206380495742683 1620000.0000001136
6.899082026608041 0.3085806347363391 0.12206380495742683 1620000.0000001136
6.899082026608041 0.3085806347363391 0.12206380495742683 1620000.0000001136
6.899082026608041 0.3085806347363391 0.12206380495742683 1620000.0000001136
6.899082026608041 0.3085806347363391 0.12206380495742683 1620000.0000001136
6.899082026608041 0.3085806347363391 0.12206380495742683 1620000.0000001136
6.899082026608041 0.3085806347363391 0.12206380495742683 1620000.0000001136
6.9781457333799555 0.308578243654651 0.10986010610144764 0.0 0,1,0 coil/filament1/filament2
6.98013240879538 0.3372292125962414 0.22314786233216022 1620000.0000001136
6.900692578824714 0.33283555791487973 0.21478071151646452 1620000.0000001136
6.900692578824714 0.33283555791487973 0.21478071151646452 1620000.0000001136
6.900692578824714 0.33283555791487973 0.21478071151646452 1620000.0000001136
6.900692578824714 0.33283555791487973 0.21478071151646452 1620000.0000001136
6.900692578824714 0.33283555791487973 0.21478071151646452 1620000.0000001136
6.900692578824714 0.33283555791487973 0.21478071151646452 1620000.0000001136
6.900692578824714 0.33283555791487973 0.21478071151646452 1620000.0000001136
6.900692578824714 0.33283555791487973 0.21478071151646452 1620000.0000001136
6.900692578824714 0.33283555791487973 0.21478071151646452 1620000.0000001136
6.900692578824714 0.33283555791487973 0.21478071151646452 1620000.0000001136
6.900692578824714 0.33283555791487973 0.21478071151646452 1620000.0000001136
6.900692578824714 0.33283555791487973 0.21478071151646452 1620000.0000001136
6.900692578824714 0.33283555791487973 0.21478071151646452 1620000.0000001136
6.900692578824714 0.33283555791487973 0.21478071151646452 1620000.0000001136
6.900692578824714 0.33283555791487973 0.21478071151646452 1620000.0000001136
6.900692578824714 0.33283555791487973 0.21478071151646452 1620000.0000001136
6.900692578824714 0.33283555791487973 0.21478071151646452 1620000.0000001136
6.900692578824714 0.33283555791487973 0.21478071151646452 1620000.0000001136
6.900692578824714 0.33283555791487973 0.21478071151646452 1620000.0000001136
6.900692578824714 0.33283555791487973 0.21478071151646452 1620000.0000001136
6.900692578824714 0.33283555791487973 0.21478071151646452 1620000.0000001136
6.900692578824714 0.33283555791487973 0.21478071151646452 1620000.0000001136
6.900692578824714 0.33283555791487973 0.21478071151646452 1620000.0000001136
6.900692578824714 0.33283555791487973 0.21478071151646452 1620000.0000001136
6.900692578824714 0.33283555791487973 0.21478071151646452 1620000.0000001136
6.900692578824714 0.33283555791487973 0.21478071151646452 1620000.0000001136
6.900692578824714 0.33283555791487973 0.21478071151646452 1620000.0000001136
6.900692578824714 0.33283555791487973 0.21478071151646452 1620000.0000001136
6.900692578824714 0.33283555791487973 0.21478071151646452 1620000.0000001136
6.900692578824714 0.33283555791487973 0.21478071151646452 1620000.0000001136
6.900692578824714 0.33283555791487973 0.21478071151646452 1620000.0000001136
6.900692578824714 0.33283555791487973 0.21478071151646452 1620000.0000001136
6.900692578824714 0.33283555791487973 0.21478071151646452 1620000.0000001136
6.900692578824714 0.33283555791487973 0.21478071151646452 1620000.0000001136
6.900692578824714 0.33283555791487973 0.21478071151646452 1620000.0000001136
6.900692578824714 0.33283555791487973 0.21478071151646452 1620000.0000001136
6.900692578824714 0.33283555791487973 0.21478071151646452 1620000.0000001136
6.900692578824714 0.33283555791487973 0.21478071151646452 1620000.0000001136
6.900692578824714 0.33283555791487973 0.21478071151646452 1620000.0000001136
6.900692578824714 0.33283555791487973 0.21478071151646452 1620000.0000001136
6.900692578824714 0.33283555791487973 0.21478071151646452 1620000.0000001136
6.900692578824714 0.33283555791487973 0.21478071151646452 1620000.0000001136
6.900692578824714 0.33283555791487973 0.21478071151646452 1620000.0000001136
6.900692578824714 0.33283555791487973 0.21478071151646452 1620000.0000001136
6.900692578824714 0.33283555791487973 0.21478071151646452 1620000.0000001136
6.900692578824714 0.33283555791487973 0.21478071151646452 1620000.0000001136
6.900692578824714 0.33283555791487973 0.21478071151646452 1620000.0000001136
6.900692578824714 0.33283555791487973 0.21478071151646452 1620000.0000001136
6.900692578824714 0.33283555791487973 0.21478071151646452 1620000.0000001136
6.900692578824714 0.33283555791487973 0.21478071151646452 1620000.0000001136
6.900692578824714 0.33283555791487973 0.21478071151646452 1620000.0000001136
6.900692578824714 0.33283555791487973 0.21478071151646452 1620000.0000001136
6.900692578824714 0.33283555791487973 0.21478071151646452 1620000.0000001136
6.900692578824714 0.33283555791487973 0.21478071151646452 1620000.0000001136
6.900692578824714 0.33283555791487973 0.21478071151646452 1620000.0000001136
6.900692578824714 0.33283555791487973 0.21478071151646452 1620000.0000001136
6.900692578824714 0.33283555791487973 0.21478071151646452 1620000.0000001136
6.900692578824714 0.33283555791487973 0.21478071151646452 1620000.0000001136
6.900692578824714 0.33283555791487973 0.21478071151646452 1620000.0000001136
6.900692578824714 0.33283555791487973 0.21478071151646452 1620000.0000001136
6.900692578824714 0.33283555791487973 0.21478071151646452 1620000.0000001136
6.900692578824714 0.33283555791487973 0.21478071151646452 1620000.0000001136
6.900692578824714 0.33283555791487973 0.21478071151646452 1620000.0000001136
6.98013240879538 0.3372292125962414 0.22314786233216022 0.0 0,1,1 coil/filament1/filament2
6.667840884177683 1.3273818078757065 0.19209005441671015 1620000.000000077
6.592053261263645 1.3018569886530449 0.19426256832693026 1620000.000000077
6.592053261263645 1.3018569886530449 0.19426256832693026 1620000.000000077
6.592053261263645 1.3018569886530449 0.19426256832693026 1620000.000000077
6.592053261263645 1.3018569886530449 0.19426256832693026 1620000.000000077
6.592053261263645 1.3018569886530449 0.19426256832693026 1620000.000000077
6.592053261263645 1.3018569886530449 0.19426256832693026 1620000.000000077
6.592053261263645 1.3018569886530449 0.19426256832693026 1620000.000000077
6.592053261263645 1.3018569886530449 0.19426256832693026 1620000.000000077
6.592053261263645 1.3018569886530449 0.19426256832693026 1620000.000000077
6.592053261263645 1.3018569886530449 0.19426256832693026 1620000.000000077
6.592053261263645 1.3018569886530449 0.19426256832693026 1620000.000000077
6.592053261263645 1.3018569886530449 0.19426256832693026 1620000.000000077
6.592053261263645 1.3018569886530449 0.19426256832693026 1620000.000000077
6.592053261263645 1.3018569886530449 0.19426256832693026 1620000.000000077
6.592053261263645 1.3018569886530449 0.19426256832693026 1620000.000000077
6.592053261263645 1.3018569886530449 0.19426256832693026 1620000.000000077
6.592053261263645 1.3018569886530449 0.19426256832693026 1620000.000000077
6.592053261263645 1.3018569886530449 0.19426256832693026 1620000.000000077
6.592053261263645 1.3018569886530449 0.19426256832693026 1620000.000000077
6.592053261263645 1.3018569886530449 0.19426256832693026 1620000.000000077
6.592053261263645 1.3018569886530449 0.19426256832693026 1620000.000000077
6.592053261263645 1.3018569886530449 0.19426256832693026 1620000.000000077
6.592053261263645 1.3018569886530449 0.19426256832693026 1620000.000000077
6.592053261263645 1.3018569886530449 0.19426256832693026 1620000.000000077
6.592053261263645 1.3018569886530449 0.19426256832693026 1620000.000000077
6.592053261263645 1.3018569886530449 0.19426256832693026 1620000.000000077
6.592053261263645 1.3018569886530449 0.19426256832693026 1620000.000000077
6.592053261263645 1.3018569886530449 0.19426256832693026 1620000.000000077
6.592053261263645 1.3018569886530449 0.19426256832693026 1620000.000000077
6.592053261263645 1.3018569886530449 0.19426256832693026 1620000.000000077
6.592053261263645 1.3018569886530449 0.19426256832693026 1620000.000000077
6.592053261263645 1.3018569886530449 0.19426256832693026 1620000.000000077
6.592053261263645 1.3018569886530449 0.19426256832693026 1620000.000000077
6.592053261263645 1.3018569886530449 0.19426256832693026 1620000.000000077
6.592053261263645 1.3018569886530449 0.19426256832693026 1620000.000000077
6.592053261263645 1.3018569886530449 0.19426256832693026 1620000.000000077
6.592053261263645 1.3018569886530449 0.19426256832693026 1620000.000000077
6.592053261263645 1.3018569886530449 0.19426256832693026 1620000.000000077
6.592053261263645 1.3018569886530449 0.19426256832693026 1620000.000000077
6.592053261263645 1.3018569886530449 0.19426256832693026 1620000.000000077
6.592053261263645 1.3018569886530449 0.19426256832693026 1620000.000000077
6.592053261263645 1.3018569886530449 0.19426256832693026 1620000.000000077
6.592053261263645 1.3018569886530449 0.19426256832693026 1620000.000000077
6.592053261263645 1.3018569886530449 0.19426256832693026 1620000.000000077
6.592053261263645 1.3018569886530449 0.19426256832693026 1620000.000000077
6.592053261263645 1.3018569886530449 0.19426256832693026 1620000.000000077
6.592053261263645 1.3018569886530449 0.19426256832693026 1620000.000000077
6.592053261263645 1.3018569886530449 0.19426256832693026 1620000.000000077
6.592053261263645 1.3018569886530449 0.19426256832693026 1620000.000000077
6.592053261263645 1.3018569886530449 0.19426256832693026 1620000.000000077
6.592053261263645 1.3018569886530449 0.19426256832693026 1620000.000000077
6.592053261263645 1.3018569886530449 0.19426256832693026 1620000.000000077
6.592053261263645 1.3018569886530449 0.19426256832693026 1620000.000000077
6.592053261263645 1.3018569886530449 0.19426256832693026 1620000.000000077
6.592053261263645 1.3018569886530449 0.19426256832693026 1620000.000000077
6.592053261263645 1.3018569886530449 0.19426256832693026 1620000.000000077
6.592053261263645 1.3018569886530449 0.19426256832693026 1620000.000000077
6.592053261263645 1.3018569886530449 0.19426256832693026 1620000.000000077
6.592053261263645 1.3018569886530449 0.19426256832693026 1620000.000000077
6.592053261263645 1.3018569886530449 0.19426256832693026 1620000.000000077
6.592053261263645 1.3018569886530449 0.19426256832693026 1620000.000000077
6.592053261263645 1.3018569886530449 0.19426256832693026 1620000.000000077
6.592053261263645 1.3018569886530449 0.19426256832693026 1620000.000000077
6.667840884177683 1.3273818078757065 0.19209005441671015 0.0 1,0,0 coil/filament1/filament2
6.674057149554414 1.3103055935868468 0.3010644272945484 1620000.000000077
6.598039091075269 1.2854430200804172 0.29930169540945983 1620000.000000077
6.598039091075269 1.2854430200804172 0.29930169540945983 1620000.000000077
6.598039091075269 1.2854430200804172 0.29930169540945983 1620000.000000077
6.598039091075269 1.2854430200804172 0.29930169540945983 1620000.000000077
6.598039091075269 1.2854430200804172 0.29930169540945983 1620000.000000077
6.598039091075269 1.2854430200804172 0.29930169540945983 1620000.000000077
6.598039091075269 1.2854430200804172 0.29930169540945983 1620000.000000077
6.598039091075269 1.2854430200804172 0.29930169540945983 1620000.000000077
6.598039091075269 1.2854430200804172 0.29930169540945983 1620000.000000077
6.598039091075269 1.2854430200804172 0.29930169540945983 1620000.000000077
6.598039091075269 1.2854430200804172 0.29930169540945983 1620000.000000077
6.598039091075269 1.2854430200804172 0.29930169540945983 1620000.000000077
6.598039091075269 1.2854430200804172 0.29930169540945983 1620000.000000077
6.598039091075269 1.2854430200804172 0.29930169540945983 1620000.000000077
6.598039091075269 1.2854430200804172 0.29930169540945983 1620000.000000077
6.598039091075269 1.2854430200804172 0.29930169540945983 1620000.000000077
6.598039091075269 1.2854430200804172 0.29930169540945983 1620000.000000077
6.598039091075269 1.2854430200804172 0.29930169540945983 1620000.000000077
6.598039091075269 1.2854430200804172 0.29930169540945983 1620000.000000077
6.598039091075269 1.2854430200804172 0.29930169540945983 1620000.000000077
6.598039091075269 1.2854430200804172 0.29930169540945983 1620000.000000077
6.598039091075269 1.2854430200804172 0.29930169540945983 1620000.000000077
6.598039091075269 1.2854430200804172 0.29930169540945983 1620000.000000077
6.598039091075269 1.2854430200804172 0.29930169540945983 1620000.000000077
6.598039091075269 1.2854430200804172 0.29930169540945983 1620000.000000077
6.598039091075269 1.2854430200804172 0.29930169540945983 1620000.000000077
6.598039091075269 1.2854430200804172 0.29930169540945983 1620000.000000077
6.598039091075269 1.2854430200804172 0.29930169540945983 1620000.000000077
6.598039091075269 1.2854430200804172 0.29930169540945983 1620000.000000077
6.598039091075269 1.2854430200804172 0.29930169540945983 1620000.000000077
6.598039091075269 1.2854430200804172 0.29930169540945983 1620000.000000077
6.598039091075269 1.2854430200804172 0.29930169540945983 1620000.000000077
6.598039091075269 1.2854430200804172 0.29930169540945983 1620000.000000077
6.598039091075269 1.2854430200804172 0.29930169540945983 1620000.000000077
6.598039091075269 1.2854430200804172 0.29930169540945983 1620000.000000077
6.598039091075269 1.2854430200804172 0.29930169540945983 1620000.000000077
6.598039091075269 1.2854430200804172 0.29930169540945983 1620000.000000077
6.598039091075269 1.2854430200804172 0.29930169540945983 1620000.000000077
6.598039091075269 1.2854430200804172 0.29930169540945983 1620000.000000077
6.598039091075269 1.2854430200804172 0.29930169540945983 1620000.000000077
6.598039091075269 1.2854430200804172 0.29930169540945983 1620000.000000077
6.598039091075269 1.2854430200804172 0.29930169540945983 1620000.000000077
6.598039091075269 1.2854430200804172 0.29930169540945983 1620000.000000077
6.598039091075269 1.2854430200804172 0.29930169540945983 1620000.000000077
6.598039091075269 1.2854430200804172 0.29930169540945983 1620000.000000077
6.598039091075269 1.2854430200804172 0.29930169540945983 1620000.000000077
6.598039091075269 1.2854430200804172 0.29930169540945983 1620000.000000077
6.598039091075269 1.2854430200804172 0.29930169540945983 1620000.000000077
6.598039091075269 1.2854430200804172 0.29930169540945983 1620000.000000077
6.598039091075269 1.2854430200804172 0.29930169540945983 1620000.000000077
6.598039091075269 1.2854430200804172 0.29930169540945983 1620000.000000077
6.598039091075269 1.2854430200804172 0.29930169540945983 1620000.000000077
6.598039091075269 1.2854430200804172 0.29930169540945983 1620000.000000077
6.598039091075269 1.2854430200804172 0.29930169540945983 1620000.000000077
6.598039091075269 1.2854430200804172 0.29930169540945983 1620000.000000077
6.598039091075269 1.2854430200804172 0.29930169540945983 1620000.000000077
6.598039091075269 1.2854430200804172 0.29930169540945983 1620000.000000077
6.598039091075269 1.2854430200804172 0.29930169540945983 1620000.000000077
6.598039091075269 1.2854430200804172 0.29930169540945983 1620000.000000077
6.598039091075269 1.2854430200804172 0.29930169540945983 1620000.000000077
6.598039091075269 1.2854430200804172 0.29930169540945983 1620000.000000077
6.598039091075269 1.2854430200804172 0.29930169540945983 1620000.000000077
6.598039091075269 1.2854430200804172 0.29930169540945983 1620000.000000077
6.674057149554414 1.3103055935868468 0.3010644272945484 0.0 1,0,1 coil/filament1/filament2
6.692283102119841 1.2532994710110816 0.17435913941651046 1620000.000000077
6.6164954792058035 1.22777465178842 0.17653165332673057 1620000.000000077
6.6164954792058035 1.22777465178842 0.17653165332673057 1620000.000000077
6.6164954792058035 1.22777465178842 0.17653165332673057 1620000.000000077
6.6164954792058035 1.22777465178842 0.17653165332673057 1620000.000000077
6.6164954792058035 1.22777465178842 0.17653165332673057 1620000.000000077
6.6164954792058035 1.22777465178842 0.17653165332673057 1620000.000000077
6.6164954792058035 1.22777465178842 0.17653165332673057 1620000.000000077
6.6164954792058035 1.22777465178842 0.17653165332673057 1620000.000000077
6.6164954792058035 1.22777465178842 0.17653165332673057 1620000.000000077
6.6164954792058035 1.22777465178842 0.17653165332673057 1620000.000000077
6.6164954792058035 1.22777465178842 0.17653165332673057 1620000.000000077
6.6164954792058035 1.22777465178842 0.17653165332673057 1620000.000000077
6.6164954792058035 1.22777465178842 0.17653165332673057 1620000.000000077
6.6164954792058035 1.22777465178842 0.17653165332673057 1620000.000000077
6.6164954792058035 1.22777465178842 0.17653165332673057 1620000.000000077
6.6164954792058035 1.22777465178842 0.17653165332673057 1620000.000000077
6.6164954792058035 1.22777465178842 0.17653165332673057 1620000.000000077
6.6164954792058035 1.22777465178842 0.17653165332673057 1620000.000000077
6.6164954792058035 1.22777465178842 0.17653165332673057 1620000.000000077
6.6164954792058035 1.22777465178842 0.17653165332673057 1620000.000000077
6.6164954792058035 1.22777465178842 0.17653165332673057 1620000.000000077
6.6164954792058035 1.22777465178842 0.17653165332673057 1620000.000000077
6.6164954792058035 1.22777465178842 0.17653165332673057 1620000.000000077
6.6164954792058035 1.22777465178842 0.17653165332673057 1620000.000000077
6.6164954792058035 1.22777465178842 0.17653165332673057 1620000.000000077
6.6164954792058035 1.22777465178842 0.17653165332673057 1620000.000000077
6.6164954792058035 1.22777465178842 0.17653165332673057 1620000.000000077
6.6164954792058035 1.22777465178842 0.17653165332673057 1620000.000000077
6.6164954792058035 1.22777465178842 0.17653165332673057 1620000.000000077
6.6164954792058035 1.22777465178842 0.17653165332673057 1620000.000000077
6.6164954792058035 1.22777465178842 0.17653165332673057 1620000.000000077
6.6164954792058035 1.22777465178842 0.17653165332673057 1620000.000000077
6.6164954792058035 1.22777465178842 0.17653165332673057 1620000.000000077
6.6164954792058035 1.22777465178842 0.17653165332673057 1620000.000000077
6.6164954792058035 1.22777465178842 0.17653165332673057 1620000.000000077
6.6164954792058035 1.22777465178842 0.17653165332673057 1620000.000000077
6.6164954792058035 1.22777465178842 0.17653165332673057 1620000.000000077
6.6164954792058035 1.22777465178842 0.17653165332673057 1620000.000000077
6.6164954792058035 1.22777465178842 0.17653165332673057 1620000.000000077
6.6164954792058035 1.22777465178842 0.17653165332673057 1620000.000000077
6.6164954792058035 1.22777465178842 0.17653165332673057 1620000.000000077
6.6164954792058035 1.22777465178842 0.17653165332673057 1620000.000000077
6.6164954792058035 1.22777465178842 0.17653165332673057 1620000.000000077
6.6164954792058035 1.22777465178842 0.17653165332673057 1620000.000000077
6.6164954792058035 1.22777465178842 0.17653165332673057 1620000.000000077
6.6164954792058035 1.22777465178842 0.17653165332673057 1620000.000000077
6.6164954792058035 1.22777465178842 0.17653165332673057 1620000.000000077
6.6164954792058035 1.22777465178842 0.17653165332673057 1620000.000000077
6.6164954792058035 1.22777465178842 0.17653165332673057 1620000.000000077
6.6164954792058035 1.22777465178842 0.17653165332673057 1620000.000000077
6.6164954792058035 1.22777465178842 0.17653165332673057 1620000.000000077
6.6164954792058035 1.22777465178842 0.17653165332673057 1620000.000000077
6.6164954792058035 1.22777465178842 0.17653165332673057 1620000.000000077
6.6164954792058035 1.22777465178842 0.17653165332673057 1620000.000000077
6.6164954792058035 1.22777465178842 0.17653165332673057 1620000.000000077
6.6164954792058035 1.22777465178842 0.17653165332673057 1620000.000000077
6.6164954792058035 1.22777465178842 0.17653165332673057 1620000.000000077
6.6164954792058035 1.22777465178842 0.17653165332673057 1620000.000000077
6.6164954792058035 1.22777465178842 0.17653165332673057 1620000.000000077
6.6164954792058035 1.22777465178842 0.17653165332673057 1620000.000000077
6.6164954792058035 1.22777465178842 0.17653165332673057 1620000.000000077
6.6164954792058035 1.22777465178842 0.17653165332673057 1620000.000000077
6.6164954792058035 1.22777465178842 0.17653165332673057 1620000.000000077
6.692283102119841 1.2532994710110816 0.17435913941651046 0.0 1,1,0 coil/filament1/filament2
6.698962658618876 1.2347607270322638 0.29253865721259775 1620000.000000077
6.622944600139731 1.2098981535258342 0.2907759253275092 1620000.000000077
6.622944600139731 1.2098981535258342 0.2907759253275092 1620000.000000077
6.622944600139731 1.2098981535258342 0.2907759253275092 1620000.000000077
6.622944600139731 1.2098981535258342 0.2907759253275092 1620000.000000077
6.622944600139731 1.2098981535258342 0.2907759253275092 1620000.000000077
6.622944600139731 1.2098981535258342 0.2907759253275092 1620000.000000077
6.622944600139731 1.2098981535258342 0.2907759253275092 1620000.000000077
6.622944600139731 1.2098981535258342 0.2907759253275092 1620000.000000077
6.622944600139731 1.2098981535258342 0.2907759253275092 1620000.000000077
6.622944600139731 1.2098981535258342 0.2907759253275092 1620000.000000077
6.622944600139731 1.2098981535258342 0.2907759253275092 1620000.000000077
6.622944600139731 1.2098981535258342 0.2907759253275092 1620000.000000077
6.622944600139731 1.2098981535258342 0.2907759253275092 1620000.000000077
6.622944600139731 1.2098981535258342 0.2907759253275092 1620000.000000077
6.622944600139731 1.2098981535258342 0.2907759253275092 1620000.000000077
6.622944600139731 1.2098981535258342 0.2907759253275092 1620000.000000077
6.622944600139731 1.2098981535258342 0.2907759253275092 1620000.000000077
6.622944600139731 1.2098981535258342 0.2907759253275092 1620000.000000077
6.622944600139731 1.2098981535258342 0.2907759253275092 1620000.000000077
6.622944600139731 1.2098981535258342 0.2907759253275092 1620000.000000077
6.622944600139731 1.2098981535258342 0.2907759253275092 1620000.000000077
6.622944600139731 1.2098981535258342 0.2907759253275092 1620000.000000077
6.622944600139731 1.2098981535258342 0.2907759253275092 1620000.000000077
6.622944600139731 1.2098981535258342 0.2907759253275092 1620000.000000077
6.622944600139731 1.2098981535258342 0.2907759253275092 1620000.000000077
6.622944600139731 1.2098981535258342 0.2907759253275092 1620000.000000077
6.622944600139731 1.2098981535258342 0.2907759253275092 1620000.000000077
6.622944600139731 1.2098981535258342 0.2907759253275092 1620000.000000077
6.622944600139731 1.2098981535258342 0.2907759253275092 1620000.000000077
6.622944600139731 1.2098981535258342 0.2907759253275092 1620000.000000077
6.622944600139731 1.2098981535258342 0.2907759253275092 1620000.000000077
6.622944600139731 1.2098981535258342 0.2907759253275092 1620000.000000077
6.622944600139731 1.2098981535258342 0.2907759253275092 1620000.000000077
6.622944600139731 1.2098981535258342 0.2907759253275092 1620000.000000077
6.622944600139731 1.2098981535258342 0.2907759253275092 1620000.000000077
6.622944600139731 1.2098981535258342 0.2907759253275092 1620000.000000077
6.622944600139731 1.2098981535258342 0.2907759253275092 1620000.000000077
6.622944600139731 1.2098981535258342 0.2907759253275092 1620000.000000077
6.622944600139731 1.2098981535258342 0.2907759253275092 1620000.000000077
6.622944600139731 1.2098981535258342 0.2907759253275092 1620000.000000077
6.622944600139731 1.2098981535258342 0.2907759253275092 1620000.000000077
6.622944600139731 1.2098981535258342 0.2907759253275092 1620000.000000077
6.622944600139731 1.2098981535258342 0.2907759253275092 1620000.000000077
6.622944600139731 1.2098981535258342 0.2907759253275092 1620000.000000077
6.622944600139731 1.2098981535258342 0.2907759253275092 1620000.000000077
6.622944600139731 1.2098981535258342 0.2907759253275092 1620000.000000077
6.622944600139731 1.2098981535258342 0.2907759253275092 1620000.000000077
6.622944600139731 1.2098981535258342 0.2907759253275092 1620000.000000077
6.622944600139731 1.2098981535258342 0.2907759253275092 1620000.000000077
6.622944600139731 1.2098981535258342 0.2907759253275092 1620000.000000077
6.622944600139731 1.2098981535258342 0.2907759253275092 1620000.000000077
6.622944600139731 1.2098981535258342 0.2907759253275092 1620000.000000077
6.622944600139731 1.2098981535258342 0.2907759253275092 1620000.000000077
6.622944600139731 1.2098981535258342 0.2907759253275092 1620000.000000077
6.622944600139731 1.2098981535258342 0.2907759253275092 1620000.000000077
6.622944600139731 1.2098981535258342 0.2907759253275092 1620000.000000077
6.622944600139731 1.2098981535258342 0.2907759253275092 1620000.000000077
6.622944600139731 1.2098981535258342 0.2907759253275092 1620000.000000077
6.622944600139731 1.2098981535258342 0.2907759253275092 1620000.000000077
6.622944600139731 1.2098981535258342 0.2907759253275092 1620000.000000077
6.622944600139731 1.2098981535258342 0.2907759253275092 1620000.000000077
6.622944600139731 1.2098981535258342 0.2907759253275092 1620000.000000077
6.622944600139731 1.2098981535258342 0.2907759253275092 1620000.000000077
6.698962658618876 1.2347607270322638 0.29253865721259775 0.0 1,1,1 coil/filament1/filament2
6.243737136499858 2.205064056063475 0.23084353064518234 1619999.9999999965
6.176735065888756 2.1614123806595664 0.23313564064617495 1619999.9999999965
6.176735065888756 2.1614123806595664 0.23313564064617495 1619999.9999999965
6.176735065888756 2.1614123806595664 0.23313564064617495 1619999.9999999965
6.176735065888756 2.1614123806595664 0.23313564064617495 1619999.9999999965
6.176735065888756 2.1614123806595664 0.23313564064617495 1619999.9999999965
6.176735065888756 2.1614123806595664 0.23313564064617495 1619999.9999999965
6.176735065888756 2.1614123806595664 0.23313564064617495 1619999.9999999965
6.176735065888756 2.1614123806595664 0.23313564064617495 1619999.9999999965
6.176735065888756 2.1614123806595664 0.23313564064617495 1619999.9999999965
6.176735065888756 2.1614123806595664 0.23313564064617495 1619999.9999999965
6.176735065888756 2.1614123806595664 0.23313564064617495 1619999.9999999965
6.176735065888756 2.1614123806595664 0.23313564064617495 1619999.9999999965
6.176735065888756 2.1614123806595664 0.23313564064617495 1619999.9999999965
6.176735065888756 2.1614123806595664 0.23313564064617495 1619999.9999999965
6.176735065888756 2.1614123806595664 0.23313564064617495 1619999.9999999965
6.176735065888756 2.1614123806595664 0.23313564064617495 1619999.9999999965
6.176735065888756 2.1614123806595664 0.23313564064617495 1619999.9999999965
6.176735065888756 2.1614123806595664 0.23313564064617495 1619999.9999999965
6.176735065888756 2.1614123806595664 0.23313564064617495 1619999.9999999965
6.176735065888756 2.1614123806595664 0.23313564064617495 1619999.9999999965
6.176735065888756 2.1614123806595664 0.23313564064617495 1619999.9999999965
6.176735065888756 2.1614123806595664 0.23313564064617495 1619999.9999999965
6.176735065888756 2.1614123806595664 0.23313564064617495 1619999.9999999965
6.176735065888756 2.1614123806595664 0.23313564064617495 1619999.9999999965
6.176735065888756 2.1614123806595664 0.23313564064617495 1619999.9999999965
6.176735065888756 2.1614123806595664 0.23313564064617495 1619999.9999999965
6.176735065888756 2.1614123806595664 0.23313564064617495 1619999.9999999965
6.176735065888756 2.1614123806595664 0.23313564064617495 1619999.9999999965
6.176735065888756 2.1614123806595664 0.23313564064617495 1619999.9999999965
6.176735065888756 2.1614123806595664 0.23313564064617495 1619999.9999999965
6.176735065888756 2.1614123806595664 0.23313564064617495 1619999.9999999965
6.176735065888756 2.1614123806595664 0.23313564064617495 1619999.9999999965
6.176735065888756 2.1614123806595664 0.23313564064617495 1619999.9999999965
6.176735065888756 2.1614123806595664 0.23313564064617495 1619999.9999999965
6.176735065888756 2.1614123806595664 0.23313564064617495 1619999.9999999965
6.176735065888756 2.1614123806595664 0.23313564064617495 1619999.9999999965
6.176735065888756 2.1614123806595664 0.23313564064617495 1619999.9999999965
6.176735065888756 2.1614123806595664 0.23313564064617495 1619999.9999999965
6.176735065888756 2.1614123806595664 0.23313564064617495 1619999.9999999965
6.176735065888756 2.1614123806595664 0.23313564064617495 1619999.9999999965
6.176735065888756 2.1614123806595664 0.23313564064617495 1619999.9999999965
6.176735065888756 2.1614123806595664 0.23313564064617495 1619999.9999999965
6.176735065888756 2.1614123806595664 0.23313564064617495 1619999.9999999965
6.176735065888756 2.1614123806595664 0.23313564064617495 1619999.9999999965
6.176735065888756 2.1614123806595664 0.23313564064617495 1619999.9999999965
6.176735065888756 2.1614123806595664 0.23313564064617495 1619999.9999999965
6.176735065888756 2.1614123806595664 0.23313564064617495 1619999.9999999965
6.176735065888756 2.1614123806595664 0.23313564064617495 1619999.9999999965
6.176735065888756 2.1614123806595664 0.23313564064617495 1619999.9999999965
6.176735065888756 2.1614123806595664 0.23313564064617495 1619999.9999999965
6.176735065888756 2.1614123806595664 0.23313564064617495 1619999.9999999965
6.176735065888756 2.1614123806595664 0.23313564064617495 1619999.9999999965
6.176735065888756 2.1614123806595664 0.23313564064617495 1619999.9999999965
6.176735065888756 2.1614123806595664 0.23313564064617495 1619999.9999999965
6.176735065888756 2.1614123806595664 0.23313564064617495 1619999.9999999965
6.176735065888756 2.1614123806595664 0.23313564064617495 1619999.9999999965
6.176735065888756 2.1614123806595664 0.23313564064617495 1619999.9999999965
6.176735065888756 2.1614123806595664 0.23313564064617495 1619999.9999999965
6.176735065888756 2.1614123806595664 0.23313564064617495 1619999.9999999965
6.176735065888756 2.1614123806595664 0.23313564064617495 1619999.9999999965
6.176735065888756 2.1614123806595664 0.23313564064617495 1619999.9999999965
6.176735065888756 2.1614123806595664 0.23313564064617495 1619999.9999999965
6.176735065888756 2.1614123806595664 0.23313564064617495 1619999.9999999965
6.243737136499858 2.205064056063475 0.23084353064518234 0.0 2,0,0 coil/filament1/filament2
6.235299541607051 2.2186029802310245 0.33115219182128197 1619999.9999999965
6.168572962950245 2.174543444460185 0.32863803024828303 1619999.9999999965
6.168572962950245 2.174543444460185 0.32863803024828303 1619999.9999999965
6.168572962950245 2.174543444460185 0.32863803024828303 1619999.9999999965
6.168572962950245 2.174543444460185 0.32863803024828303 1619999.9999999965
6.168572962950245 2.174543444460185 0.32863803024828303 1619999.9999999965
6.168572962950245 2.174543444460185 0.32863803024828303 1619999.9999999965
6.168572962950245 2.174543444460185 0.32863803024828303 1619999.9999999965
6.168572962950245 2.174543444460185 0.32863803024828303 1619999.9999999965
6.168572962950245 2.174543444460185 0.32863803024828303 1619999.9999999965
6.168572962950245 2.174543444460185 0.32863803024828303 1619999.9999999965
6.168572962950245 2.174543444460185 0.32863803024828303 1619999.9999999965
6.168572962950245 2.174543444460185 0.32863803024828303 1619999.9999999965
6.168572962950245 2.174543444460185 0.32863803024828303 1619999.9999999965
6.168572962950245 2.174543444460185 0.32863803024828303 1619999.9999999965
6.168572962950245 2.174543444460185 0.32863803024828303 1619999.9999999965
6.168572962950245 2.174543444460185 0.32863803024828303 1619999.9999999965
6.168572962950245 2.174543444460185 0.32863803024828303 1619999.9999999965
6.168572962950245 2.174543444460185 0.32863803024828303 1619999.9999999965
6.168572962950245 2.174543444460185 0.32863803024828303 1619999.9999999965
6.168572962950245 2.174543444460185 0.32863803024828303 1619999.9999999965
6.168572962950245 2.174543444460185 0.32863803024828303 1619999.9999999965
6.168572962950245 2.174543444460185 0.32863803024828303 1619999.9999999965
6.168572962950245 2.174543444460185 0.32863803024828303 1619999.9999999965
6.168572962950245 2.174543444460185 0.32863803024828303 1619999.9999999965
6.168572962950245 2.174543444460185 0.32863803024828303 1619999.9999999965
6.168572962950245 2.174543444460185 0.32863803024828303 1619999.9999999965
6.168572962950245 2.174543444460185 0.32863803024828303 1619999.9999999965
6.168572962950245 2.174543444460185 0.32863803024828303 1619999.9999999965
6.168572962950245 2.174543444460185 0.32863803024828303 1619999.9999999965
6.168572962950245 2.174543444460185 0.32863803024828303 1619999.9999999965
6.168572962950245 2.174543444460185 0.32863803024828303 1619999.9999999965
6.168572962950245 2.174543444460185 0.32863803024828303 1619999.9999999965
6.168572962950245 2.174543444460185 0.32863803024828303 1619999.9999999965
6.168572962950245 2.174543444460185 0.32863803024828303 1619999.9999999965
6.168572962950245 2.174543444460185 0.32863803024828303 1619999.9999999965
6.168572962950245 2.174543444460185 0.32863803024828303 1619999.9999999965
6.168572962950245 2.174543444460185 0.32863803024828303 1619999.9999999965
6.168572962950245 2.174543444460185 0.32863803024828303 1619999.9999999965
6.168572962950245 2.174543444460185 0.32863803024828303 1619999.9999999965
6.168572962950245 2.174543444460185 0.32863803024828303 1619999.9999999965
6.168572962950245 2.174543444460185 0.32863803024828303 1619999.9999999965
6.168572962950245 2.174543444460185 0.32863803024828303 1619999.9999999965
6.168572962950245 2.174543444460185 0.32863803024828303 1619999.9999999965
6.168572962950245 2.174543444460185 0.32863803024828303 1619999.9999999965
6.168572962950245 2.174543444460185 0.32863803024828303 1619999.9999999965
6.168572962950245 2.174543444460185 0.32863803024828303 1619999.9999999965
6.168572962950245 2.174543444460185 0.32863803024828303 1619999.9999999965
6.168572962950245 2.174543444460185 0.32863803024828303 1619999.9999999965
6.168572962950245 2.174543444460185 0.32863803024828303 1619999.9999999965
6.168572962950245 2.174543444460185 0.32863803024828303 1619999.9999999965
6.168572962950245 2.174543444460185 0.32863803024828303 1619999.9999999965
6.168572962950245 2.174543444460185 0.32863803024828303 1619999.9999999965
6.168572962950245 2.174543444460185 0.32863803024828303 1619999.9999999965
6.168572962950245 2.174543444460185 0.32863803024828303 1619999.9999999965
6.168572962950245 2.174543444460185 0.32863803024828303 1619999.9999999965
6.168572962950245 2.174543444460185 0.32863803024828303 1619999.9999999965
6.168572962950245 2.174543444460185 0.32863803024828303 1619999.9999999965
6.168572962950245 2.174543444460185 0.32863803024828303 1619999.9999999965
6.168572962950245 2.174543444460185 0.32863803024828303 1619999.9999999965
6.168572962950245 2.174543444460185 0.32863803024828303 1619999.9999999965
6.168572962950245 2.174543444460185 0.32863803024828303 1619999.9999999965
6.168572962950245 2.174543444460185 0.32863803024828303 1619999.9999999965
6.168572962950245 2.174543444460185 0.32863803024828303 1619999.9999999965
6.235299541607051 2.2186029802310245 0.33115219182128197 0.0 2,0,1 coil/filament1/filament2
6.28650689047381 2.1404623980883324 0.2507777708331184 1619999.9999999965
6.219504819862708 2.096810722684424 0.253069880834111 1619999.9999999965
6.219504819862708 2.096810722684424 0.253069880834111 1619999.9999999965
6.219504819862708 2.096810722684424 0.253069880834111 1619999.9999999965
6.219504819862708 2.096810722684424 0.253069880834111 1619999.9999999965
6.219504819862708 2.096810722684424 0.253069880834111 1619999.9999999965
6.219504819862708 2.096810722684424 0.253069880834111 1619999.9999999965
6.219504819862708 2.096810722684424 0.253069880834111 1619999.9999999965
6.219504819862708 2.096810722684424 0.253069880834111 1619999.9999999965
6.219504819862708 2.096810722684424 0.253069880834111 1619999.9999999965
6.219504819862708 2.096810722684424 0.253069880834111 1619999.9999999965
6.219504819862708 2.096810722684424 0.253069880834111 1619999.9999999965
6.219504819862708 2.096810722684424 0.253069880834111 1619999.9999999965
6.219504819862708 2.096810722684424 0.253069880834111 1619999.9999999965
6.219504819862708 2.096810722684424 0.253069880834111 1619999.9999999965
6.219504819862708 2.096810722684424 0.253069880834111 1619999.9999999965
6.219504819862708 2.096810722684424 0.253069880834111 1619999.9999999965
6.219504819862708 2.096810722684424 0.253069880834111 1619999.9999999965
6.219504819862708 2.096810722684424 0.253069880834111 1619999.9999999965
6.219504819862708 2.096810722684424 0.253069880834111 1619999.9999999965
6.219504819862708 2.096810722684424 0.253069880834111 1619999.9999999965
6.219504819862708 2.096810722684424 0.253069880834111 1619999.9999999965
6.219504819862708 2.096810722684424 0.253069880834111 1619999.9999999965
6.219504819862708 2.096810722684424 0.253069880834111 1619999.9999999965
6.219504819862708 2.096810722684424 0.253069880834111 1619999.9999999965
6.219504819862708 2.096810722684424 0.253069880834111 1619999.9999999965
6.219504819862708 2.096810722684424 0.253069880834111 1619999.9999999965
6.219504819862708 2.096810722684424 0.253069880834111 1619999.9999999965
6.219504819862708 2.096810722684424 0.253069880834111 1619999.9999999965
6.219504819862708 2.096810722684424 0.253069880834111 1619999.9999999965
6.219504819862708 2.096810722684424 0.253069880834111 1619999.9999999965
6.219504819862708 2.096810722684424 0.253069880834111 1619999.9999999965
6.219504819862708 2.096810722684424 0.253069880834111 1619999.9999999965
6.219504819862708 2.096810722684424 0.253069880834111 1619999.9999999965
6.219504819862708 2.096810722684424 0.253069880834111 1619999.9999999965
6.219504819862708 2.096810722684424 0.253069880834111 1619999.9999999965
6.219504819862708 2.096810722684424 0.253069880834111 1619999.9999999965
6.219504819862708 2.096810722684424 0.253069880834111 1619999.9999999965
6.219504819862708 2.096810722684424 0.253069880834111 1619999.9999999965
6.219504819862708 2.096810722684424 0.253069880834111 1619999.9999999965
6.219504819862708 2.096810722684424 0.253069880834111 1619999.9999999965
6.219504819862708 2.096810722684424 0.253069880834111 1619999.9999999965
6.219504819862708 2.096810722684424 0.253069880834111 1619999.9999999965
6.219504819862708 2.096810722684424 0.253069880834111 1619999.9999999965
6.219504819862708 2.096810722684424 0.253069880834111 1619999.9999999965
6.219504819862708 2.096810722684424 0.253069880834111 1619999.9999999965
6.219504819862708 2.096810722684424 0.253069880834111 1619999.9999999965
6.219504819862708 2.096810722684424 0.253069880834111 1619999.9999999965
6.219504819862708 2.096810722684424 0.253069880834111 1619999.9999999965
6.219504819862708 2.096810722684424 0.253069880834111 1619999.9999999965
6.219504819862708 2.096810722684424 0.253069880834111 1619999.9999999965
6.219504819862708 2.096810722684424 0.253069880834111 1619999.9999999965
6.219504819862708 2.096810722684424 0.253069880834111 1619999.9999999965
6.219504819862708 2.096810722684424 0.253069880834111 1619999.9999999965
6.219504819862708 2.096810722684424 0.253069880834111 1619999.9999999965
6.219504819862708 2.096810722684424 0.253069880834111 1619999.9999999965
6.219504819862708 2.096810722684424 0.253069880834111 1619999.9999999965
6.219504819862708 2.096810722684424 0.253069880834111 1619999.9999999965
6.219504819862708 2.096810722684424 0.253069880834111 1619999.9999999965
6.219504819862708 2.096810722684424 0.253069880834111 1619999.9999999965
6.219504819862708 2.096810722684424 0.253069880834111 1619999.9999999965
6.219504819862708 2.096810722684424 0.253069880834111 1619999.9999999965
6.219504819862708 2.096810722684424 0.253069880834111 1619999.9999999965
6.219504819862708 2.096810722684424 0.253069880834111 1619999.9999999965
6.28650689047381 2.1404623980883324 0.2507777708331184 0.0 2,1,0 coil/filament1/filament2
6.2791620962109995 2.1518881928890785 0.33617349180580164 1619999.9999999965
6.212435517554193 2.107828657118239 0.3336593302328027 1619999.9999999965
6.212435517554193 2.107828657118239 0.3336593302328027 1619999.9999999965
6.212435517554193 2.107828657118239 0.3336593302328027 1619999.9999999965
6.212435517554193 2.107828657118239 0.3336593302328027 1619999.9999999965
6.212435517554193 2.107828657118239 0.3336593302328027 1619999.9999999965
6.212435517554193 2.107828657118239 0.3336593302328027 1619999.9999999965
6.212435517554193 2.107828657118239 0.3336593302328027 1619999.9999999965
6.212435517554193 2.107828657118239 0.3336593302328027 1619999.9999999965
6.212435517554193 2.107828657118239 0.3336593302328027 1619999.9999999965
6.212435517554193 2.107828657118239 0.3336593302328027 1619999.9999999965
6.212435517554193 2.107828657118239 0.3336593302328027 1619999.9999999965
6.212435517554193 2.107828657118239 0.3336593302328027 1619999.9999999965
6.212435517554193 2.107828657118239 0.3336593302328027 1619999.9999999965
6.212435517554193 2.107828657118239 0.3336593302328027 1619999.9999999965
6.212435517554193 2.107828657118239 0.3336593302328027 1619999.9999999965
6.212435517554193 2.107828657118239 0.3336593302328027 1619999.9999999965
6.212435517554193 2.107828657118239 0.3336593302328027 1619999.9999999965
6.212435517554193 2.107828657118239 0.3336593302328027 1619999.9999999965
6.212435517554193 2.107828657118239 0.3336593302328027 1619999.9999999965
6.212435517554193 2.107828657118239 0.3336593302328027 1619999.9999999965
6.212435517554193 2.107828657118239 0.3336593302328027 1619999.9999999965
6.212435517554193 2.107828657118239 0.3336593302328027 1619999.9999999965
6.212435517554193 2.107828657118239 0.3336593302328027 1619999.9999999965
6.212435517554193 2.107828657118239 0.3336593302328027 1619999.9999999965
6.212435517554193 2.107828657118239 0.3336593302328027 1619999.9999999965
6.212435517554193 2.107828657118239 0.3336593302328027 1619999.9999999965
6.212435517554193 2.107828657118239 0.3336593302328027 1619999.9999999965
6.212435517554193 2.107828657118239 0.3336593302328027 1619999.9999999965
6.212435517554193 2.107828657118239 0.3336593302328027 1619999.9999999965
6.212435517554193 2.107828657118239 0.3336593302328027 1619999.9999999965
6.212435517554193 2.107828657118239 0.3336593302328027 1619999.9999999965
6.212435517554193 2.107828657118239 0.3336593302328027 1619999.9999999965
6.212435517554193 2.107828657118239 0.3336593302328027 1619999.9999999965
6.212435517554193 2.107828657118239 0.3336593302328027 1619999.9999999965
6.212435517554193 2.107828657118239 0.3336593302328027 1619999.9999999965
6.212435517554193 2.107828657118239 0.3336593302328027 1619999.9999999965
6.212435517554193 2.107828657118239 0.3336593302328027 1619999.9999999965
6.212435517554193 2.107828657118239 0.3336593302328027 1619999.9999999965
6.212435517554193 2.107828657118239 0.3336593302328027 1619999.9999999965
6.212435517554193 2.107828657118239 0.3336593302328027 1619999.9999999965
6.212435517554193 2.107828657118239 0.3336593302328027 1619999.9999999965
6.212435517554193 2.107828657118239 0.3336593302328027 1619999.9999999965
6.212435517554193 2.107828657118239 0.3336593302328027 1619999.9999999965
6.212435517554193 2.107828657118239 0.3336593302328027 1619999.9999999965
6.212435517554193 2.107828657118239 0.3336593302328027 1619999.9999999965
6.212435517554193 2.107828657118239 0.3336593302328027 1619999.9999999965
6.212435517554193 2.107828657118239 0.3336593302328027 1619999.9999999965
6.212435517554193 2.107828657118239 0.3336593302328027 1619999.9999999965
6.212435517554193 2.107828657118239 0.3336593302328027 1619999.9999999965
6.212435517554193 2.107828657118239 0.3336593302328027 1619999.9999999965
6.212435517554193 2.107828657118239 0.3336593302328027 1619999.9999999965
6.212435517554193 2.107828657118239 0.3336593302328027 1619999.9999999965
6.212435517554193 2.107828657118239 0.3336593302328027 1619999.9999999965
6.212435517554193 2.107828657118239 0.3336593302328027 1619999.9999999965
6.212435517554193 2.107828657118239 0.3336593302328027 1619999.9999999965
6.212435517554193 2.107828657118239 0.3336593302328027 1619999.9999999965
6.212435517554193 2.107828657118239 0.3336593302328027 1619999.9999999965
6.212435517554193 2.107828657118239 0.3336593302328027 1619999.9999999965
6.212435517554193 2.107828657118239 0.3336593302328027 1619999.9999999965
6.212435517554193 2.107828657118239 0.3336593302328027 1619999.9999999965
6.212435517554193 2.107828657118239 0.3336593302328027 1619999.9999999965
6.212435517554193 2.107828657118239 0.3336593302328027 1619999.9999999965
6.212435517554193 2.107828657118239 0.3336593302328027 1619999.9999999965
6.2791620962109995 2.1518881928890785 0.33617349180580164 0.0 2,1,1 coil/filament1/filament2
5.981047560065485 2.693217258713802 0.1830119722026451 1619999.9999999274
5.9178143267466154 2.651102098272042 0.1579546087139187 1619999.9999999274
5.9178143267466154 2.651102098272042 0.1579546087139187 1619999.9999999274
5.9178143267466154 2.651102098272042 0.1579546087139187 1619999.9999999274
5.9178143267466154 2.651102098272042 0.1579546087139187 1619999.9999999274
5.9178143267466154 2.651102098272042 0.1579546087139187 1619999.9999999274
5.9178143267466154 2.651102098272042 0.1579546087139187 1619999.9999999274
5.9178143267466154 2.651102098272042 0.1579546087139187 1619999.9999999274
5.9178143267466154 2.651102098272042 0.1579546087139187 1619999.9999999274
5.9178143267466154 2.651102098272042 0.1579546087139187 1619999.9999999274
5.9178143267466154 2.651102098272042 0.1579546087139187 1619999.9999999274
5.9178143267466154 2.651102098272042 0.1579546087139187 1619999.9999999274
5.9178143267466154 2.651102098272042 0.1579546087139187 1619999.9999999274
5.9178143267466154 2.651102098272042 0.1579546087139187 1619999.9999999274
5.9178143267466154 2.651102098272042 0.1579546087139187 1619999.9999999274
5.9178143267466154 2.651102098272042 0.1579546087139187 1619999.9999999274
5.9178143267466154 2.651102098272042 0.1579546087139187 1619999.9999999274
5.9178143267466154 2.651102098272042 0.1579546087139187 1619999.9999999274
5.9178143267466154 2.651102098272042 0.1579546087139187 1619999.9999999274
5.9178143267466154 2.651102098272042 0.1579546087139187 1619999.9999999274
5.9178143267466154 2.651102098272042 0.1579546087139187 1619999.9999999274
5.9178143267466154 2.651102098272042 0.1579546087139187 1619999.9999999274
5.9178143267466154 2.651102098272042 0.1579546087139187 1619999.9999999274
5.9178143267466154 2.651102098272042 0.1579546087139187 1619999.9999999274
5.9178143267466154 2.651102098272042 0.1579546087139187 1619999.9999999274
5.9178143267466154 2.651102098272042 0.1579546087139187 1619999.9999999274
5.9178143267466154 2.651102098272042 0.1579546087139187 1619999.9999999274
5.9178143267466154 2.651102098272042 0.1579546087139187 1619999.9999999274
5.9178143267466154 2.651102098272042 0.1579546087139187 1619999.9999999274
5.9178143267466154 2.651102098272042 0.1579546087139187 1619999.9999999274
5.9178143267466154 2.651102098272042 0.1579546087139187 1619999.9999999274
5.9178143267466154 2.651102098272042 0.1579546087139187 1619999.9999999274
5.9178143267466154 2.651102098272042 0.1579546087139187 1619999.9999999274
5.9178143267466154 2.651102098272042 0.1579546087139187 1619999.9999999274
5.9178143267466154 2.651102098272042 0.1579546087139187 1619999.9999999274
5.9178143267466154 2.651102098272042 0.1579546087139187 1619999.9999999274
5.9178143267466154 2.651102098272042 0.1579546087139187 1619999.9999999274
5.9178143267466154 2.651102098272042 0.1579546087139187 1619999.9999999274
5.9178143267466154 2.651102098272042 0.1579546087139187 1619999.9999999274
5.9178143267466154 2.651102098272042 0.1579546087139187 1619999.9999999274
5.9178143267466154 2.651102098272042 0.1579546087139187 1619999.9999999274
5.9178143267466154 2.651102098272042 0.1579546087139187 1619999.9999999274
5.9178143267466154 2.651102098272042 0.1579546087139187 1619999.9999999274
5.9178143267466154 2.651102098272042 0.1579546087139187 1619999.9999999274
5.9178143267466154 2.651102098272042 0.1579546087139187 1619999.9999999274
5.9178143267466154 2.651102098272042 0.1579546087139187 1619999.9999999274
5.9178143267466154 2.651102098272042 0.1579546087139187 1619999.9999999274
5.9178143267466154 2.651102098272042 0.1579546087139187 1619999.9999999274
5.9178143267466154 2.651102098272042 0.1579546087139187 1619999.9999999274
5.9178143267466154 2.651102098272042 0.1579546087139187 1619999.9999999274
5.9178143267466154 2.651102098272042 0.1579546087139187 1619999.9999999274
5.9178143267466154 2.651102098272042 0.1579546087139187 1619999.9999999274
5.9178143267466154 2.651102098272042 0.1579546087139187 1619999.9999999274
5.9178143267466154 2.651102098272042 0.1579546087139187 1619999.9999999274
5.9178143267466154 2.651102098272042 0.1579546087139187 1619999.9999999274
5.9178143267466154 2.651102098272042 0.1579546087139187 1619999.9999999274
5.9178143267466154 2.651102098272042 0.1579546087139187 1619999.9999999274
5.9178143267466154 2.651102098272042 0.1579546087139187 1619999.9999999274
5.9178143267466154 2.651102098272042 0.1579546087139187 1619999.9999999274
5.9178143267466154 2.651102098272042 0.1579546087139187 1619999.9999999274
5.9178143267466154 2.651102098272042 0.1579546087139187 1619999.9999999274
5.9178143267466154 2.651102098272042 0.1579546087139187 1619999.9999999274
5.9178143267466154 2.651102098272042 0.1579546087139187 1619999.9999999274
5.9178143267466154 2.651102098272042 0.1579546087139187 1619999.9999999274
5.981047560065485 2.693217258713802 0.1830119722026451 0.0 3,0,0 coil/filament1/filament2
5.899797467087129 2.725947487553184 0.3111037227435875 1619999.9999999274
5.840364857004924 2.6807786815207515 0.28233666136392876 1619999.9999999274
5.840364857004924 2.6807786815207515 0.28233666136392876 1619999.9999999274
5.840364857004924 2.6807786815207515 0.28233666136392876 1619999.9999999274
5.840364857004924 2.6807786815207515 0.28233666136392876 1619999.9999999274
5.840364857004924 2.6807786815207515 0.28233666136392876 1619999.9999999274
5.840364857004924 2.6807786815207515 0.28233666136392876 1619999.9999999274
5.840364857004924 2.6807786815207515 0.28233666136392876 1619999.9999999274
5.840364857004924 2.6807786815207515 0.28233666136392876 1619999.9999999274
5.840364857004924 2.6807786815207515 0.28233666136392876 1619999.9999999274
5.840364857004924 2.6807786815207515 0.28233666136392876 1619999.9999999274
5.840364857004924 2.6807786815207515 0.28233666136392876 1619999.9999999274
5.840364857004924 2.6807786815207515 0.28233666136392876 1619999.9999999274
5.840364857004924 2.6807786815207515 0.28233666136392876 1619999.9999999274
5.840364857004924 2.6807786815207515 0.28233666136392876 1619999.9999999274
5.840364857004924 2.6807786815207515 0.28233666136392876 1619999.9999999274
5.840364857004924 2.6807786815207515 0.28233666136392876 1619999.9999999274
5.840364857004924 2.6807786815207515 0.28233666136392876 1619999.9999999274
5.840364857004924 2.6807786815207515 0.28233666136392876 1619999.9999999274
5.840364857004924 2.6807786815207515 0.28233666136392876 1619999.9999999274
5.840364857004924 2.6807786815207515 0.28233666136392876 1619999.9999999274
5.840364857004924 2.6807786815207515 0.28233666136392876 1619999.9999999274
5.840364857004924 2.6807786815207515 0.28233666136392876 1619999.9999999274
5.840364857004924 2.6807786815207515 0.28233666136392876 1619999.9999999274
5.840364857004924 2.6807786815207515 0.28233666136392876 1619999.9999999274
5.840364857004924 2.6807786815207515 0.28233666136392876 1619999.9999999274
5.840364857004924 2.6807786815207515 0.28233666136392876 1619999.9999999274
5.840364857004924 2.6807786815207515 0.28233666136392876 1619999.9999999274
5.840364857004924 2.6807786815207515 0.28233666136392876 1619999.9999999274
5.840364857004924 2.6807786815207515 0.28233666136392876 1619999.9999999274
5.840364857004924 2.6807786815207515 0.28233666136392876 1619999.9999999274
5.840364857004924 2.6807786815207515 0.28233666136392876 1619999.9999999274
5.840364857004924 2.6807786815207515 0.28233666136392876 1619999.9999999274
5.840364857004924 2.6807786815207515 0.28233666136392876 1619999.9999999274
5.840364857004924 2.6807786815207515 0.28233666136392876 1619999.9999999274
5.840364857004924 2.6807786815207515 0.28233666136392876 1619999.9999999274
5.840364857004924 2.6807786815207515 0.28233666136392876 1619999.9999999274
5.840364857004924 2.6807786815207515 0.28233666136392876 1619999.9999999274
5.840364857004924 2.6807786815207515 0.28233666136392876 1619999.9999999274
5.840364857004924 2.6807786815207515 0.28233666136392876 1619999.9999999274
5.840364857004924 2.6807786815207515 0.28233666136392876 1619999.9999999274
5.840364857004924 2.6807786815207515 0.28233666136392876 1619999.9999999274
5.840364857004924 2.6807786815207515 0.28233666136392876 1619999.9999999274
5.840364857004924 2.6807786815207515 0.28233666136392876 1619999.9999999274
5.840364857004924 2.6807786815207515 0.28233666136392876 1619999.9999999274
5.840364857004924 2.6807786815207515 0.28233666136392876 1619999.9999999274
5.840364857004924 2.6807786815207515 0.28233666136392876 1619999.9999999274
5.840364857004924 2.6807786815207515 0.28233666136392876 1619999.9999999274
5.840364857004924 2.6807786815207515 0.28233666136392876 1619999.9999999274
5.840364857004924 2.6807786815207515 0.28233666136392876 1619999.9999999274
5.840364857004924 2.6807786815207515 0.28233666136392876 1619999.9999999274
5.840364857004924 2.6807786815207515 0.28233666136392876 1619999.9999999274
5.840364857004924 2.6807786815207515 0.28233666136392876 1619999.9999999274
5.840364857004924 2.6807786815207515 0.28233666136392876 1619999.9999999274
5.840364857004924 2.6807786815207515 0.28233666136392876 1619999.9999999274
5.840364857004924 2.6807786815207515 0.28233666136392876 1619999.9999999274
5.840364857004924 2.6807786815207515 0.28233666136392876 1619999.9999999274
5.840364857004924 2.6807786815207515 0.28233666136392876 1619999.9999999274
5.840364857004924 2.6807786815207515 0.28233666136392876 1619999.9999999274
5.840364857004924 2.6807786815207515 0.28233666136392876 1619999.9999999274
5.840364857004924 2.6807786815207515 0.28233666136392876 1619999.9999999274
5.840364857004924 2.6807786815207515 0.28233666136392876 1619999.9999999274
5.840364857004924 2.6807786815207515 0.28233666136392876 1619999.9999999274
5.840364857004924 2.6807786815207515 0.28233666136392876 1619999.9999999274
5.899797467087129 2.725947487553184 0.3111037227435875 0.0 3,0,1 coil/filament1/filament2
6.012295068282905 2.627055987626159 0.2153582152344054 1619999.9999999274
5.949061834964035 2.5849408271843988 0.190300851745679 1619999.9999999274
5.949061834964035 2.5849408271843988 0.190300851745679 1619999.9999999274
5.949061834964035 2.5849408271843988 0.190300851745679 1619999.9999999274
5.949061834964035 2.5849408271843988 0.190300851745679 1619999.9999999274
5.949061834964035 2.5849408271843988 0.190300851745679 1619999.9999999274
5.949061834964035 2.5849408271843988 0.190300851745679 1619999.9999999274
5.949061834964035 2.5849408271843988 0.190300851745679 1619999.9999999274
5.949061834964035 2.5849408271843988 0.190300851745679 1619999.9999999274
5.949061834964035 2.5849408271843988 0.190300851745679 1619999.9999999274
5.949061834964035 2.5849408271843988 0.190300851745679 1619999.9999999274
5.949061834964035 2.5849408271843988 0.190300851745679 1619999.9999999274
5.949061834964035 2.5849408271843988 0.190300851745679 1619999.9999999274
5.949061834964035 2.5849408271843988 0.190300851745679 1619999.9999999274
5.949061834964035 2.5849408271843988 0.190300851745679 1619999.9999999274
5.949061834964035 2.5849408271843988 0.190300851745679 1619999.9999999274
5.949061834964035 2.5849408271843988 0.190300851745679 1619999.9999999274
5.949061834964035 2.5849408271843988 0.190300851745679 1619999.9999999274
5.949061834964035 2.5849408271843988 0.190300851745679 1619999.9999999274
5.949061834964035 2.5849408271843988 0.190300851745679 1619999.9999999274
5.949061834964035 2.5849408271843988 0.190300851745679 1619999.9999999274
5.949061834964035 2.5849408271843988 0.190300851745679 1619999.9999999274
5.949061834964035 2.5849408271843988 0.190300851745679 1619999.9999999274
5.949061834964035 2.5849408271843988 0.190300851745679 1619999.9999999274
5.949061834964035 2.5849408271843988 0.190300851745679 1619999.9999999274
5.949061834964035 2.5849408271843988 0.190300851745679 1619999.9999999274
5.949061834964035 2.5849408271843988 0.190300851745679 1619999.9999999274
5.949061834964035 2.5849408271843988 0.190300851745679 1619999.9999999274
5.949061834964035 2.5849408271843988 0.190300851745679 1619999.9999999274
5.949061834964035 2.5849408271843988 0.190300851745679 1619999.9999999274
5.949061834964035 2.5849408271843988 0.190300851745679 1619999.9999999274
5.949061834964035 2.5849408271843988 0.190300851745679 1619999.9999999274
5.949061834964035 2.5849408271843988 0.190300851745679 1619999.9999999274
5.949061834964035 2.5849408271843988 0.190300851745679 1619999.9999999274
5.949061834964035 2.5849408271843988 0.190300851745679 1619999.9999999274
5.949061834964035 2.5849408271843988 0.190300851745679 1619999.9999999274
5.949061834964035 2.5849408271843988 0.190300851745679 1619999.9999999274
5.949061834964035 2.5849408271843988 0.190300851745679 1619999.9999999274
5.949061834964035 2.5849408271843988 0.190300851745679 1619999.9999999274
5.949061834964035 2.5849408271843988 0.190300851745679 1619999.9999999274
5.949061834964035 2.5849408271843988 0.190300851745679 1619999.9999999274
5.949061834964035 2.5849408271843988 0.190300851745679 1619999.9999999274
5.949061834964035 2.5849408271843988 0.190300851745679 1619999.9999999274
5.949061834964035 2.5849408271843988 0.190300851745679 1619999.9999999274
5.949061834964035 2.5849408271843988 0.190300851745679 1619999.9999999274
5.949061834964035 2.5849408271843988 0.190300851745679 1619999.9999999274
5.949061834964035 2.5849408271843988 0.190300851745679 1619999.9999999274
5.949061834964035 2.5849408271843988 0.190300851745679 1619999.9999999274
5.949061834964035 2.5849408271843988 0.190300851745679 1619999.9999999274
5.949061834964035 2.5849408271843988 0.190300851745679 1619999.9999999274
5.949061834964035 2.5849408271843988 0.190300851745679 1619999.9999999274
5.949061834964035 2.5849408271843988 0.190300851745679 1619999.9999999274
5.949061834964035 2.5849408271843988 0.190300851745679 1619999.9999999274
5.949061834964035 2.5849408271843988 0.190300851745679 1619999.9999999274
5.949061834964035 2.5849408271843988 0.190300851745679 1619999.9999999274
5.949061834964035 2.5849408271843988 0.190300851745679 1619999.9999999274
5.949061834964035 2.5849408271843988 0.190300851745679 1619999.9999999274
5.949061834964035 2.5849408271843988 0.190300851745679 1619999.9999999274
5.949061834964035 2.5849408271843988 0.190300851745679 1619999.9999999274
5.949061834964035 2.5849408271843988 0.190300851745679 1619999.9999999274
5.949061834964035 2.5849408271843988 0.190300851745679 1619999.9999999274
5.949061834964035 2.5849408271843988 0.190300851745679 1619999.9999999274
5.949061834964035 2.5849408271843988 0.190300851745679 1619999.9999999274
5.949061834964035 2.5849408271843988 0.190300851745679 1619999.9999999274
6.012295068282905 2.627055987626159 0.2153582152344054 0.0 3,1,0 coil/filament1/filament2
5.930049413652923 2.662168129800722 0.34874695923653354 1619999.9999999274
5.870616803570718 2.6169993237682894 0.3199798978568748 1619999.9999999274
5.870616803570718 2.6169993237682894 0.3199798978568748 1619999.9999999274
5.870616803570718 2.6169993237682894 0.3199798978568748 1619999.9999999274
5.870616803570718 2.6169993237682894 0.3199798978568748 1619999.9999999274
5.870616803570718 2.6169993237682894 0.3199798978568748 1619999.9999999274
5.870616803570718 2.6169993237682894 0.3199798978568748 1619999.9999999274
5.870616803570718 2.6169993237682894 0.3199798978568748 1619999.9999999274
5.870616803570718 2.6169993237682894 0.3199798978568748 1619999.9999999274
5.870616803570718 2.6169993237682894 0.3199798978568748 1619999.9999999274
5.870616803570718 2.6169993237682894 0.3199798978568748 1619999.9999999274
5.870616803570718 2.6169993237682894 0.3199798978568748 1619999.9999999274
5.870616803570718 2.6169993237682894 0.3199798978568748 1619999.9999999274
5.870616803570718 2.6169993237682894 0.3199798978568748 1619999.9999999274
5.870616803570718 2.6169993237682894 0.3199798978568748 1619999.9999999274
5.870616803570718 2.6169993237682894 0.3199798978568748 1619999.9999999274
5.870616803570718 2.6169993237682894 0.3199798978568748 1619999.9999999274
5.870616803570718 2.6169993237682894 0.3199798978568748 1619999.9999999274
5.870616803570718 2.6169993237682894 0.3199798978568748 1619999.9999999274
5.870616803570718 2.6169993237682894 0.3199798978568748 1619999.9999999274
5.870616803570718 2.6169993237682894 0.3199798978568748 1619999.9999999274
5.870616803570718 2.6169993237682894 0.3199798978568748 1619999.9999999274
5.870616803570718 2.6169993237682894 0.3199798978568748 1619999.9999999274
5.870616803570718 2.6169993237682894 0.3199798978568748 1619999.9999999274
5.870616803570718 2.6169993237682894 0.3199798978568748 1619999.9999999274
5.870616803570718 2.6169993237682894 0.3199798978568748 1619999.9999999274
5.870616803570718 2.6169993237682894 0.3199798978568748 1619999.9999999274
5.870616803570718 2.6169993237682894 0.3199798978568748 1619999.9999999274
5.870616803570718 2.6169993237682894 0.3199798978568748 1619999.9999999274
5.870616803570718 2.6169993237682894 0.3199798978568748 1619999.9999999274
5.870616803570718 2.6169993237682894 0.3199798978568748 1619999.9999999274
5.870616803570718 2.6169993237682894 0.3199798978568748 1619999.9999999274
5.870616803570718 2.6169993237682894 0.3199798978568748 1619999.9999999274
5.870616803570718 2.6169993237682894 0.3199798978568748 1619999.9999999274
5.870616803570718 2.6169993237682894 0.3199798978568748 1619999.9999999274
5.870616803570718 2.6169993237682894 0.3199798978568748 1619999.9999999274
5.870616803570718 2.6169993237682894 0.3199798978568748 1619999.9999999274
5.870616803570718 2.6169993237682894 0.3199798978568748 1619999.9999999274
5.870616803570718 2.6169993237682894 0.3199798978568748 1619999.9999999274
5.870616803570718 2.6169993237682894 0.3199798978568748 1619999.9999999274
5.870616803570718 2.6169993237682894 0.3199798978568748 1619999.9999999274
5.870616803570718 2.6169993237682894 0.3199798978568748 1619999.9999999274
5.870616803570718 2.6169993237682894 0.3199798978568748 1619999.9999999274
5.870616803570718 2.6169993237682894 0.3199798978568748 1619999.9999999274
5.870616803570718 2.6169993237682894 0.3199798978568748 1619999.9999999274
5.870616803570718 2.6169993237682894 0.3199798978568748 1619999.9999999274
5.870616803570718 2.6169993237682894 0.3199798978568748 1619999.9999999274
5.870616803570718 2.6169993237682894 0.3199798978568748 1619999.9999999274
5.870616803570718 2.6169993237682894 0.3199798978568748 1619999.9999999274
5.870616803570718 2.6169993237682894 0.3199798978568748 1619999.9999999274
5.870616803570718 2.6169993237682894 0.3199798978568748 1619999.9999999274
5.870616803570718 2.6169993237682894 0.3199798978568748 1619999.9999999274
5.870616803570718 2.6169993237682894 0.3199798978568748 1619999.9999999274
5.870616803570718 2.6169993237682894 0.3199798978568748 1619999.9999999274
5.870616803570718 2.6169993237682894 0.3199798978568748 1619999.9999999274
5.870616803570718 2.6169993237682894 0.3199798978568748 1619999.9999999274
5.870616803570718 2.6169993237682894 0.3199798978568748 1619999.9999999274
5.870616803570718 2.6169993237682894 0.3199798978568748 1619999.9999999274
5.870616803570718 2.6169993237682894 0.3199798978568748 1619999.9999999274
5.870616803570718 2.6169993237682894 0.3199798978568748 1619999.9999999274
5.870616803570718 2.6169993237682894 0.3199798978568748 1619999.9999999274
5.870616803570718 2.6169993237682894 0.3199798978568748 1619999.9999999274
5.870616803570718 2.6169993237682894 0.3199798978568748 1619999.9999999274
5.870616803570718 2.6169993237682894 0.3199798978568748 1619999.9999999274
5.930049413652923 2.662168129800722 0.34874695923653354 0.0 3,1,1 coil/filament1/filament2
5.669645630139405 3.367103116360247 0.07044398739093714 1619999.999999886
5.595088111498465 3.338174477213191 0.06836787294193476 1619999.999999886
5.595088111498465 3.338174477213191 0.06836787294193476 1619999.999999886
5.595088111498465 3.338174477213191 0.06836787294193476 1619999.999999886
5.595088111498465 3.338174477213191 0.06836787294193476 1619999.999999886
5.595088111498465 3.338174477213191 0.06836787294193476 1619999.999999886
5.595088111498465 3.338174477213191 0.06836787294193476 1619999.999999886
5.595088111498465 3.338174477213191 0.06836787294193476 1619999.999999886
5.595088111498465 3.338174477213191 0.06836787294193476 1619999.999999886
5.595088111498465 3.338174477213191 0.06836787294193476 1619999.999999886
5.595088111498465 3.338174477213191 0.06836787294193476 1619999.999999886
5.595088111498465 3.338174477213191 0.06836787294193476 1619999.999999886
5.595088111498465 3.338174477213191 0.06836787294193476 1619999.999999886
5.595088111498465 3.338174477213191 0.06836787294193476 1619999.999999886
5.595088111498465 3.338174477213191 0.06836787294193476 1619999.999999886
5.595088111498465 3.338174477213191 0.06836787294193476 1619999.999999886
5.595088111498465 3.338174477213191 0.06836787294193476 1619999.999999886
5.595088111498465 3.338174477213191 0.06836787294193476 1619999.999999886
5.595088111498465 3.338174477213191 0.06836787294193476 1619999.999999886
5.595088111498465 3.338174477213191 0.06836787294193476 1619999.999999886
5.595088111498465 3.338174477213191 0.06836787294193476 1619999.999999886
5.595088111498465 3.338174477213191 0.06836787294193476 1619999.999999886
5.595088111498465 3.338174477213191 0.06836787294193476 1619999.999999886
5.595088111498465 3.338174477213191 0.06836787294193476 1619999.999999886
5.595088111498465 3.338174477213191 0.06836787294193476 1619999.999999886
5.595088111498465 3.338174477213191 0.06836787294193476 1619999.999999886
5.595088111498465 3.338174477213191 0.06836787294193476 1619999.999999886
5.595088111498465 3.338174477213191 0.06836787294193476 1619999.999999886
5.595088111498465 3.338174477213191 0.06836787294193476 1619999.999999886
5.595088111498465 3.338174477213191 0.06836787294193476 1619999.999999886
5.595088111498465 3.338174477213191 0.06836787294193476 1619999.999999886
5.595088111498465 3.338174477213191 0.06836787294193476 1619999.999999886
5.595088111498465 3.338174477213191 0.06836787294193476 1619999.999999886
5.595088111498465 3.338174477213191 0.06836787294193476 1619999.999999886
5.595088111498465 3.338174477213191 0.06836787294193476 1619999.999999886
5.595088111498465 3.338174477213191 0.06836787294193476 1619999.999999886
5.595088111498465 3.338174477213191 0.06836787294193476 1619999.999999886
5.595088111498465 3.338174477213191 0.06836787294193476 1619999.999999886
5.595088111498465 3.338174477213191 0.06836787294193476 1619999.999999886
5.595088111498465 3.338174477213191 0.06836787294193476 1619999.999999886
5.595088111498465 3.338174477213191 0.06836787294193476 1619999.999999886
5.595088111498465 3.338174477213191 0.06836787294193476 1619999.999999886
5.595088111498465 3.338174477213191 0.06836787294193476 1619999.999999886
5.595088111498465 3.338174477213191 0.06836787294193476 1619999.999999886
5.595088111498465 3.338174477213191 0.06836787294193476 1619999.999999886
5.595088111498465 3.338174477213191 0.06836787294193476 1619999.999999886
5.595088111498465 3.338174477213191 0.06836787294193476 1619999.999999886
5.595088111498465 3.338174477213191 0.06836787294193476 1619999.999999886
5.595088111498465 3.338174477213191 0.06836787294193476 1619999.999999886
5.595088111498465 3.338174477213191 0.06836787294193476 1619999.999999886
5.595088111498465 3.338174477213191 0.06836787294193476 1619999.999999886
5.595088111498465 3.338174477213191 0.06836787294193476 1619999.999999886
5.595088111498465 3.338174477213191 0.06836787294193476 1619999.999999886
5.595088111498465 3.338174477213191 0.06836787294193476 1619999.999999886
5.595088111498465 3.338174477213191 0.06836787294193476 1619999.999999886
5.595088111498465 3.338174477213191 0.06836787294193476 1619999.999999886
5.595088111498465 3.338174477213191 0.06836787294193476 1619999.999999886
5.595088111498465 3.338174477213191 0.06836787294193476 1619999.999999886
5.595088111498465 3.338174477213191 0.06836787294193476 1619999.999999886
5.595088111498465 3.338174477213191 0.06836787294193476 1619999.999999886
5.595088111498465 3.338174477213191 0.06836787294193476 1619999.999999886
5.595088111498465 3.338174477213191 0.06836787294193476 1619999.999999886
5.595088111498465 3.338174477213191 0.06836787294193476 1619999.999999886
5.595088111498465 3.338174477213191 0.06836787294193476 1619999.999999886
5.669645630139405 3.367103116360247 0.07044398739093714 0.0 4,0,0 coil/filament1/filament2
5.679479359550309 3.2834082261133686 0.1863173069330012 1619999.999999886
5.604227374394904 3.264218273900692 0.16711094173169605 1619999.999999886
5.604227374394904 3.264218273900692 0.16711094173169605 1619999.999999886
5.604227374394904 3.264218273900692 0.16711094173169605 1619999.999999886
5.604227374394904 3.264218273900692 0.16711094173169605 1619999.999999886
5.604227374394904 3.264218273900692 0.16711094173169605 1619999.999999886
5.604227374394904 3.264218273900692 0.16711094173169605 1619999.999999886
5.604227374394904 3.264218273900692 0.16711094173169605 1619999.999999886
5.604227374394904 3.264218273900692 0.16711094173169605 1619999.999999886
5.604227374394904 3.264218273900692 0.16711094173169605 1619999.999999886
5.604227374394904 3.264218273900692 0.16711094173169605 1619999.999999886
5.604227374394904 3.264218273900692 0.16711094173169605 1619999.999999886
5.604227374394904 3.264218273900692 0.16711094173169605 1619999.999999886
5.604227374394904 3.264218273900692 0.16711094173169605 1619999.999999886
5.604227374394904 3.264218273900692 0.16711094173169605 1619999.999999886
5.604227374394904 3.264218273900692 0.16711094173169605 1619999.999999886
5.604227374394904 3.264218273900692 0.16711094173169605 1619999.999999886
5.604227374394904 3.264218273900692 0.16711094173169605 1619999.999999886
5.604227374394904 3.264218273900692 0.16711094173169605 1619999.999999886
5.604227374394904 3.264218273900692 0.16711094173169605 1619999.999999886
5.604227374394904 3.264218273900692 0.16711094173169605 1619999.999999886
5.604227374394904 3.264218273900692 0.16711094173169605 1619999.999999886
5.604227374394904 3.264218273900692 0.16711094173169605 1619999.999999886
5.604227374394904 3.264218273900692 0.16711094173169605 1619999.999999886
5.604227374394904 3.264218273900692 0.16711094173169605 1619999.999999886
5.604227374394904 3.264218273900692 0.16711094173169605 1619999.999999886
5.604227374394904 3.264218273900692 0.16711094173169605 1619999.999999886
5.604227374394904 3.264218273900692 0.16711094173169605 1619999.999999886
5.604227374394904 3.264218273900692 0.16711094173169605 1619999.999999886
5.604227374394904 3.264218273900692 0.16711094173169605 1619999.999999886
5.604227374394904 3.264218273900692 0.16711094173169605 1619999.999999886
5.604227374394904 3.264218273900692 0.16711094173169605 1619999.999999886
5.604227374394904 3.264218273900692 0.16711094173169605 1619999.999999886
5.604227374394904 3.264218273900692 0.16711094173169605 1619999.999999886
5.604227374394904 3.264218273900692 0.16711094173169605 1619999.999999886
5.604227374394904 3.264218273900692 0.16711094173169605 1619999.999999886
5.604227374394904 3.264218273900692 0.16711094173169605 1619999.999999886
5.604227374394904 3.264218273900692 0.16711094173169605 1619999.999999886
5.604227374394904 3.264218273900692 0.16711094173169605 1619999.999999886
5.604227374394904 3.264218273900692 0.16711094173169605 1619999.999999886
5.604227374394904 3.264218273900692 0.16711094173169605 1619999.999999886
5.604227374394904 3.264218273900692 0.16711094173169605 1619999.999999886
5.604227374394904 3.264218273900692 0.16711094173169605 1619999.999999886
5.604227374394904 3.264218273900692 0.16711094173169605 1619999.999999886
5.604227374394904 3.264218273900692 0.16711094173169605 1619999.999999886
5.604227374394904 3.264218273900692 0.16711094173169605 1619999.999999886
5.604227374394904 3.264218273900692 0.16711094173169605 1619999.999999886
5.604227374394904 3.264218273900692 0.16711094173169605 1619999.999999886
5.604227374394904 3.264218273900692 0.16711094173169605 1619999.999999886
5.604227374394904 3.264218273900692 0.16711094173169605 1619999.999999886
5.604227374394904 3.264218273900692 0.16711094173169605 1619999.999999886
5.604227374394904 3.264218273900692 0.16711094173169605 1619999.999999886
5.604227374394904 3.264218273900692 0.16711094173169605 1619999.999999886
5.604227374394904 3.264218273900692 0.16711094173169605 1619999.999999886
5.604227374394904 3.264218273900692 0.16711094173169605 1619999.999999886
5.604227374394904 3.264218273900692 0.16711094173169605 1619999.999999886
5.604227374394904 3.264218273900692 0.16711094173169605 1619999.999999886
5.604227374394904 3.264218273900692 0.16711094173169605 1619999.999999886
5.604227374394904 3.264218273900692 0.16711094173169605 1619999.999999886
5.604227374394904 3.264218273900692 0.16711094173169605 1619999.999999886
5.604227374394904 3.264218273900692 0.16711094173169605 1619999.999999886
5.604227374394904 3.264218273900692 0.16711094173169605 1619999.999999886
5.604227374394904 3.264218273900692 0.16711094173169605 1619999.999999886
5.604227374394904 3.264218273900692 0.16711094173169605 1619999.999999886
5.679479359550309 3.2834082261133686 0.1863173069330012 0.0 4,0,1 coil/filament1/filament2
5.693143544217407 3.3102092441734206 0.01934667492176838 1619999.999999886
5.618586025576468 3.2812806050263648 0.017270560472765994 1619999.999999886
5.618586025576468 3.2812806050263648 0.017270560472765994 1619999.999999886
5.618586025576468 3.2812806050263648 0.017270560472765994 1619999.999999886
5.618586025576468 3.2812806050263648 0.017270560472765994 1619999.999999886
5.618586025576468 3.2812806050263648 0.017270560472765994 1619999.999999886
5.618586025576468 3.2812806050263648 0.017270560472765994 1619999.999999886
5.618586025576468 3.2812806050263648 0.017270560472765994 1619999.999999886
5.618586025576468 3.2812806050263648 0.017270560472765994 1619999.999999886
5.618586025576468 3.2812806050263648 0.017270560472765994 1619999.999999886
5.618586025576468 3.2812806050263648 0.017270560472765994 1619999.999999886
5.618586025576468 3.2812806050263648 0.017270560472765994 1619999.999999886
5.618586025576468 3.2812806050263648 0.017270560472765994 1619999.999999886
5.618586025576468 3.2812806050263648 0.017270560472765994 1619999.999999886
5.618586025576468 3.2812806050263648 0.017270560472765994 1619999.999999886
5.618586025576468 3.2812806050263648 0.017270560472765994 1619999.999999886
5.618586025576468 3.2812806050263648 0.017270560472765994 1619999.999999886
5.618586025576468 3.2812806050263648 0.017270560472765994 1619999.999999886
5.618586025576468 3.2812806050263648 0.017270560472765994 1619999.999999886
5.618586025576468 3.2812806050263648 0.017270560472765994 1619999.999999886
5.618586025576468 3.2812806050263648 0.017270560472765994 1619999.999999886
5.618586025576468 3.2812806050263648 0.017270560472765994 1619999.999999886
5.618586025576468 3.2812806050263648 0.017270560472765994 1619999.999999886
5.618586025576468 3.2812806050263648 0.017270560472765994 1619999.999999886
5.618586025576468 3.2812806050263648 0.017270560472765994 1619999.999999886
5.618586025576468 3.2812806050263648 0.017270560472765994 1619999.999999886
5.618586025576468 3.2812806050263648 0.017270560472765994 1619999.999999886
5.618586025576468 3.2812806050263648 0.017270560472765994 1619999.999999886
5.618586025576468 3.2812806050263648 0.017270560472765994 1619999.999999886
5.618586025576468 3.2812806050263648 0.017270560472765994 1619999.999999886
5.618586025576468 3.2812806050263648 0.017270560472765994 1619999.999999886
5.618586025576468 3.2812806050263648 0.017270560472765994 1619999.999999886
5.618586025576468 3.2812806050263648 0.017270560472765994 1619999.999999886
5.618586025576468 3.2812806050263648 0.017270560472765994 1619999.999999886
5.618586025576468 3.2812806050263648 0.017270560472765994 1619999.999999886
5.618586025576468 3.2812806050263648 0.017270560472765994 1619999.999999886
5.618586025576468 3.2812806050263648 0.017270560472765994 1619999.999999886
5.618586025576468 3.2812806050263648 0.017270560472765994 1619999.999999886
5.618586025576468 3.2812806050263648 0.017270560472765994 1619999.999999886
5.618586025576468 3.2812806050263648 0.017270560472765994 1619999.999999886
5.618586025576468 3.2812806050263648 0.017270560472765994 1619999.999999886
5.618586025576468 3.2812806050263648 0.017270560472765994 1619999.999999886
5.618586025576468 3.2812806050263648 0.017270560472765994 1619999.999999886
5.618586025576468 3.2812806050263648 0.017270560472765994 1619999.999999886
5.618586025576468 3.2812806050263648 0.017270560472765994 1619999.999999886
5.618586025576468 3.2812806050263648 0.017270560472765994 1619999.999999886
5.618586025576468 3.2812806050263648 0.017270560472765994 1619999.999999886
5.618586025576468 3.2812806050263648 0.017270560472765994 1619999.999999886
5.618586025576468 3.2812806050263648 0.017270560472765994 1619999.999999886
5.618586025576468 3.2812806050263648 0.017270560472765994 1619999.999999886
5.618586025576468 3.2812806050263648 0.017270560472765994 1619999.999999886
5.618586025576468 3.2812806050263648 0.017270560472765994 1619999.999999886
5.618586025576468 3.2812806050263648 0.017270560472765994 1619999.999999886
5.618586025576468 3.2812806050263648 0.017270560472765994 1619999.999999886
5.618586025576468 3.2812806050263648 0.017270560472765994 1619999.999999886
5.618586025576468 3.2812806050263648 0.017270560472765994 1619999.999999886
5.618586025576468 3.2812806050263648 0.017270560472765994 1619999.999999886
5.618586025576468 3.2812806050263648 0.017270560472765994 1619999.999999886
5.618586025576468 3.2812806050263648 0.017270560472765994 1619999.999999886
5.618586025576468 3.2812806050263648 0.017270560472765994 1619999.999999886
5.618586025576468 3.2812806050263648 0.017270560472765994 1619999.999999886
5.618586025576468 3.2812806050263648 0.017270560472765994 1619999.999999886
5.618586025576468 3.2812806050263648 0.017270560472765994 1619999.999999886
5.618586025576468 3.2812806050263648 0.017270560472765994 1619999.999999886
5.693143544217407 3.3102092441734206 0.01934667492176838 0.0 4,1,0 coil/filament1/filament2
5.706024768097725 3.2195254027342797 0.14613862897855712 1619999.999999886
5.63077278294232 3.200335450521603 0.12693226377725197 1619999.999999886
5.63077278294232 3.200335450521603 0.12693226377725197 1619999.999999886
5.63077278294232 3.200335450521603 0.12693226377725197 1619999.999999886
5.63077278294232 3.200335450521603 0.12693226377725197 1619999.999999886
5.63077278294232 3.200335450521603 0.12693226377725197 1619999.999999886
5.63077278294232 3.200335450521603 0.12693226377725197 1619999.999999886
5.63077278294232 3.200335450521603 0.12693226377725197 1619999.999999886
5.63077278294232 3.200335450521603 0.12693226377725197 1619999.999999886
5.63077278294232 3.200335450521603 0.12693226377725197 1619999.999999886
5.63077278294232 3.200335450521603 0.12693226377725197 1619999.999999886
5.63077278294232 3.200335450521603 0.12693226377725197 1619999.999999886
5.63077278294232 3.200335450521603 0.12693226377725197 1619999.999999886
5.63077278294232 3.200335450521603 0.12693226377725197 1619999.999999886
5.63077278294232 3.200335450521603 0.12693226377725197 1619999.999999886
5.63077278294232 3.200335450521603 0.12693226377725197 1619999.999999886
5.63077278294232 3.200335450521603 0.12693226377725197 1619999.999999886
5.63077278294232 3.200335450521603 0.12693226377725197 1619999.999999886
5.63077278294232 3.200335450521603 0.12693226377725197 1619999.999999886
5.63077278294232 3.200335450521603 0.12693226377725197 1619999.999999886
5.63077278294232 3.200335450521603 0.12693226377725197 1619999.999999886
5.63077278294232 3.200335450521603 0.12693226377725197 1619999.999999886
5.63077278294232 3.200335450521603 0.12693226377725197 1619999.999999886
5.63077278294232 3.200335450521603 0.12693226377725197 1619999.999999886
5.63077278294232 3.200335450521603 0.12693226377725197 1619999.999999886
5.63077278294232 3.200335450521603 0.12693226377725197 1619999.999999886
5.63077278294232 3.200335450521603 0.12693226377725197 1619999.999999886
5.63077278294232 3.200335450521603 0.12693226377725197 1619999.999999886
5.63077278294232 3.200335450521603 0.12693226377725197 1619999.999999886
5.63077278294232 3.200335450521603 0.12693226377725197 1619999.999999886
5.63077278294232 3.200335450521603 0.12693226377725197 1619999.999999886
5.63077278294232 3.200335450521603 0.12693226377725197 1619999.999999886
5.63077278294232 3.200335450521603 0.12693226377725197 1619999.999999886
5.63077278294232 3.200335450521603 0.12693226377725197 1619999.999999886
5.63077278294232 3.200335450521603 0.12693226377725197 1619999.999999886
5.63077278294232 3.200335450521603 0.12693226377725197 1619999.999999886
5.63077278294232 3.200335450521603 0.12693226377725197 1619999.999999886
5.63077278294232 3.200335450521603 0.12693226377725197 1619999.999999886
5.63077278294232 3.200335450521603 0.12693226377725197 1619999.999999886
5.63077278294232 3.200335450521603 0.12693226377725197 1619999.999999886
5.63077278294232 3.200335450521603 0.12693226377725197 1619999.999999886
5.63077278294232 3.200335450521603 0.12693226377725197 1619999.999999886
5.63077278294232 3.200335450521603 0.12693226377725197 1619999.999999886
5.63077278294232 3.200335450521603 0.12693226377725197 1619999.999999886
5.63077278294232 3.200335450521603 0.12693226377725197 1619999.999999886
5.63077278294232 3.200335450521603 0.12693226377725197 1619999.999999886
5.63077278294232 3.200335450521603 0.12693226377725197 1619999.999999886
5.63077278294232 3.200335450521603 0.12693226377725197 1619999.999999886
5.63077278294232 3.200335450521603 0.12693226377725197 1619999.999999886
5.63077278294232 3.200335450521603 0.12693226377725197 1619999.999999886
5.63077278294232 3.200335450521603 0.12693226377725197 1619999.999999886
5.63077278294232 3.200335450521603 0.12693226377725197 1619999.999999886
5.63077278294232 3.200335450521603 0.12693226377725197 1619999.999999886
5.63077278294232 3.200335450521603 0.12693226377725197 1619999.999999886
5.63077278294232 3.200335450521603 0.12693226377725197 1619999.999999886
5.63077278294232 3.200335450521603 0.12693226377725197 1619999.999999886
5.63077278294232 3.200335450521603 0.12693226377725197 1619999.999999886
5.63077278294232 3.200335450521603 0.12693226377725197 1619999.999999886
5.63077278294232 3.200335450521603 0.12693226377725197 1619999.999999886
5.63077278294232 3.200335450521603 0.12693226377725197 1619999.999999886
5.63077278294232 3.200335450521603 0.12693226377725197 1619999.999999886
5.63077278294232 3.200335450521603 0.12693226377725197 1619999.999999886
5.63077278294232 3.200335450521603 0.12693226377725197 1619999.999999886
5.63077278294232 3.200335450521603 0.12693226377725197 1619999.999999886
5.706024768097725 3.2195254027342797 0.14613862897855712 0.0 4,1,1 coil/filament1/filament2
