periods 0
begin filament
FOCUSADD Coils
4.902921570564898 0.8709517380571676 -0.1435023711478889 999999.9999999822
4.902921570564898 0.8709517380571676 -0.1435023711478889 999999.9999999822
4.902921570564898 0.8709517380571676 -0.1435023711478889 999999.9999999822
4.902921570564898 0.8709517380571676 -0.1435023711478889 999999.9999999822
4.902921570564898 0.8709517380571676 -0.1435023711478889 999999.9999999822
4.902921570564898 0.8709517380571676 -0.1435023711478889 999999.9999999822
4.902921570564898 0.8709517380571676 -0.1435023711478889 999999.9999999822
4.902921570564898 0.8709517380571676 -0.1435023711478889 999999.9999999822
4.902921570564898 0.8709517380571676 -0.1435023711478889 999999.9999999822
4.902921570564898 0.8709517380571676 -0.1435023711478889 999999.9999999822
4.902921570564898 0.8709517380571676 -0.1435023711478889 999999.9999999822
4.902921570564898 0.8709517380571676 -0.1435023711478889 999999.9999999822
4.902921570564898 0.8709517380571676 -0.1435023711478889 999999.9999999822
4.902921570564898 0.8709517380571676 -0.1435023711478889 999999.9999999822
4.902921570564898 0.8709517380571676 -0.1435023711478889 999999.9999999822
4.902921570564898 0.8709517380571676 -0.1435023711478889 999999.9999999822
4.902921570564898 0.8709517380571676 -0.1435023711478889 999999.9999999822
4.902921570564898 0.8709517380571676 -0.1435023711478889 999999.9999999822
4.902921570564898 0.8709517380571676 -0.1435023711478889 999999.9999999822
4.902921570564898 0.8709517380571676 -0.1435023711478889 999999.9999999822
4.902921570564898 0.8709517380571676 -0.1435023711478889 999999.9999999822
4.902921570564898 0.8709517380571676 -0.1435023711478889 999999.9999999822
4.902921570564898 0.8709517380571676 -0.1435023711478889 999999.9999999822
4.902921570564898 0.8709517380571676 -0.1435023711478889 999999.9999999822
4.902921570564898 0.8709517380571676 -0.1435023711478889 999999.9999999822
4.902921570564898 0.8709517380571676 -0.1435023711478889 999999.9999999822
4.902921570564898 0.8709517380571676 -0.1435023711478889 999999.9999999822
4.902921570564898 0.8709517380571676 -0.1435023711478889 999999.9999999822
4.902921570564898 0.8709517380571676 -0.1435023711478889 999999.9999999822
4.902921570564898 0.8709517380571676 -0.1435023711478889 999999.9999999822
4.902921570564898 0.8709517380571676 -0.1435023711478889 999999.9999999822
4.902921570564898 0.8709517380571676 -0.1435023711478889 999999.9999999822
4.902921570564898 0.8709517380571676 -0.1435023711478889 999999.9999999822
4.902921570564898 0.8709517380571676 -0.1435023711478889 999999.9999999822
4.902921570564898 0.8709517380571676 -0.1435023711478889 999999.9999999822
4.902921570564898 0.8709517380571676 -0.1435023711478889 999999.9999999822
4.902921570564898 0.8709517380571676 -0.1435023711478889 999999.9999999822
4.902921570564898 0.8709517380571676 -0.1435023711478889 999999.9999999822
4.902921570564898 0.8709517380571676 -0.1435023711478889 999999.9999999822
4.902921570564898 0.8709517380571676 -0.1435023711478889 999999.9999999822
4.902921570564898 0.8709517380571676 -0.1435023711478889 999999.9999999822
4.902921570564898 0.8709517380571676 -0.1435023711478889 999999.9999999822
4.902921570564898 0.8709517380571676 -0.1435023711478889 999999.9999999822
4.902921570564898 0.8709517380571676 -0.1435023711478889 999999.9999999822
4.902921570564898 0.8709517380571676 -0.1435023711478889 999999.9999999822
4.902921570564898 0.8709517380571676 -0.1435023711478889 999999.9999999822
4.902921570564898 0.8709517380571676 -0.1435023711478889 999999.9999999822
4.902921570564898 0.8709517380571676 -0.1435023711478889 999999.9999999822
4.902921570564898 0.8709517380571676 -0.1435023711478889 999999.9999999822
4.902921570564898 0.8709517380571676 -0.1435023711478889 999999.9999999822
4.902921570564898 0.8709517380571676 -0.1435023711478889 999999.9999999822
4.902921570564898 0.8709517380571676 -0.1435023711478889 999999.9999999822
4.902921570564898 0.8709517380571676 -0.1435023711478889 999999.9999999822
4.902921570564898 0.8709517380571676 -0.1435023711478889 999999.9999999822
4.902921570564898 0.8709517380571676 -0.1435023711478889 999999.9999999822
4.902921570564898 0.8709517380571676 -0.1435023711478889 999999.9999999822
4.902921570564898 0.8709517380571676 -0.1435023711478889 999999.9999999822
4.902921570564898 0.8709517380571676 -0.1435023711478889 999999.9999999822
4.902921570564898 0.8709517380571676 -0.1435023711478889 999999.9999999822
4.902921570564898 0.8709517380571676 -0.1435023711478889 999999.9999999822
4.902921570564898 0.8709517380571676 -0.1435023711478889 999999.9999999822
4.902921570564898 0.8709517380571676 -0.1435023711478889 999999.9999999822
4.902921570564898 0.8709517380571676 -0.1435023711478889 999999.9999999822
4.902921570564898 0.8709517380571676 -0.1435023711478889 999999.9999999822
4.902921570564898 0.8709517380571676 -0.1435023711478889 0.0 0,0,0 coil/filament1/filament2
4.494751894397302 2.5098329297371698 -0.2643180214637209 1000000.0000000098
4.494751894397302 2.5098329297371698 -0.2643180214637209 1000000.0000000098
4.494751894397302 2.5098329297371698 -0.2643180214637209 1000000.0000000098
4.494751894397302 2.5098329297371698 -0.2643180214637209 1000000.0000000098
4.494751894397302 2.5098329297371698 -0.2643180214637209 1000000.0000000098
4.494751894397302 2.5098329297371698 -0.2643180214637209 1000000.0000000098
4.494751894397302 2.5098329297371698 -0.2643180214637209 1000000.0000000098
4.494751894397302 2.5098329297371698 -0.2643180214637209 1000000.0000000098
4.494751894397302 2.5098329297371698 -0.2643180214637209 1000000.0000000098
4.494751894397302 2.5098329297371698 -0.2643180214637209 1000000.0000000098
4.494751894397302 2.5098329297371698 -0.2643180214637209 1000000.0000000098
4.494751894397302 2.5098329297371698 -0.2643180214637209 1000000.0000000098
4.494751894397302 2.5098329297371698 -0.2643180214637209 1000000.0000000098
4.494751894397302 2.5098329297371698 -0.2643180214637209 1000000.0000000098
4.494751894397302 2.5098329297371698 -0.2643180214637209 1000000.0000000098
4.494751894397302 2.5098329297371698 -0.2643180214637209 1000000.0000000098
4.494751894397302 2.5098329297371698 -0.2643180214637209 1000000.0000000098
4.494751894397302 2.5098329297371698 -0.2643180214637209 1000000.0000000098
4.494751894397302 2.5098329297371698 -0.2643180214637209 1000000.0000000098
4.494751894397302 2.5098329297371698 -0.2643180214637209 1000000.0000000098
4.494751894397302 2.5098329297371698 -0.2643180214637209 1000000.0000000098
4.494751894397302 2.5098329297371698 -0.2643180214637209 1000000.0000000098
4.494751894397302 2.5098329297371698 -0.2643180214637209 1000000.0000000098
4.494751894397302 2.5098329297371698 -0.2643180214637209 1000000.0000000098
4.494751894397302 2.5098329297371698 -0.2643180214637209 1000000.0000000098
4.494751894397302 2.5098329297371698 -0.2643180214637209 1000000.0000000098
4.494751894397302 2.5098329297371698 -0.2643180214637209 1000000.0000000098
4.494751894397302 2.5098329297371698 -0.2643180214637209 1000000.0000000098
4.494751894397302 2.5098329297371698 -0.2643180214637209 1000000.0000000098
4.494751894397302 2.5098329297371698 -0.2643180214637209 1000000.0000000098
4.494751894397302 2.5098329297371698 -0.2643180214637209 1000000.0000000098
4.494751894397302 2.5098329297371698 -0.2643180214637209 1000000.0000000098
4.494751894397302 2.5098329297371698 -0.2643180214637209 1000000.0000000098
4.494751894397302 2.5098329297371698 -0.2643180214637209 1000000.0000000098
4.494751894397302 2.5098329297371698 -0.2643180214637209 1000000.0000000098
4.494751894397302 2.5098329297371698 -0.2643180214637209 1000000.0000000098
4.494751894397302 2.5098329297371698 -0.2643180214637209 1000000.0000000098
4.494751894397302 2.5098329297371698 -0.2643180214637209 1000000.0000000098
4.494751894397302 2.5098329297371698 -0.2643180214637209 1000000.0000000098
4.494751894397302 2.5098329297371698 -0.2643180214637209 1000000.0000000098
4.494751894397302 2.5098329297371698 -0.2643180214637209 1000000.0000000098
4.494751894397302 2.5098329297371698 -0.2643180214637209 1000000.0000000098
4.494751894397302 2.5098329297371698 -0.2643180214637209 1000000.0000000098
4.494751894397302 2.5098329297371698 -0.2643180214637209 1000000.0000000098
4.494751894397302 2.5098329297371698 -0.2643180214637209 1000000.0000000098
4.494751894397302 2.5098329297371698 -0.2643180214637209 1000000.0000000098
4.494751894397302 2.5098329297371698 -0.2643180214637209 1000000.0000000098
4.494751894397302 2.5098329297371698 -0.2643180214637209 1000000.0000000098
4.494751894397302 2.5098329297371698 -0.2643180214637209 1000000.0000000098
4.494751894397302 2.5098329297371698 -0.2643180214637209 1000000.0000000098
4.494751894397302 2.5098329297371698 -0.2643180214637209 1000000.0000000098
4.494751894397302 2.5098329297371698 -0.2643180214637209 1000000.0000000098
4.494751894397302 2.5098329297371698 -0.2643180214637209 1000000.0000000098
4.494751894397302 2.5098329297371698 -0.2643180214637209 1000000.0000000098
4.494751894397302 2.5098329297371698 -0.2643180214637209 1000000.0000000098
4.494751894397302 2.5098329297371698 -0.2643180214637209 1000000.0000000098
4.494751894397302 2.5098329297371698 -0.2643180214637209 1000000.0000000098
4.494751894397302 2.5098329297371698 -0.2643180214637209 1000000.0000000098
4.494751894397302 2.5098329297371698 -0.2643180214637209 1000000.0000000098
4.494751894397302 2.5098329297371698 -0.2643180214637209 1000000.0000000098
4.494751894397302 2.5098329297371698 -0.2643180214637209 1000000.0000000098
4.494751894397302 2.5098329297371698 -0.2643180214637209 1000000.0000000098
4.494751894397302 2.5098329297371698 -0.2643180214637209 1000000.0000000098
4.494751894397302 2.5098329297371698 -0.2643180214637209 1000000.0000000098
4.494751894397302 2.5098329297371698 -0.2643180214637209 0.0 1,0,0 coil/filament1/filament2
3.404417098189634 4.1122536152475195 -0.3304498922465374 1000000.0000000036
3.404417098189634 4.1122536152475195 -0.3304498922465374 1000000.0000000036
3.404417098189634 4.1122536152475195 -0.3304498922465374 1000000.0000000036
3.404417098189634 4.1122536152475195 -0.3304498922465374 1000000.0000000036
3.404417098189634 4.1122536152475195 -0.3304498922465374 1000000.0000000036
3.404417098189634 4.1122536152475195 -0.3304498922465374 1000000.0000000036
3.404417098189634 4.1122536152475195 -0.3304498922465374 1000000.0000000036
3.404417098189634 4.1122536152475195 -0.3304498922465374 1000000.0000000036
3.404417098189634 4.1122536152475195 -0.3304498922465374 1000000.0000000036
3.404417098189634 4.1122536152475195 -0.3304498922465374 1000000.0000000036
3.404417098189634 4.1122536152475195 -0.3304498922465374 1000000.0000000036
3.404417098189634 4.1122536152475195 -0.3304498922465374 1000000.0000000036
3.404417098189634 4.1122536152475195 -0.3304498922465374 1000000.0000000036
3.404417098189634 4.1122536152475195 -0.3304498922465374 1000000.0000000036
3.404417098189634 4.1122536152475195 -0.3304498922465374 1000000.0000000036
3.404417098189634 4.1122536152475195 -0.3304498922465374 1000000.0000000036
3.404417098189634 4.1122536152475195 -0.3304498922465374 1000000.0000000036
3.404417098189634 4.1122536152475195 -0.3304498922465374 1000000.0000000036
3.404417098189634 4.1122536152475195 -0.3304498922465374 1000000.0000000036
3.404417098189634 4.1122536152475195 -0.3304498922465374 1000000.0000000036
3.404417098189634 4.1122536152475195 -0.3304498922465374 1000000.0000000036
3.404417098189634 4.1122536152475195 -0.3304498922465374 1000000.0000000036
3.404417098189634 4.1122536152475195 -0.3304498922465374 1000000.0000000036
3.404417098189634 4.1122536152475195 -0.3304498922465374 1000000.0000000036
3.404417098189634 4.1122536152475195 -0.3304498922465374 1000000.0000000036
3.404417098189634 4.1122536152475195 -0.3304498922465374 1000000.0000000036
3.404417098189634 4.1122536152475195 -0.3304498922465374 1000000.0000000036
3.404417098189634 4.1122536152475195 -0.3304498922465374 1000000.0000000036
3.404417098189634 4.1122536152475195 -0.3304498922465374 1000000.0000000036
3.404417098189634 4.1122536152475195 -0.3304498922465374 1000000.0000000036
3.404417098189634 4.1122536152475195 -0.3304498922465374 1000000.0000000036
3.404417098189634 4.1122536152475195 -0.3304498922465374 1000000.0000000036
3.404417098189634 4.1122536152475195 -0.3304498922465374 1000000.0000000036
3.404417098189634 4.1122536152475195 -0.3304498922465374 1000000.0000000036
3.404417098189634 4.1122536152475195 -0.3304498922465374 1000000.0000000036
3.404417098189634 4.1122536152475195 -0.3304498922465374 1000000.0000000036
3.404417098189634 4.1122536152475195 -0.3304498922465374 1000000.0000000036
3.404417098189634 4.1122536152475195 -0.3304498922465374 1000000.0000000036
3.404417098189634 4.1122536152475195 -0.3304498922465374 1000000.0000000036
3.404417098189634 4.1122536152475195 -0.3304498922465374 1000000.0000000036
3.404417098189634 4.1122536152475195 -0.3304498922465374 1000000.0000000036
3.404417098189634 4.1122536152475195 -0.3304498922465374 1000000.0000000036
3.404417098189634 4.1122536152475195 -0.3304498922465374 1000000.0000000036
3.404417098189634 4.1122536152475195 -0.3304498922465374 1000000.0000000036
3.404417098189634 4.1122536152475195 -0.3304498922465374 1000000.0000000036
3.404417098189634 4.1122536152475195 -0.3304498922465374 1000000.0000000036
3.404417098189634 4.1122536152475195 -0.3304498922465374 1000000.0000000036
3.404417098189634 4.1122536152475195 -0.3304498922465374 1000000.0000000036
3.404417098189634 4.1122536152475195 -0.3304498922465374 1000000.0000000036
3.404417098189634 4.1122536152475195 -0.3304498922465374 1000000.0000000036
3.404417098189634 4.1122536152475195 -0.3304498922465374 1000000.0000000036
3.404417098189634 4.1122536152475195 -0.3304498922465374 1000000.0000000036
3.404417098189634 4.1122536152475195 -0.3304498922465374 1000000.0000000036
3.404417098189634 4.1122536152475195 -0.3304498922465374 1000000.0000000036
3.404417098189634 4.1122536152475195 -0.3304498922465374 1000000.0000000036
3.404417098189634 4.1122536152475195 -0.3304498922465374 1000000.0000000036
3.404417098189634 4.1122536152475195 -0.3304498922465374 1000000.0000000036
3.404417098189634 4.1122536152475195 -0.3304498922465374 1000000.0000000036
3.404417098189634 4.1122536152475195 -0.3304498922465374 1000000.0000000036
3.404417098189634 4.1122536152475195 -0.3304498922465374 1000000.0000000036
3.404417098189634 4.1122536152475195 -0.3304498922465374 1000000.0000000036
3.404417098189634 4.1122536152475195 -0.3304498922465374 1000000.0000000036
3.404417098189634 4.1122536152475195 -0.3304498922465374 1000000.0000000036
3.404417098189634 4.1122536152475195 -0.3304498922465374 1000000.0000000036
3.404417098189634 4.1122536152475195 -0.3304498922465374 0.0 2,0,0 coil/filament1/filament2
1.3341564603995493 5.2860672952950685 -0.15365396052586858 1000000.0000000057
1.3341564603995493 5.2860672952950685 -0.15365396052586858 1000000.0000000057
1.3341564603995493 5.2860672952950685 -0.15365396052586858 1000000.0000000057
1.3341564603995493 5.2860672952950685 -0.15365396052586858 1000000.0000000057
1.3341564603995493 5.2860672952950685 -0.15365396052586858 1000000.0000000057
1.3341564603995493 5.2860672952950685 -0.15365396052586858 1000000.0000000057
1.3341564603995493 5.2860672952950685 -0.15365396052586858 1000000.0000000057
1.3341564603995493 5.2860672952950685 -0.15365396052586858 1000000.0000000057
1.3341564603995493 5.2860672952950685 -0.15365396052586858 1000000.0000000057
1.3341564603995493 5.2860672952950685 -0.15365396052586858 1000000.0000000057
1.3341564603995493 5.2860672952950685 -0.15365396052586858 1000000.0000000057
1.3341564603995493 5.2860672952950685 -0.15365396052586858 1000000.0000000057
1.3341564603995493 5.2860672952950685 -0.15365396052586858 1000000.0000000057
1.3341564603995493 5.2860672952950685 -0.15365396052586858 1000000.0000000057
1.3341564603995493 5.2860672952950685 -0.15365396052586858 1000000.0000000057
1.3341564603995493 5.2860672952950685 -0.15365396052586858 1000000.0000000057
1.3341564603995493 5.2860672952950685 -0.15365396052586858 1000000.0000000057
1.3341564603995493 5.2860672952950685 -0.15365396052586858 1000000.0000000057
1.3341564603995493 5.2860672952950685 -0.15365396052586858 1000000.0000000057
1.3341564603995493 5.2860672952950685 -0.15365396052586858 1000000.0000000057
1.3341564603995493 5.2860672952950685 -0.15365396052586858 1000000.0000000057
1.3341564603995493 5.2860672952950685 -0.15365396052586858 1000000.0000000057
1.3341564603995493 5.2860672952950685 -0.15365396052586858 1000000.0000000057
1.3341564603995493 5.2860672952950685 -0.15365396052586858 1000000.0000000057
1.3341564603995493 5.2860672952950685 -0.15365396052586858 1000000.0000000057
1.3341564603995493 5.2860672952950685 -0.15365396052586858 1000000.0000000057
1.3341564603995493 5.2860672952950685 -0.15365396052586858 1000000.0000000057
1.3341564603995493 5.2860672952950685 -0.15365396052586858 1000000.0000000057
1.3341564603995493 5.2860672952950685 -0.15365396052586858 1000000.0000000057
1.3341564603995493 5.2860672952950685 -0.15365396052586858 1000000.0000000057
1.3341564603995493 5.2860672952950685 -0.15365396052586858 1000000.0000000057
1.3341564603995493 5.2860672952950685 -0.15365396052586858 1000000.0000000057
1.3341564603995493 5.2860672952950685 -0.15365396052586858 1000000.0000000057
1.3341564603995493 5.2860672952950685 -0.15365396052586858 1000000.0000000057
1.3341564603995493 5.2860672952950685 -0.15365396052586858 1000000.0000000057
1.3341564603995493 5.2860672952950685 -0.15365396052586858 1000000.0000000057
1.3341564603995493 5.2860672952950685 -0.15365396052586858 1000000.0000000057
1.3341564603995493 5.2860672952950685 -0.15365396052586858 1000000.0000000057
1.3341564603995493 5.2860672952950685 -0.15365396052586858 1000000.0000000057
1.3341564603995493 5.2860672952950685 -0.15365396052586858 1000000.0000000057
1.3341564603995493 5.2860672952950685 -0.15365396052586858 1000000.0000000057
1.3341564603995493 5.2860672952950685 -0.15365396052586858 1000000.0000000057
1.3341564603995493 5.2860672952950685 -0.15365396052586858 1000000.0000000057
1.3341564603995493 5.2860672952950685 -0.15365396052586858 1000000.0000000057
1.3341564603995493 5.2860672952950685 -0.15365396052586858 1000000.0000000057
1.3341564603995493 5.2860672952950685 -0.15365396052586858 1000000.0000000057
1.3341564603995493 5.2860672952950685 -0.15365396052586858 1000000.0000000057
1.3341564603995493 5.2860672952950685 -0.15365396052586858 1000000.0000000057
1.3341564603995493 5.2860672952950685 -0.15365396052586858 1000000.0000000057
1.3341564603995493 5.2860672952950685 -0.15365396052586858 1000000.0000000057
1.3341564603995493 5.2860672952950685 -0.15365396052586858 1000000.0000000057
1.3341564603995493 5.2860672952950685 -0.15365396052586858 1000000.0000000057
1.3341564603995493 5.2860672952950685 -0.15365396052586858 1000000.0000000057
1.3341564603995493 5.2860672952950685 -0.15365396052586858 1000000.0000000057
1.3341564603995493 5.2860672952950685 -0.15365396052586858 1000000.0000000057
1.3341564603995493 5.2860672952950685 -0.15365396052586858 1000000.0000000057
1.3341564603995493 5.2860672952950685 -0.15365396052586858 1000000.0000000057
1.3341564603995493 5.2860672952950685 -0.15365396052586858 1000000.0000000057
1.3341564603995493 5.2860672952950685 -0.15365396052586858 1000000.0000000057
1.3341564603995493 5.2860672952950685 -0.15365396052586858 1000000.0000000057
1.3341564603995493 5.2860672952950685 -0.15365396052586858 1000000.0000000057
1.3341564603995493 5.2860672952950685 -0.15365396052586858 1000000.0000000057
1.3341564603995493 5.2860672952950685 -0.15365396052586858 1000000.0000000057
1.3341564603995493 5.2860672952950685 -0.15365396052586858 1000000.0000000057
1.3341564603995493 5.2860672952950685 -0.15365396052586858 0.0 3,0,0 coil/filament1/filament2
