periods 0
begin filament
FOCUSADD Coils
6.858709941490845 0.36944273333281236 0.011306152702214054 1.0
6.852544873462478 0.3766663676333042 0.14896078144767683 1.0
6.826651551605458 0.41024178127413025 0.2862866683545629 1.0
6.7929714153205785 0.42586407098818185 0.42077817122629807 1.0
6.750982208403655 0.42466786881954965 0.5502952501664607 1.0
6.701013770586744 0.4105689374991399 0.67355588029371 1.0
6.644167770011223 0.3821465113769772 0.7899094470326569 1.0
6.581235919746226 0.3395620999712879 0.899202894707319 1.0
6.512403461014879 0.28572434079125875 1.0014164555474119 1.0
6.437370351832633 0.22572790028322082 1.096361404494927 1.0
6.355662919076889 0.16592399226424412 1.183654446339284 1.0
6.266778643651715 0.11276669537197716 1.2629287606066428 1.0
6.170064683391122 0.07163327103783082 1.3339488473653296 1.0
6.064595256504751 0.04580669589224004 1.3963225431958293 1.0
5.949417189693591 0.03585132085738402 1.4489040455721898 1.0
5.824288452673171 0.03956462599920606 1.4893237280112717 1.0
5.690650921107768 0.05250128201591018 1.5141050127340456 1.0
5.5522786482713276 0.0688748325780394 1.519500697035532 1.0
5.415109041333028 0.08258079347533252 1.5026706313792841 1.0
5.286256860750467 0.08816549158830544 1.4625571999463334 1.0
5.1727133983577005 0.08166923612882233 1.4000750961510344 1.0
5.080282155909311 0.061286757503851014 1.3177418838774786 1.0
5.0129518762928935 0.027734139635293486 1.2191332881267807 1.0
4.972582925956712 -0.01580679267642203 1.1084103051049854 1.0
4.958754903713787 -0.06421143323466362 0.9898927229962137 1.0
4.9688137515742055 -0.11127002298892512 0.8675491171276346 1.0
4.998317892516645 -0.15054996109915236 0.7444469973307735 1.0
5.0419755756297615 -0.17589771555174225 0.6225419396416103 1.0
5.0946607329384905 -0.18161730185618163 0.5032288606569738 1.0
5.151657716955442 -0.16296746999573275 0.38828549820906755 1.0
5.207983755977309 -0.11736255531345728 0.27997708557227596 1.0
5.25794462412585 -0.04551287345271697 0.17996133409582563 1.0
5.295806782858408 0.048555776832791636 0.08822970191902384 1.0
5.317090310335805 0.15824489994619909 0.0029282015356700444 1.0
5.319730281240517 0.2755864665403705 -0.0791971092044653 1.0
5.304455065730346 0.39224768873577937 -0.1619514032255356 1.0
5.274867608999649 0.5003883378921238 -0.24924964668306474 1.0
5.237028524605963 0.5933434994006045 -0.3442140375190937 1.0
5.198313054431975 0.6664474698571525 -0.4482549596358504 1.0
5.165534548903055 0.7176180748670675 -0.5605316998341953 1.0
5.1435003956943035 0.7472798297710292 -0.6787598966049811 1.0
5.135419933661443 0.7574919875196535 -0.8006660331118152 1.0
5.144254885930826 0.7511221458405367 -0.9242099285052613 1.0
5.173090762545532 0.7316935458416413 -1.0465538963324459 1.0
5.224341431456008 0.7035331639577463 -1.163315269427831 1.0
5.2988036106390295 0.6716087658611053 -1.2687898880274735 1.0
5.395144512116323 0.6409600325919641 -1.3567954915433065 1.0
5.509864596556848 0.615965168775397 -1.4217002863960984 1.0
5.637677823135711 0.5996853667858121 -1.459387872040684 1.0
5.772241400643296 0.5934361444315011 -1.4679682938388467 1.0
5.9070990669493115 0.596652165581521 -1.4480802484474777 1.0
6.03665122675022 0.6070457395839869 -1.4027036069733165 1.0
6.156941163884887 0.6210085843455521 -1.3364857002239727 1.0
6.26602591780593 0.6341849625668452 -1.2547059532199478 1.0
6.363765339119753 0.6421562793351604 -1.1621809742024702 1.0
6.45110459653641 0.6411915046310063 -1.0625147185894008 1.0
6.529221357339108 0.6289887989695967 -0.9579400262006862 1.0
6.598968052099523 0.6052573116185456 -0.8496279415331675 1.0
6.660758643948744 0.571932157735014 -0.738088007346828 1.0
6.714696667705909 0.5328825463264724 -0.6233824565919313 1.0
6.760649242818663 0.4931507002980962 -0.5051797256267014 1.0
6.798160944497726 0.45789853070409703 -0.38286884909873986 1.0
6.825817151184723 0.4335565417052071 -0.2558927934129151 1.0
6.839632945449901 0.4322168757769229 -0.12421903086757176 1.0
6.858709941490845 0.36944273333281236 0.011306152702214054 0.0 0,0,0 coil/filament1/filament2
6.673856821651604 1.3684088309426428 -0.001884049491130078 1.0
6.666917745734985 1.3390059636156044 0.12872457996689526 1.0
6.6339812204010045 1.321759316162283 0.26066748888421715 1.0
6.602644951658567 1.298214653192251 0.39165289211610604 1.0
6.566945567364503 1.2732846979100554 0.5197226576446402 1.0
6.521160761635121 1.2540895383211246 0.6440440382219701 1.0
6.4651812764664776 1.2386388670348776 0.7632077519970453 1.0
6.400237863478341 1.2228442194170044 0.8761980443119342 1.0
6.327807954054542 1.2023619956936933 0.9824589488658177 1.0
6.249297992374025 1.173371846792114 1.081678750755251 1.0
6.165814074350451 1.133526169212962 1.1735955402898663 1.0
6.078029233236131 1.082543159560036 1.2577981552540245 1.0
5.986154346130764 1.0223330964257218 1.3335699328056463 1.0
5.889984174381203 0.956644876600889 1.3998252561274747 1.0
5.78897423352805 0.8903142881146858 1.4551425562702007 1.0
5.682375601653866 0.8282714568258392 1.4978250559539443 1.0
5.569555978459186 0.7745134443738012 1.5259377421830451 1.0
5.4505702826478055 0.7312843740644758 1.5373961859409935 1.0
5.326812094957217 0.6986786994372834 1.5302423227201043 1.0
5.201420315188783 0.6747503332831534 1.5031286185514265 1.0
5.079179294965238 0.6560378720442444 1.455834015972717 1.0
4.965903347687122 0.6383193054060586 1.3895140848889338 1.0
4.867583600291 0.6174470493195929 1.3064992910074888 1.0
4.789642201126849 0.5902031021318901 1.209788691729755 1.0
4.736386227106589 0.5550891465124944 1.102613473326691 1.0
4.710500010129037 0.5128336217619326 0.9882604999278485 1.0
4.712514842276298 0.4663848953004543 0.86998925037491 1.0
4.7404716955240245 0.42036856218879154 0.7508213586426348 1.0
4.790042056965624 0.3802341777309142 0.6332252992022392 1.0
4.8551624070081285 0.35141019356703534 0.518906492053424 1.0
4.9289753680331305 0.33868432069495474 0.4088752553811349 1.0
5.004705819753452 0.3458031452139736 0.3037422740483916 1.0
5.076186461551931 0.375124557774502 0.20396185563347893 1.0
5.13807229035586 0.427211940622835 0.10977906253704388 1.0
5.186009814521105 0.5005980119412149 0.02097157519910305 1.0
5.217078624818874 0.5918557075601145 -0.06332939845098318 1.0
5.230350987862983 0.6960876232514294 -0.14474308743021955 1.0
5.22730195028593 0.8075690764083052 -0.22555807813858966 1.0
5.212215817461962 0.920372009426364 -0.308907443036864 1.0
5.192021490806824 1.0288698738769952 -0.3978234625385894 1.0
5.174922831088452 1.128460346240833 -0.4935834061709497 1.0
5.167686141450933 1.2159533863004142 -0.5944595697048866 1.0
5.173383624176213 1.2892997283308418 -0.6972311738851678 1.0
5.192402676957432 1.3466221889869288 -0.8001488550737034 1.0
5.22547052236654 1.385683633884961 -0.9032918092701316 1.0
5.2747077293512135 1.4044314365709514 -1.0060900945150595 1.0
5.342138384494957 1.4021318565543461 -1.1054707354432325 1.0
5.428106572537088 1.380247398253316 -1.1961517334111906 1.0
5.5308851003297645 1.3426791878994875 -1.2719757141030579 1.0
5.64704978896576 1.2954269330172983 -1.327123343490029 1.0
5.771973074623676 1.2458397688914595 -1.3569364685509928 1.0
5.900230845617288 1.2016214065316668 -1.358495522274094 1.0
6.026025651221852 1.1697376989256574 -1.3310561303321065 1.0
6.143781589892784 1.155374738839266 -1.2762799463044552 1.0
6.2489362381668725 1.1610991716860302 -1.1980772345659183 1.0
6.3387345937029025 1.1863701294859288 -1.1019085560059991 1.0
6.412652323967122 1.2275357192230267 -0.9936108579772371 1.0
6.472127671075112 1.2783938914786586 -0.8781390450612861 1.0
6.519653636750036 1.3312770669505858 -0.758779086791516 1.0
6.5577176563071395 1.3784494837004353 -0.6371358042872916 1.0
6.58812328426338 1.4134857201926767 -0.5136902494919509 1.0
6.611843146366234 1.4323184600918486 -0.3884521794149977 1.0
6.627481370791434 1.435064477218028 -0.26142825257148083 1.0
6.6271819396526 1.4283464707176539 -0.13298559206533744 1.0
6.673856821651604 1.3684088309426428 -0.001884049491130078 0.0 1,0,0 coil/filament1/filament2
6.388169069366375 2.144258128170444 0.03407400046425046 1.0
6.350061409393544 2.1752704920552075 0.1570387429727491 1.0
6.287432539984834 2.18492814744843 0.2789742148883228 1.0
6.2339664262152965 2.1810782052338586 0.40185114851163767 1.0
6.185384894145966 2.162894756964183 0.5251185463053161 1.0
6.133322777638463 2.1353724467982422 0.6464045838359976 1.0
6.076836696157185 2.1000828743658633 0.7639439060346321 1.0
6.015551489786185 2.0585610090893316 0.8759344711808695 1.0
5.948771624176288 2.0123565676818402 0.9807800718853569 1.0
5.8758791533225265 1.9625358739327843 1.0774019472397955 1.0
5.796462063226302 1.9097919537165766 1.1653114562219775 1.0
5.7103750129672095 1.8546490416098114 1.2445007166681934 1.0
5.617727971349571 1.7976861868978287 1.3151665034226667 1.0
5.518832063051106 1.7396985699956207 1.3773302107603642 1.0
5.414165053909253 1.6817121569526072 1.4304600622009218 1.0
5.304413613563003 1.6248099429704836 1.473230065854371 1.0
5.190588016539448 1.569834253083829 1.5035335418973732 1.0
5.074132920664259 1.5171326876698856 1.5187856572049625 1.0
4.956956927282219 1.4664998780873895 1.5164373950560692 1.0
4.8413751613425555 1.4173228315886561 1.4945572485080636 1.0
4.730011193743698 1.3688102774044637 1.4523293561126955 1.0
4.625713275808757 1.3201747460800235 1.390332138409351 1.0
4.531549933942484 1.2707068134250938 1.3105119361710953 1.0
4.4509077797797 1.2198034870541232 1.215890487349993 1.0
4.387531613081417 1.1671182913976879 1.110177365191213 1.0
4.345205285455183 1.1129024257843596 0.9974232987262083 1.0
4.327007314399709 1.058324976698901 0.881657724903589 1.0
4.334503053776802 1.0054922418317223 0.7664144781685533 1.0
4.36727257798231 0.9571600787187592 0.6542541281976162 1.0
4.4228376797010585 0.9163500503899108 0.5465143519258917 1.0
4.496851279853308 0.8860198232757482 0.443407500025703 1.0
4.583473236300093 0.8687832237339653 0.344421116470131 1.0
4.675954211382334 0.8665977231984872 0.24886513312126501 1.0
4.767435681556666 0.8804492092961618 0.15628665467946506 1.0
4.851814723960339 0.9103671252929662 0.0664776454010618 1.0
4.924337322101412 0.956070898467167 -0.020774501400937728 1.0
4.98174954324136 1.017640109125276 -0.10571602844566709 1.0
5.022357993900519 1.0950767786135467 -0.18859392209174136 1.0
5.046339848670546 1.1873208399525248 -0.27003270269777274 1.0
5.056502235948574 1.2918619481742404 -0.3512834163560591 1.0
5.058985674889726 1.4051236105259668 -0.43363789218664706 1.0
5.0622524065848475 1.5229740769518372 -0.5166218974673666 1.0
5.0742332169777615 1.6408087762492094 -0.596961886723122 1.0
5.0982615985565225 1.7535400388285989 -0.6705706674295094 1.0
5.132862265615184 1.8560262024579408 -0.7370869965958272 1.0
5.176225167001534 1.943605441253555 -0.8015521183390878 1.0
5.230268088329256 2.0120389934354885 -0.8700994731665601 1.0
5.299377910208221 2.057435589056161 -0.9444337373955 1.0
5.38618440311874 2.0772524643113845 -1.02055872721204 1.0
5.489563565205012 2.0717022103614253 -1.091155007034624 1.0
5.605541071677063 2.0442359508558505 -1.1482521930720564 1.0
5.728858822828276 2.000965455799751 -1.184788051298669 1.0
5.8539519474561486 1.9496198062880596 -1.1954115197690534 1.0
5.97537578652393 1.898450037895553 -1.17699344337293 1.0
6.088011507168485 1.8552229898864385 -1.1289681572767423 1.0
6.187298968080137 1.8263422959867706 -1.0534652226112295 1.0
6.269662204844254 1.816105509928605 -0.955107498556609 1.0
6.333094469401769 1.8261401255889103 -0.8402810949554267 1.0
6.37752661950234 1.8551796243718186 -0.7158258137612556 1.0
6.404529033667955 1.8993919469869958 -0.5875603842958379 1.0
6.416432082994426 1.9532533575056032 -0.4593592869889613 1.0
6.415512343278393 2.010630918682056 -0.333099706105835 1.0
6.401868034175361 2.0659054994965254 -0.20907301172006984 1.0
6.369426815210802 2.1132671189941257 -0.08623988619459994 1.0
6.388169069366375 2.144258128170444 0.03407400046425046 0.0 2,0,0 coil/filament1/filament2
6.1363962568442245 2.6379366479695063 0.03300923743104865 1.0
6.080880154314831 2.685365774794414 0.15745263434736498 1.0
6.001142002710814 2.7114258526672903 0.27081304754175933 1.0
5.922704270289861 2.7382353449068293 0.377088845710973 1.0
5.843457252722519 2.7582502506539073 0.47956638065266816 1.0
5.758010022860045 2.7691954716130596 0.5781372499979032 1.0
5.667946282545213 2.769798064500529 0.6751871488024314 1.0
5.575409742015868 2.7603731688239725 0.7721944351286019 1.0
5.481919768470418 2.7421998610667493 0.8691267648347178 1.0
5.388473474718527 2.7165511674939813 0.9646929691268106 1.0
5.295579982320888 2.6840867893935787 1.0566658754490188 1.0
5.20340150679704 2.64449216549261 1.1424278237713335 1.0
5.11186836932619 2.596608339194513 1.2195368158142927 1.0
5.020694275426579 2.5390314644391245 1.286124137456999 1.0
4.929323818563742 2.470917649667837 1.341023933364298 1.0
4.836910126935195 2.3926705085370297 1.3836277267411565 1.0
4.742443313302616 2.306273101391444 1.4135321451791214 1.0
4.645117506700528 2.2151562213562603 1.4301408302029652 1.0
4.544860935470001 2.1236373845944714 1.432445900978768 1.0
4.442714186761683 2.036121575453284 1.4191161140981707 1.0
4.340740470248541 1.9563444579276488 1.3887858214771347 1.0
4.241532349211248 1.8868570909313949 1.340346464029089 1.0
4.147713072642668 1.8287739935352307 1.2731998510538727 1.0
4.06171528297565 1.7817190334315205 1.1875522335626714 1.0
3.9858208962655324 1.7439307973923694 1.08472419075152 1.0
3.922353125656843 1.7125327352350803 0.9673321996215815 1.0
3.873921830031875 1.68401626787782 0.8392609500709599 1.0
3.8434968968999534 1.654986295610402 0.7054629315509432 1.0
3.8340402807626743 1.6230333139062878 0.5715610583368353 1.0
3.847815142567803 1.5873582197113674 0.44312599493406174 1.0
3.8858547824149294 1.5489083045878245 0.32471213238358393 1.0
3.9477621890795067 1.5101719659979236 0.21904400637334467 1.0
4.031562923057109 1.4748774715266864 0.1266521346852996 1.0
4.133453742121398 1.4476612032439586 0.04599324371799152 1.0
4.247594483429557 1.433587670889408 -0.025923271600231248 1.0
4.366208270435729 1.4371109887328197 -0.09240006201409513 1.0
4.480421052682349 1.4600984279158398 -0.15595333110741214 1.0
4.582176418617774 1.500207116247517 -0.2183213636100328 1.0
4.666418773820643 1.5524108482802546 -0.2814940593276347 1.0
4.7316933115382325 1.6132734976972225 -0.3479889491707155 1.0
4.778829822978193 1.6837939996305273 -0.41948105364815136 1.0
4.8099592428921225 1.7681160002433831 -0.4949622100482423 1.0
4.828553157427379 1.8701909253176892 -0.570379581750765 1.0
4.839386139846206 1.9910928922770332 -0.6400779521335674 1.0
4.848641643393152 2.127801274046181 -0.6989969193293921 1.0
4.863509291886788 2.2738391817336967 -0.743305988113286 1.0
4.89090041417097 2.4205017959251593 -0.7703999305669544 1.0
4.935194026062391 2.558485530651545 -0.7804812912071338 1.0
4.996732191417335 2.6799892136992463 -0.7793507107552361 1.0
5.073849123965113 2.780348299201949 -0.7775965604006669 1.0
5.166098539747115 2.8568465538360446 -0.784125578431164 1.0
5.273907292341099 2.906475260544372 -0.8008972157065372 1.0
5.395503201599207 2.92639931667633 -0.8236185557903966 1.0
5.525780024240385 2.9163500981807946 -0.8452103885201494 1.0
5.657758215021361 2.8798238866478356 -0.858140866871817 1.0
5.78435230759024 2.8235644419631485 -0.8554418293938367 1.0
5.899345830828128 2.756348711028298 -0.8314371072858175 1.0
5.997751580247911 2.687681286830541 -0.7825140845101737 1.0
6.0759070961642845 2.626557619398093 -0.7077871392664029 1.0
6.131570941537653 2.580347711041168 -0.6094238009591524 1.0
6.164176791423316 2.553823546711189 -0.4923754338722069 1.0
6.175034941613942 2.548442559092405 -0.3633156351452538 1.0
6.165257980195843 2.5615422778010113 -0.22892094566262178 1.0
6.13168169256873 2.5833958408199202 -0.09398412518351633 1.0
6.1363962568442245 2.6379366479695063 0.03300923743104865 0.0 3,0,0 coil/filament1/filament2
5.744057807564367 3.3445389936434053 -0.025350380812395858 1.0
5.7463582080768605 3.271953983122551 0.07573744565474666 1.0
5.715666970339041 3.1914327228819594 0.18695704524392295 1.0
5.665346012266229 3.142276780859421 0.30240065445294156 1.0
5.600402415442743 3.118442863667083 0.41662400430146146 1.0
5.518534265368379 3.113169191610237 0.5234228218524765 1.0
5.421520849102188 3.123168452644905 0.6176621100777562 1.0
5.311429899356348 3.144665788887298 0.6958132990418203 1.0
5.190726255145738 3.1726355316350063 0.7568704766787848 1.0
5.0627532268218065 3.201216133829272 0.8026949650569296 1.0
4.931473242549992 3.2245622292259317 0.8375159203676334 1.0
4.801001379928827 3.2377048571410256 0.8668964362477483 1.0
4.6749640932501615 3.237132640745462 0.8964910662971036 1.0
4.555827566925966 3.220896316493925 0.9308345256908391 1.0
4.444503015065364 3.18829889872812 0.972338361637171 1.0
4.340453245913957 3.1394940750725477 1.0206652361154722 1.0
4.242248317850848 3.075284887905714 1.0726615462149545 1.0
4.148264345730504 2.997193363582128 1.122927119561765 1.0
4.057156457633352 2.9076833644301043 1.164905016334834 1.0
3.9679653129080035 2.8102552671030185 1.1922046209000774 1.0
3.8800595322591414 2.709190078558531 1.199794188318985 1.0
3.7931827192705776 2.608986653464751 1.1847881327167749 1.0
3.707644830129069 2.513699531147759 1.1467202553870615 1.0
3.6245036760349425 2.426371618036308 1.0873019733327658 1.0
3.545596984568933 2.3487113638289103 1.0097434584949943 1.0
3.473391173878595 2.2811169816166736 0.9178384759373 1.0
3.4106835135091527 2.2230116516346783 0.8151164849159913 1.0
3.360223464976341 2.173297980061825 0.7043192781206967 1.0
3.324337833605389 2.1307417965604407 0.587285768429047 1.0
3.304647352167725 2.0942279629757823 0.4651784722203276 1.0
3.30193413626006 2.0629225426994866 0.3389233584296773 1.0
3.316173872390424 2.0363718933923454 0.2097142693765649 1.0
3.346711461175284 2.0145340561948677 0.07942573006625385 1.0
3.39254270017941 1.9977229311404152 -0.049196580285508704 1.0
3.452637582359861 1.9864755498384796 -0.17263491633084987 1.0
3.5261735921249917 1.9814295085347364 -0.2869883483305213 1.0
3.6125045976178485 1.9833428182817356 -0.38860168919673366 1.0
3.710787143217347 1.9933029480247688 -0.4748146661046233 1.0
3.819368802269677 2.0130022245084778 -0.5445991812630263 1.0
3.9351392755863923 2.0447888744194134 -0.5987789912602801 1.0
4.053129621638539 2.090983747591024 -0.6396435604145753 1.0
4.166961438970424 2.1519855106123327 -0.6702035272816068 1.0
4.270793271549345 2.2241001090773764 -0.6938706616576291 1.0
4.361861190336813 2.300434105719044 -0.7149222718365761 1.0
4.44086946845727 2.376435805202191 -0.7382596187007214 1.0
4.509402199012611 2.4547127607886097 -0.7669910117230545 1.0
4.567309455294205 2.543248416763194 -0.8000276610259982 1.0
4.613152828472472 2.6491264621307877 -0.8324459343194668 1.0
4.646817198547044 2.77408766179085 -0.8577630464715749 1.0
4.671140459037785 2.9144129332783475 -0.8697885724194815 1.0
4.69160431191423 3.062832197361563 -0.8636370607112926 1.0
4.714893122542439 3.210327635184662 -0.8368186677487867 1.0
4.747258264597393 3.347761227418843 -0.7904020293668924 1.0
4.793377469610578 3.4676027705021717 -0.7291851215040179 1.0
4.8559111267794135 3.5651887415449117 -0.6602535332370159 1.0
4.9356462458713874 3.638581877510486 -0.590512049727737 1.0
5.031676671060284 3.6870700793347804 -0.5246398946757542 1.0
5.1411143109916075 3.709826275700853 -0.4645482545005386 1.0
5.2587410438458155 3.706152706236593 -0.4099631840289885 1.0
5.377417359541046 3.676798813780453 -0.3589931578261413 1.0
5.489243069625929 3.624796265318876 -0.308335379293037 1.0
5.586792104462782 3.5552794870362345 -0.2536349099429971 1.0
5.663938328924232 3.4728198280886913 -0.19036563717691346 1.0
5.716232593057544 3.3754982889736325 -0.11510758182149679 1.0
5.744057807564367 3.3445389936434053 -0.025350380812395858 0.0 4,0,0 coil/filament1/filament2
5.734734899737797 -3.2717921054903716 0.02518033151538759 1.0
5.712774013401052 -3.356373704876992 0.11510031500308118 1.0
5.662492730467803 -3.464345895084222 0.19027796141898667 1.0
5.586059137068926 -3.5540531673053475 0.253341952832328 1.0
5.489107643411706 -3.6247491163196717 0.30826615366071924 1.0
5.377417731277742 -3.6767990637652055 0.35899375808890016 1.0
5.258741404196194 -3.7061528562592203 0.409963882875859 1.0
5.1411147231388545 -3.7098262538910145 0.4645490020226276 1.0
5.031677231748209 -3.687069850640294 0.5246406183804916 1.0
4.935647057844692 -3.6385814732288244 0.5905126723203971 1.0
4.8559122641476415 -3.565188256573276 0.6602540078066407 1.0
4.793378956900852 -3.467602319351981 0.7291854554515832 1.0
4.74726007920653 -3.34776088919292 0.7904022819400931 1.0
4.714895205224204 -3.2103274187998627 0.8368189214137797 1.0
4.691606568498617 -3.0628320393292254 0.863637376900895 1.0
4.671142753165912 -2.9144127303284657 0.8697889475678529 1.0
4.646819353779925 -2.774087330736964 0.8577633939241495 1.0
4.61315466261586 -2.6491259964660725 0.8324461189143755 1.0
4.567310843059674 -2.5432478947662847 0.8000275793959108 1.0
4.509403120366881 -2.4547122929916796 0.7669906596430494 1.0
4.440870001772658 -2.3764354688955933 0.7382590874534822 1.0
4.361861460301443 -2.300433919821036 0.7149216859143165 1.0
4.2707933959291795 -2.224100049541035 0.6938701193924628 1.0
4.166961501577506 -2.151985536069782 0.6702030792090659 1.0
4.053129669678165 -2.090983817903635 0.6396432173049756 1.0
3.935139328624168 -2.0447889603254343 0.5987787419439765 1.0
3.819368863316334 -2.0130023097482472 0.5445990073565661 1.0
3.710787207488386 -1.9933030265995684 0.4748145498524777 1.0
3.6125046580499056 -1.983342890230147 0.3886016160246166 1.0
3.5261736424444567 -1.9814295762830416 0.2869883068503154 1.0
3.4526376185015724 -1.9864756158272197 0.17263489765269008 1.0
3.392542720466144 -1.9977229968209353 0.04919657740726545 1.0
3.346711465685234 -2.0145341221186994 -0.07942572268446806 1.0
3.3161738620724246 -2.036371959855845 -0.20971425613256478 1.0
3.3019341121956813 -2.0629226104553906 -0.3389233427917946 1.0
3.3046473150806883 -2.0942280337616803 -0.46517845676134895 1.0
3.324337783591681 -2.13074187333264 -0.5872857546493797 1.0
3.36022340145346 -2.1732980668187656 -0.7043192660953465 1.0
3.410683435381766 -2.2230117527082194 -0.8151164728621334 1.0
3.4733910798215786 -2.2811171004386006 -0.9178384599006946 1.0
3.5455968731884426 -2.348711501517413 -1.0097434324490502 1.0
3.6245035456084205 -2.4263717725527223 -1.0873019298980577 1.0
3.7076446777867864 -2.5136996978343777 -1.1467201870492234 1.0
3.793182539880794 -2.6089868272709347 -1.1847880331144671 1.0
3.8800593177554137 -2.7091902576152296 -1.1997940531964344 1.0
3.9679650531378456 -2.810255457009849 -1.1922044485475844 1.0
4.057156143766635 -2.907683582434182 -1.1649048074092376 1.0
4.148263976424151 -2.9971936412513966 -1.1229268760698345 1.0
4.242247906503477 -3.0752852702146387 -1.0726612695331255 1.0
4.340452825319412 -3.1394946138329414 -1.0206649243645438 1.0
4.444502635145992 -3.188299639311824 -0.9723380073201859 1.0
4.5558272826636115 -3.220897279526375 -0.9308341154061568 1.0
4.67496394387635 -3.2371338067250512 -0.8964905851859082 1.0
4.8010013679981025 -3.237706166946396 -0.8668958779378574 1.0
4.931473327247124 -3.2245636056413614 -0.8375152976062247 1.0
5.062753338881091 -3.2012175108070484 -0.802694313256317 1.0
5.19072632419492 -3.1726368697539846 -0.7568698478265091 1.0
5.311429878108573 -3.144667068195013 -0.6958127509233462 1.0
5.421520724458691 -3.123169650826839 -0.617661695583174 1.0
5.518534067884978 -3.1131702675833965 -0.5234225748338212 1.0
5.600801770394887 -3.1182911501321495 -0.4166885775655967 1.0
5.666854097881208 -3.1406188704435274 -0.30270573075795054 1.0
5.715029261261967 -3.182889176745456 -0.18727565729830734 1.0
5.744252656202493 -3.253391067049244 -0.0758353848979682 1.0
5.734734899737797 -3.2717921054903716 0.02518033151538759 0.0 5,0,0 coil/filament1/filament2
6.08386463822551 -2.5972571143004837 -0.03338518388357262 1.0
6.11953561010468 -2.5703820638152357 0.09413024726019995 1.0
6.159566960850682 -2.5568076844176693 0.22891519298895216 1.0
6.173556628825179 -2.5488482112378272 0.36357864982219995 1.0
6.163979742496227 -2.5540602409832247 0.49243706819127175 1.0
6.131570759074764 -2.5803476123771554 0.6094237584554031 1.0
6.0759069349583 -2.6265575009383606 0.7077870961134877 1.0
5.997751448905911 -2.687681146045104 0.7825140637821922 1.0
5.899345720014221 -2.7563485409669997 0.831437132284518 1.0
5.784352198614962 -2.823564220064458 0.855441910970501 1.0
5.657758100084236 -2.8798235619508006 0.8581409907362252 1.0
5.525779941109602 -2.9163495822328933 0.8452105004559325 1.0
5.3955032815066755 -2.926398495705214 0.8236185541353583 1.0
5.273907785938959 -2.9064740586537616 0.8008969772825016 1.0
5.1660997349859175 -2.856845045520192 0.7841250409000313 1.0
5.073851117854397 -2.7803467632648275 0.7775958110226785 1.0
4.996734700425023 -2.679987995283241 0.7793499546520977 1.0
4.935196498157467 -2.558484808151478 0.7804806840622858 1.0
4.890902364161516 -2.420501511670934 0.770399456261156 1.0
4.863510524232584 -2.2738391767969652 0.7433055078615811 1.0
4.848642232586928 -2.127801433256761 0.6989963135959077 1.0
4.839386286428151 -1.9910931732928354 0.6400772151256507 1.0
4.828553060157332 -1.8701913078974814 0.5703788139659798 1.0
4.809959045755518 -1.7681164455807326 0.4949615372937654 1.0
4.7788296147137554 -1.683794453409392 0.419480553180487 1.0
4.731693139881787 -1.6132739080287974 0.3479886332220431 1.0
4.666418655939749 -1.552411178922528 0.2814938957412841 1.0
4.582176349131714 -1.5002073556863806 0.2183213029701606 1.0
4.480421015281372 -1.460098590592251 0.15595332786050792 1.0
4.366208249678849 -1.4371111023257963 0.09240008569133246 1.0
4.247594469374111 -1.4335877596091107 0.02592330714675989 1.0
4.133453728367855 -1.4476612800335844 -0.04599320220176258 1.0
4.031562903656595 -1.4748775403315249 -0.12665209017672635 1.0
3.947762157376989 -1.510172027022159 -0.21904396218598357 1.0
3.885854731699979 -1.5489083576372997 -0.32471209311030985 1.0
3.8478150674993894 -1.5873582651653169 -0.443125966285101 1.0
3.8340401789286687 -1.6230333524418705 -0.5715610464762378 1.0
3.843496770062979 -1.6549863276710197 -0.7054629421362761 1.0
3.873921684248993 -1.684016293488708 -0.8392609872924238 1.0
3.9223529696083697 -1.7125327544491598 -0.9673322659200825 1.0
3.9858207385347537 -1.7439308111902945 -1.0847242876686158 1.0
4.061715130048337 -1.781719044481189 -1.1875523631119693 1.0
4.147712928504128 -1.828774006396454 -1.2732000163731934 1.0
4.241532215881102 -1.8868571118641209 -1.3403466686012508 1.0
4.340740348219152 -1.956344494640017 -1.3887860672216774 1.0
4.442714075141365 -2.0361216367921076 -1.4191163994506069 1.0
4.544860832598313 -2.1236374799364195 -1.4324462203318749 1.0
4.645117411934708 -2.2151563597651256 -1.4301411753494193 1.0
4.742443229334347 -2.3062732911547097 -1.4135325079168486 1.0
4.836910060880524 -2.3926707576648125 -1.383628100978629 1.0
4.9293237807497885 -2.4709179671123023 -1.3410243157162243 1.0
5.02069427652155 -2.539031860898792 -1.2861245264837315 1.0
5.111868417308168 -2.596608826067138 -1.2195372105132989 1.0
5.203401604857273 -2.644492750858649 -1.1424282216864654 1.0
5.295580128103244 -2.684087470939531 -1.0566662705673728 1.0
5.3884736608143 -2.716551924523778 -0.9646933500347247 1.0
5.481919983771764 -2.742200650919895 -0.8691271144908728 1.0
5.575409972752982 -2.7603739333283555 -0.7721947337322485 1.0
5.667946514174827 -2.7697987471986436 -0.6751873797402689 1.0
5.7580102386293435 -2.7691960348082767 -0.5781374079680057 1.0
5.843700039015158 -2.757839782173165 -0.4798392769774744 1.0
5.922989889294754 -2.735943504024428 -0.3782277569537671 1.0
5.9952580769222275 -2.706475338535472 -0.27113716345326194 1.0
6.065859834425603 -2.6772738456450376 -0.15749742574790576 1.0
6.08386463822551 -2.5972571143004837 -0.03338518388357262 0.0 6,0,0 coil/filament1/filament2
6.3229630488405295 -2.138782710326204 -0.03396370100716896 1.0
6.352805068601796 -2.109769575515722 0.08621958684776938 1.0
6.394191374538987 -2.0652074359456716 0.20908401145621697 1.0
6.413659411492582 -2.011542456745275 0.3335959096723193 1.0
6.416204377683275 -1.953495931253127 0.4594842850940028 1.0
6.404528968752111 -1.8993921393453868 0.5875604331454435 1.0
6.377526517888199 -1.8551798713787926 0.7158258400409586 1.0
6.333094350204541 -1.8261404147926477 0.8402810719331945 1.0
6.269662095072789 -1.8161058229642286 0.9551074090796561 1.0
6.187298897337488 -1.8263426180497413 1.0534650640208234 1.0
6.088011498022605 -1.8552233149045714 1.1289679373134778 1.0
5.975375852224875 -1.898450369590393 1.1769931730912633 1.0
5.853952093670174 -1.949620156145955 1.1954112068715308 1.0
5.728859050578261 -2.0009658403584196 1.184787695736056 1.0
5.605541379542606 -2.044236389525443 1.1482517844838807 1.0
5.489563948479385 -2.0717027239815105 1.091154524911068 1.0
5.386184844786936 -2.0772530734007426 1.0205581461162547 1.0
5.299378359865872 -2.057436308016024 0.9444330371560316 1.0
5.230268444080582 -2.012039815631082 0.8700986470880504 1.0
5.176225302214925 -1.9436063202452964 0.8015511743604566 1.0
5.132862113719591 -1.8560270537404926 0.7370859647731768 1.0
5.0982612148155315 -1.7535407762686495 0.6705696216855142 1.0
5.074232732741177 -1.640809353668087 0.5969609411313394 1.0
5.06225193083164 -1.5229744982761044 0.516621149833369 1.0
5.0589852556329715 -1.4051239104601183 0.4336373742050586 1.0
5.056501886595768 -1.2918621660658676 0.3512831006323253 1.0
5.046339571018456 -1.187321004078 0.2700325390075779 1.0
5.022357785258541 -1.09507690061644 0.18859386399444447 1.0
4.981749395411528 -1.017640189725959 0.105716037545016 1.0
4.924337222604813 -0.956070936244447 0.020774545813749996 1.0
4.851814658756339 -0.9103671231785021 -0.0664775908152606 1.0
4.767435637410822 -0.880449175948505 -0.15628660620677454 1.0
4.675954177763956 -0.8665976701852623 -0.24886509787327468 1.0
4.583473206048522 -0.8687831612201596 -0.34442109509567514 1.0
4.496851248909336 -0.8860197571463398 -0.443407490897653 1.0
4.422837646351265 -0.916349982216663 -0.5465143541160118 1.0
4.367272542294005 -0.9571600069125143 -0.6542541423388243 1.0
4.334503017539727 -1.0054921625017579 -0.7664145059597364 1.0
4.327007281278559 -1.0583248840723272 -0.8816577680366459 1.0
4.345205260638063 -1.1129023127625177 -0.9974233577442227 1.0
4.387531601924857 -1.1671181509496233 -1.110177438909474 1.0
4.450907786026744 -1.2198033144388836 -1.2158905733899072 1.0
4.531549959022643 -1.2707066079196168 -1.310512032355808 1.0
4.625713320013791 -1.3201745106100704 -1.3903322439524444 1.0
4.730011258292834 -1.3688100161489982 -1.4523294717611575 1.0
4.841375249676762 -1.4173225474421685 -1.4945573757272759 1.0
4.956957044766099 -1.46649957183576 -1.516437534839552 1.0
5.074133072869027 -1.5171323593277652 -1.5187858089917488 1.0
5.190588206815114 -1.5698339044487217 -1.5035337029420646 1.0
5.304413841007578 -1.6248095796820536 -1.473230231370816 1.0
5.414165312966718 -1.6817117885160728 -1.4304602263627204 1.0
5.518832345203491 -1.7396982075088454 -1.3773303681250926 1.0
5.617728267925571 -1.797685839887073 -1.3151666500380124 1.0
5.710375317250549 -1.8546487160226488 -1.244500850406147 1.0
5.796462370714508 -1.9097916520821676 -1.1653115765035522 1.0
5.875879460365419 -1.962535597131673 -1.0774020545983523 1.0
5.9487719260871375 -2.0123563171274648 -0.9807801676196855 1.0
6.015551779407557 -2.0585607881563783 -0.8759345570380532 1.0
6.076836964499764 -2.100082688218961 -0.7639439835591129 1.0
6.133323014053014 -2.135372300079298 -0.6464046544266889 1.0
6.185613891652836 -2.1624471735889705 -0.5252064499068553 1.0
6.234055390007845 -2.1791291068445804 -0.4022209926651491 1.0
6.2804088143358126 -2.1839435287609468 -0.2790535314463347 1.0
6.332796560788273 -2.176094873799585 -0.15712824504257303 1.0
6.3229630488405295 -2.138782710326204 -0.03396370100716896 0.0 7,0,0 coil/filament1/filament2
6.61408414163789 -1.413108840821495 0.0019987542088556955 1.0
6.611593785976568 -1.4391861830749286 0.13295383108406716 1.0
6.620637049038021 -1.4401832247609614 0.2614546195594525 1.0
6.611198843616938 -1.4339421326862154 0.38839554478362587 1.0
6.588171288261615 -1.4137344843932924 0.5136766260579914 1.0
6.557717701245812 -1.3784496221646199 0.6371358596536316 1.0
6.519653683721385 -1.3312772421584163 0.7587791708384883 1.0
6.472127716562659 -1.2783940943170664 0.878139148340299 1.0
6.412652366112883 -1.2275359380923097 0.9936109673149041 1.0
6.338734635740993 -1.1863703556001457 1.1019086594997896 1.0
6.248936285192838 -1.161099401701563 1.198077325196351 1.0
6.1437816475679 -1.1553749752464064 1.276280022457262 1.0
6.026025724846176 -1.1697379486642931 1.3310561944919301 1.0
5.90023093880198 -1.201621679324826 1.3584955797899705 1.0
5.771973186821288 -1.2458400759295316 1.3569365262852804 1.0
5.647049912299564 -1.2954272857923448 1.3271234076490384 1.0
5.530885216737699 -1.3426795965301246 1.271975786848562 1.0
5.428106652521313 -1.3802478684943797 1.1961518085673997 1.0
5.342138389734518 -1.4021323848873617 1.1054707945511777 1.0
5.2747076229725565 -1.404432003956325 1.0060901065179917 1.0
5.225470288615407 -1.3856842016235997 0.9032917399032027 1.0
5.192402340322816 -1.3466227032368132 0.8001486892831184 1.0
5.173383245274203 -1.2893001376303048 0.6972309379848597 1.0
5.167685782865516 -1.2159536649441511 0.5944593246967518 1.0
5.174922526588858 -1.1284605055324808 0.4935832083647064 1.0
5.192021248259781 -1.0288699505675196 0.39782333285192156 1.0
5.212215636806218 -0.9203720415066443 0.3089073734605826 1.0
5.227301828581903 -0.8075690866533375 0.22555805315152228 1.0
5.230350915251543 -0.696087619574153 0.14474309320748224 1.0
5.217078585994587 -0.5918556920607893 0.06332942206596574 1.0
5.186009794835711 -0.5005979881688312 -0.020971546520894974 1.0
5.138072280837547 -0.42721191357439586 -0.10977903871489225 1.0
5.076186458443272 -0.3751245305641848 -0.2039618412690343 1.0
5.004705821448613 -0.3458031176770728 -0.3037422694410044 1.0
4.928975373445588 -0.33868429090335733 -0.40887525920933226 1.0
4.855162415942148 -0.351410159874669 -0.5189065031419868 1.0
4.790042071079583 -0.38023413961179675 -0.6332253164915057 1.0
4.740471718634875 -0.4203685197968346 -0.750821379897567 1.0
4.712514879519043 -0.4663848484959838 -0.8699892706172578 1.0
4.710500065952409 -0.5128335692099135 -0.9882605106691913 1.0
4.73638630259416 -0.5550890853639702 -1.1026134636767844 1.0
4.789642292001683 -0.5902030287612058 -1.2097886517642706 1.0
4.8675836973667606 -0.6174469610641672 -1.3064992160263251 1.0
4.96590344020595 -0.6383192022762695 -1.3895139776735657 1.0
5.079179374824628 -0.6560377569892836 -1.455833885055412 1.0
5.2014203791805205 -0.6747502106260688 -1.503128473624558 1.0
5.3268121439798835 -0.6986785726093083 -1.5302421704286229 1.0
5.450570319232767 -0.7312842441570678 -1.537396028402312 1.0
5.569556004519621 -0.7745133101462032 -1.5259375782752165 1.0
5.682375617397223 -0.8282713158453148 -1.4978248840644766 1.0
5.788974237498497 -0.8903141383674688 -1.4551423770892304 1.0
5.889984164281727 -0.9566447179327883 -1.3998250743041099 1.0
5.986154320074006 -1.0223329312773248 -1.333569756615907 1.0
6.078029190972013 -1.0825429927435866 -1.2577979942612807 1.0
6.165814017925727 -1.1335260068833959 -1.1735954021608856 1.0
6.249297925879393 -1.173371695046438 -1.081678638947584 1.0
6.327807882599723 -1.2023618593417222 -0.9824588623307486 1.0
6.400237791946144 -1.222844101190326 -0.8761979789695321 1.0
6.465181208911565 -1.2386387676179575 -0.7632077029031071 1.0
6.521160700431836 -1.2540894565403669 -0.6440440013964321 1.0
6.566924281057297 -1.2729682481021212 -0.519644092640748 1.0
6.601744356545176 -1.2974914382037674 -0.39133145409068565 1.0
6.627232233565287 -1.3264758018172356 -0.26060927035659065 1.0
6.6513111180829725 -1.351348395632795 -0.12872640921861053 1.0
6.61408414163789 -1.413108840821495 0.0019987542088556955 0.0 8,0,0 coil/filament1/filament2
6.837573249304647 -0.44888304773287085 -0.011286008134980102 1.0
6.833832722332518 -0.45242786448685907 0.124236829496427 1.0
6.823736632752779 -0.4427159764409511 0.25595284257369083 1.0
6.7985302373135985 -0.45961301833993295 0.382898295889974 1.0
6.760799018127878 -0.4933001741667828 0.5051836537108073 1.0
6.714696698926079 -0.5328825378075067 0.6233824771159117 1.0
6.660758689179379 -0.5719321401111329 0.7380880367137564 1.0
6.598968110005749 -0.6052572906327538 0.8496279837141532 1.0
6.5292214288423205 -0.6289887808607547 0.9579400810249521 1.0
6.4511046778151195 -0.6411914944023573 1.0625147873203127 1.0
6.363765423410138 -0.6421562792018125 1.162181057485962 1.0
6.2660259964636875 -0.6341849721666077 1.254706049602516 1.0
6.156941229212297 -0.6210086021766462 1.3364858062236993 1.0
6.036651273710049 -0.6070457643692002 1.4027037182554247 1.0
5.907099093381564 -0.5966521969439034 1.4480803611346718 1.0
5.7722414064522924 -0.5934361829184531 1.4679684051105657 1.0
5.637677809199658 -0.5996854136033662 1.4593879800748195 1.0
5.509864563724846 -0.6159652254533989 1.421700389982081 1.0
5.395144460285159 -0.6409601005603905 1.356795589495226 1.0
5.2988035379736305 -0.6716088458072229 1.268789978237746 1.0
5.224341334332921 -0.7035332548981585 1.1633153475415643 1.0
5.173090637259708 -0.7316936440653508 1.0465539548470886 1.0
5.144254732659573 -0.7511222442656872 0.9242099581256508 1.0
5.135419760886198 -0.7574920765022801 0.8006660277354397 1.0
5.143500220699096 -0.7472799003684134 0.678759859612141 1.0
5.165534391845898 -0.7176181235620271 0.5605316451107781 1.0
5.198312930701393 -0.6664475005097973 0.4482549042753747 1.0
5.237028441874424 -0.5933435192053151 0.3442139935293072 1.0
5.274867567304225 -0.5003883508985792 0.24924961939661355 1.0
5.304455057012664 -0.3922476941255583 0.1619513933184364 1.0
5.319730291398958 -0.27558646343507204 0.07919711255171422 1.0
5.317090326880441 -0.15824489219328894 -0.0029281942748584865 1.0
5.295806802192099 -0.04855577135259817 -0.08822970094405704 1.0
5.257944650205669 0.04551287234545054 -0.17996134489930452 1.0
5.20798379338373 0.11736254880853074 -0.2799771071353468 1.0
5.151657765433665 0.16296746268333825 -0.38828552539037714 1.0
5.0946607875049885 0.18161729748563657 -0.5032288877673351 1.0
5.041975630208081 0.17589771486536376 -0.6225419624105237 1.0
4.998317943363023 0.15054996248934768 -0.744447013272707 1.0
4.968813798460821 0.11127002419164261 -0.8675491249119873 1.0
4.958754948766943 0.06421143258971025 -0.9898927213163192 1.0
4.972582971301129 0.015806789565306737 -1.1084102919184053 1.0
5.012951921963467 -0.027734144925346562 -1.2191332611207353 1.0
5.080282199190798 -0.06128676419569168 -1.317741842145119 1.0
5.172713434956912 -0.08166924341847998 -1.4000750418965036 1.0
5.286256887019159 -0.08816549887398632 -1.4625571387058778 1.0
5.41510905598382 -0.08258080019103836 -1.5026705703592917 1.0
5.552278652618646 -0.06887483788618304 -1.5195006427409392 1.0
5.690650918236598 -0.05250128488579233 -1.5141049694128461 1.0
5.824288446447681 -0.039564625888696435 -1.4893236973690458 1.0
5.949417183803633 -0.03585131861003686 -1.4489040272114584 1.0
6.064595253214 -0.045806694216757815 -1.3963225353166864 1.0
6.170064682288257 -0.07163327417112973 -1.3339488477166677 1.0
6.2667786416441045 -0.11276670788544776 -1.2629287674363698 1.0
6.355662912407813 -0.16592401733235715 -1.1836544585121045 1.0
6.437370338820201 -0.22572793813309824 -1.096361420396575 1.0
6.5124034431184645 -0.2857243882242253 -1.0014164720647065 1.0
6.581235899818347 -0.3395621512357293 -0.8992029079108996 1.0
6.644167750621569 -0.38214656043942746 -0.7899094539500374 1.0
6.701013752084243 -0.4105689790990452 -0.6735558819862275 1.0
6.750900082205139 -0.42460633177987783 -0.5502832608000193 1.0
6.792335765308618 -0.42668357963515136 -0.42072405199825436 1.0
6.824198120612977 -0.419159936251021 -0.28624797502326926 1.0
6.8474361642352335 -0.39759252043865334 -0.14895399467570308 1.0
6.837573249304647 -0.44888304773287085 -0.011286008134980102 0.0 9,0,0 coil/filament1/filament2
