periods 0
begin filament
FOCUSADD Coils
6.84766359561448 0.4676137541505655 0.114530669767576 1620000.000000257
6.7685511158803395 0.4602911689713413 0.10517143386883528 1620000.000000257
6.7685511158803395 0.4602911689713413 0.10517143386883528 1620000.000000257
6.7685511158803395 0.4602911689713413 0.10517143386883528 1620000.000000257
6.7685511158803395 0.4602911689713413 0.10517143386883528 1620000.000000257
6.7685511158803395 0.4602911689713413 0.10517143386883528 1620000.000000257
6.7685511158803395 0.4602911689713413 0.10517143386883528 1620000.000000257
6.7685511158803395 0.4602911689713413 0.10517143386883528 1620000.000000257
6.7685511158803395 0.4602911689713413 0.10517143386883528 1620000.000000257
6.7685511158803395 0.4602911689713413 0.10517143386883528 1620000.000000257
6.7685511158803395 0.4602911689713413 0.10517143386883528 1620000.000000257
6.7685511158803395 0.4602911689713413 0.10517143386883528 1620000.000000257
6.7685511158803395 0.4602911689713413 0.10517143386883528 1620000.000000257
6.7685511158803395 0.4602911689713413 0.10517143386883528 1620000.000000257
6.7685511158803395 0.4602911689713413 0.10517143386883528 1620000.000000257
6.7685511158803395 0.4602911689713413 0.10517143386883528 1620000.000000257
6.7685511158803395 0.4602911689713413 0.10517143386883528 1620000.000000257
6.7685511158803395 0.4602911689713413 0.10517143386883528 1620000.000000257
6.7685511158803395 0.4602911689713413 0.10517143386883528 1620000.000000257
6.7685511158803395 0.4602911689713413 0.10517143386883528 1620000.000000257
6.7685511158803395 0.4602911689713413 0.10517143386883528 1620000.000000257
6.7685511158803395 0.4602911689713413 0.10517143386883528 1620000.000000257
6.7685511158803395 0.4602911689713413 0.10517143386883528 1620000.000000257
6.7685511158803395 0.4602911689713413 0.10517143386883528 1620000.000000257
6.7685511158803395 0.4602911689713413 0.10517143386883528 1620000.000000257
6.7685511158803395 0.4602911689713413 0.10517143386883528 1620000.000000257
6.7685511158803395 0.4602911689713413 0.10517143386883528 1620000.000000257
6.7685511158803395 0.4602911689713413 0.10517143386883528 1620000.000000257
6.7685511158803395 0.4602911689713413 0.10517143386883528 1620000.000000257
6.7685511158803395 0.4602911689713413 0.10517143386883528 1620000.000000257
6.7685511158803395 0.4602911689713413 0.10517143386883528 1620000.000000257
6.7685511158803395 0.4602911689713413 0.10517143386883528 1620000.000000257
6.7685511158803395 0.4602911689713413 0.10517143386883528 1620000.000000257
6.7685511158803395 0.4602911689713413 0.10517143386883528 1620000.000000257
6.7685511158803395 0.4602911689713413 0.10517143386883528 1620000.000000257
6.7685511158803395 0.4602911689713413 0.10517143386883528 1620000.000000257
6.7685511158803395 0.4602911689713413 0.10517143386883528 1620000.000000257
6.7685511158803395 0.4602911689713413 0.10517143386883528 1620000.000000257
6.7685511158803395 0.4602911689713413 0.10517143386883528 1620000.000000257
6.7685511158803395 0.4602911689713413 0.10517143386883528 1620000.000000257
6.7685511158803395 0.4602911689713413 0.10517143386883528 1620000.000000257
6.7685511158803395 0.4602911689713413 0.10517143386883528 1620000.000000257
6.7685511158803395 0.4602911689713413 0.10517143386883528 1620000.000000257
6.7685511158803395 0.4602911689713413 0.10517143386883528 1620000.000000257
6.7685511158803395 0.4602911689713413 0.10517143386883528 1620000.000000257
6.7685511158803395 0.4602911689713413 0.10517143386883528 1620000.000000257
6.7685511158803395 0.4602911689713413 0.10517143386883528 1620000.000000257
6.7685511158803395 0.4602911689713413 0.10517143386883528 1620000.000000257
6.7685511158803395 0.4602911689713413 0.10517143386883528 1620000.000000257
6.7685511158803395 0.4602911689713413 0.10517143386883528 1620000.000000257
6.7685511158803395 0.4602911689713413 0.10517143386883528 1620000.000000257
6.7685511158803395 0.4602911689713413 0.10517143386883528 1620000.000000257
6.7685511158803395 0.4602911689713413 0.10517143386883528 1620000.000000257
6.7685511158803395 0.4602911689713413 0.10517143386883528 1620000.000000257
6.7685511158803395 0.4602911689713413 0.10517143386883528 1620000.000000257
6.7685511158803395 0.4602911689713413 0.10517143386883528 1620000.000000257
6.7685511158803395 0.4602911689713413 0.10517143386883528 1620000.000000257
6.7685511158803395 0.4602911689713413 0.10517143386883528 1620000.000000257
6.7685511158803395 0.4602911689713413 0.10517143386883528 1620000.000000257
6.7685511158803395 0.4602911689713413 0.10517143386883528 1620000.000000257
6.7685511158803395 0.4602911689713413 0.10517143386883528 1620000.000000257
6.7685511158803395 0.4602911689713413 0.10517143386883528 1620000.000000257
6.7685511158803395 0.4602911689713413 0.10517143386883528 1620000.000000257
6.7685511158803395 0.4602911689713413 0.10517143386883528 1620000.000000257
6.84766359561448 0.4676137541505655 0.114530669767576 0.0 0,0,0 coil/filament1/filament2
6.8405153687967575 0.4652046281754819 0.17649090566808034 1620000.000000257
6.761410158136343 0.4579204778097658 0.16704067816705995 1620000.000000257
6.761410158136343 0.4579204778097658 0.16704067816705995 1620000.000000257
6.761410158136343 0.4579204778097658 0.16704067816705995 1620000.000000257
6.761410158136343 0.4579204778097658 0.16704067816705995 1620000.000000257
6.761410158136343 0.4579204778097658 0.16704067816705995 1620000.000000257
6.761410158136343 0.4579204778097658 0.16704067816705995 1620000.000000257
6.761410158136343 0.4579204778097658 0.16704067816705995 1620000.000000257
6.761410158136343 0.4579204778097658 0.16704067816705995 1620000.000000257
6.761410158136343 0.4579204778097658 0.16704067816705995 1620000.000000257
6.761410158136343 0.4579204778097658 0.16704067816705995 1620000.000000257
6.761410158136343 0.4579204778097658 0.16704067816705995 1620000.000000257
6.761410158136343 0.4579204778097658 0.16704067816705995 1620000.000000257
6.761410158136343 0.4579204778097658 0.16704067816705995 1620000.000000257
6.761410158136343 0.4579204778097658 0.16704067816705995 1620000.000000257
6.761410158136343 0.4579204778097658 0.16704067816705995 1620000.000000257
6.761410158136343 0.4579204778097658 0.16704067816705995 1620000.000000257
6.761410158136343 0.4579204778097658 0.16704067816705995 1620000.000000257
6.761410158136343 0.4579204778097658 0.16704067816705995 1620000.000000257
6.761410158136343 0.4579204778097658 0.16704067816705995 1620000.000000257
6.761410158136343 0.4579204778097658 0.16704067816705995 1620000.000000257
6.761410158136343 0.4579204778097658 0.16704067816705995 1620000.000000257
6.761410158136343 0.4579204778097658 0.16704067816705995 1620000.000000257
6.761410158136343 0.4579204778097658 0.16704067816705995 1620000.000000257
6.761410158136343 0.4579204778097658 0.16704067816705995 1620000.000000257
6.761410158136343 0.4579204778097658 0.16704067816705995 1620000.000000257
6.761410158136343 0.4579204778097658 0.16704067816705995 1620000.000000257
6.761410158136343 0.4579204778097658 0.16704067816705995 1620000.000000257
6.761410158136343 0.4579204778097658 0.16704067816705995 1620000.000000257
6.761410158136343 0.4579204778097658 0.16704067816705995 1620000.000000257
6.761410158136343 0.4579204778097658 0.16704067816705995 1620000.000000257
6.761410158136343 0.4579204778097658 0.16704067816705995 1620000.000000257
6.761410158136343 0.4579204778097658 0.16704067816705995 1620000.000000257
6.761410158136343 0.4579204778097658 0.16704067816705995 1620000.000000257
6.761410158136343 0.4579204778097658 0.16704067816705995 1620000.000000257
6.761410158136343 0.4579204778097658 0.16704067816705995 1620000.000000257
6.761410158136343 0.4579204778097658 0.16704067816705995 1620000.000000257
6.761410158136343 0.4579204778097658 0.16704067816705995 1620000.000000257
6.761410158136343 0.4579204778097658 0.16704067816705995 1620000.000000257
6.761410158136343 0.4579204778097658 0.16704067816705995 1620000.000000257
6.761410158136343 0.4579204778097658 0.16704067816705995 1620000.000000257
6.761410158136343 0.4579204778097658 0.16704067816705995 1620000.000000257
6.761410158136343 0.4579204778097658 0.16704067816705995 1620000.000000257
6.761410158136343 0.4579204778097658 0.16704067816705995 1620000.000000257
6.761410158136343 0.4579204778097658 0.16704067816705995 1620000.000000257
6.761410158136343 0.4579204778097658 0.16704067816705995 1620000.000000257
6.761410158136343 0.4579204778097658 0.16704067816705995 1620000.000000257
6.761410158136343 0.4579204778097658 0.16704067816705995 1620000.000000257
6.761410158136343 0.4579204778097658 0.16704067816705995 1620000.000000257
6.761410158136343 0.4579204778097658 0.16704067816705995 1620000.000000257
6.761410158136343 0.4579204778097658 0.16704067816705995 1620000.000000257
6.761410158136343 0.4579204778097658 0.16704067816705995 1620000.000000257
6.761410158136343 0.4579204778097658 0.16704067816705995 1620000.000000257
6.761410158136343 0.4579204778097658 0.16704067816705995 1620000.000000257
6.761410158136343 0.4579204778097658 0.16704067816705995 1620000.000000257
6.761410158136343 0.4579204778097658 0.16704067816705995 1620000.000000257
6.761410158136343 0.4579204778097658 0.16704067816705995 1620000.000000257
6.761410158136343 0.4579204778097658 0.16704067816705995 1620000.000000257
6.761410158136343 0.4579204778097658 0.16704067816705995 1620000.000000257
6.761410158136343 0.4579204778097658 0.16704067816705995 1620000.000000257
6.761410158136343 0.4579204778097658 0.16704067816705995 1620000.000000257
6.761410158136343 0.4579204778097658 0.16704067816705995 1620000.000000257
6.761410158136343 0.4579204778097658 0.16704067816705995 1620000.000000257
6.761410158136343 0.4579204778097658 0.16704067816705995 1620000.000000257
6.8405153687967575 0.4652046281754819 0.17649090566808034 0.0 0,0,1 coil/filament1/filament2
6.85528377372001 0.38800593647355747 0.11240270117188343 1620000.000000257
6.776171293985869 0.3806833512943333 0.1030434652731427 1620000.000000257
6.776171293985869 0.3806833512943333 0.1030434652731427 1620000.000000257
6.776171293985869 0.3806833512943333 0.1030434652731427 1620000.000000257
6.776171293985869 0.3806833512943333 0.1030434652731427 1620000.000000257
6.776171293985869 0.3806833512943333 0.1030434652731427 1620000.000000257
6.776171293985869 0.3806833512943333 0.1030434652731427 1620000.000000257
6.776171293985869 0.3806833512943333 0.1030434652731427 1620000.000000257
6.776171293985869 0.3806833512943333 0.1030434652731427 1620000.000000257
6.776171293985869 0.3806833512943333 0.1030434652731427 1620000.000000257
6.776171293985869 0.3806833512943333 0.1030434652731427 1620000.000000257
6.776171293985869 0.3806833512943333 0.1030434652731427 1620000.000000257
6.776171293985869 0.3806833512943333 0.1030434652731427 1620000.000000257
6.776171293985869 0.3806833512943333 0.1030434652731427 1620000.000000257
6.776171293985869 0.3806833512943333 0.1030434652731427 1620000.000000257
6.776171293985869 0.3806833512943333 0.1030434652731427 1620000.000000257
6.776171293985869 0.3806833512943333 0.1030434652731427 1620000.000000257
6.776171293985869 0.3806833512943333 0.1030434652731427 1620000.000000257
6.776171293985869 0.3806833512943333 0.1030434652731427 1620000.000000257
6.776171293985869 0.3806833512943333 0.1030434652731427 1620000.000000257
6.776171293985869 0.3806833512943333 0.1030434652731427 1620000.000000257
6.776171293985869 0.3806833512943333 0.1030434652731427 1620000.000000257
6.776171293985869 0.3806833512943333 0.1030434652731427 1620000.000000257
6.776171293985869 0.3806833512943333 0.1030434652731427 1620000.000000257
6.776171293985869 0.3806833512943333 0.1030434652731427 1620000.000000257
6.776171293985869 0.3806833512943333 0.1030434652731427 1620000.000000257
6.776171293985869 0.3806833512943333 0.1030434652731427 1620000.000000257
6.776171293985869 0.3806833512943333 0.1030434652731427 1620000.000000257
6.776171293985869 0.3806833512943333 0.1030434652731427 1620000.000000257
6.776171293985869 0.3806833512943333 0.1030434652731427 1620000.000000257
6.776171293985869 0.3806833512943333 0.1030434652731427 1620000.000000257
6.776171293985869 0.3806833512943333 0.1030434652731427 1620000.000000257
6.776171293985869 0.3806833512943333 0.1030434652731427 1620000.000000257
6.776171293985869 0.3806833512943333 0.1030434652731427 1620000.000000257
6.776171293985869 0.3806833512943333 0.1030434652731427 1620000.000000257
6.776171293985869 0.3806833512943333 0.1030434652731427 1620000.000000257
6.776171293985869 0.3806833512943333 0.1030434652731427 1620000.000000257
6.776171293985869 0.3806833512943333 0.1030434652731427 1620000.000000257
6.776171293985869 0.3806833512943333 0.1030434652731427 1620000.000000257
6.776171293985869 0.3806833512943333 0.1030434652731427 1620000.000000257
6.776171293985869 0.3806833512943333 0.1030434652731427 1620000.000000257
6.776171293985869 0.3806833512943333 0.1030434652731427 1620000.000000257
6.776171293985869 0.3806833512943333 0.1030434652731427 1620000.000000257
6.776171293985869 0.3806833512943333 0.1030434652731427 1620000.000000257
6.776171293985869 0.3806833512943333 0.1030434652731427 1620000.000000257
6.776171293985869 0.3806833512943333 0.1030434652731427 1620000.000000257
6.776171293985869 0.3806833512943333 0.1030434652731427 1620000.000000257
6.776171293985869 0.3806833512943333 0.1030434652731427 1620000.000000257
6.776171293985869 0.3806833512943333 0.1030434652731427 1620000.000000257
6.776171293985869 0.3806833512943333 0.1030434652731427 1620000.000000257
6.776171293985869 0.3806833512943333 0.1030434652731427 1620000.000000257
6.776171293985869 0.3806833512943333 0.1030434652731427 1620000.000000257
6.776171293985869 0.3806833512943333 0.1030434652731427 1620000.000000257
6.776171293985869 0.3806833512943333 0.1030434652731427 1620000.000000257
6.776171293985869 0.3806833512943333 0.1030434652731427 1620000.000000257
6.776171293985869 0.3806833512943333 0.1030434652731427 1620000.000000257
6.776171293985869 0.3806833512943333 0.1030434652731427 1620000.000000257
6.776171293985869 0.3806833512943333 0.1030434652731427 1620000.000000257
6.776171293985869 0.3806833512943333 0.1030434652731427 1620000.000000257
6.776171293985869 0.3806833512943333 0.1030434652731427 1620000.000000257
6.776171293985869 0.3806833512943333 0.1030434652731427 1620000.000000257
6.776171293985869 0.3806833512943333 0.1030434652731427 1620000.000000257
6.776171293985869 0.3806833512943333 0.1030434652731427 1620000.000000257
6.776171293985869 0.3806833512943333 0.1030434652731427 1620000.000000257
6.85528377372001 0.38800593647355747 0.11240270117188343 0.0 0,1,0 coil/filament1/filament2
6.848112740875459 0.3855975656328235 0.17425583725144575 1620000.000000257
6.7690075302150445 0.3783134152671074 0.16480560975042535 1620000.000000257
6.7690075302150445 0.3783134152671074 0.16480560975042535 1620000.000000257
6.7690075302150445 0.3783134152671074 0.16480560975042535 1620000.000000257
6.7690075302150445 0.3783134152671074 0.16480560975042535 1620000.000000257
6.7690075302150445 0.3783134152671074 0.16480560975042535 1620000.000000257
6.7690075302150445 0.3783134152671074 0.16480560975042535 1620000.000000257
6.7690075302150445 0.3783134152671074 0.16480560975042535 1620000.000000257
6.7690075302150445 0.3783134152671074 0.16480560975042535 1620000.000000257
6.7690075302150445 0.3783134152671074 0.16480560975042535 1620000.000000257
6.7690075302150445 0.3783134152671074 0.16480560975042535 1620000.000000257
6.7690075302150445 0.3783134152671074 0.16480560975042535 1620000.000000257
6.7690075302150445 0.3783134152671074 0.16480560975042535 1620000.000000257
6.7690075302150445 0.3783134152671074 0.16480560975042535 1620000.000000257
6.7690075302150445 0.3783134152671074 0.16480560975042535 1620000.000000257
6.7690075302150445 0.3783134152671074 0.16480560975042535 1620000.000000257
6.7690075302150445 0.3783134152671074 0.16480560975042535 1620000.000000257
6.7690075302150445 0.3783134152671074 0.16480560975042535 1620000.000000257
6.7690075302150445 0.3783134152671074 0.16480560975042535 1620000.000000257
6.7690075302150445 0.3783134152671074 0.16480560975042535 1620000.000000257
6.7690075302150445 0.3783134152671074 0.16480560975042535 1620000.000000257
6.7690075302150445 0.3783134152671074 0.16480560975042535 1620000.000000257
6.7690075302150445 0.3783134152671074 0.16480560975042535 1620000.000000257
6.7690075302150445 0.3783134152671074 0.16480560975042535 1620000.000000257
6.7690075302150445 0.3783134152671074 0.16480560975042535 1620000.000000257
6.7690075302150445 0.3783134152671074 0.16480560975042535 1620000.000000257
6.7690075302150445 0.3783134152671074 0.16480560975042535 1620000.000000257
6.7690075302150445 0.3783134152671074 0.16480560975042535 1620000.000000257
6.7690075302150445 0.3783134152671074 0.16480560975042535 1620000.000000257
6.7690075302150445 0.3783134152671074 0.16480560975042535 1620000.000000257
6.7690075302150445 0.3783134152671074 0.16480560975042535 1620000.000000257
6.7690075302150445 0.3783134152671074 0.16480560975042535 1620000.000000257
6.7690075302150445 0.3783134152671074 0.16480560975042535 1620000.000000257
6.7690075302150445 0.3783134152671074 0.16480560975042535 1620000.000000257
6.7690075302150445 0.3783134152671074 0.16480560975042535 1620000.000000257
6.7690075302150445 0.3783134152671074 0.16480560975042535 1620000.000000257
6.7690075302150445 0.3783134152671074 0.16480560975042535 1620000.000000257
6.7690075302150445 0.3783134152671074 0.16480560975042535 1620000.000000257
6.7690075302150445 0.3783134152671074 0.16480560975042535 1620000.000000257
6.7690075302150445 0.3783134152671074 0.16480560975042535 1620000.000000257
6.7690075302150445 0.3783134152671074 0.16480560975042535 1620000.000000257
6.7690075302150445 0.3783134152671074 0.16480560975042535 1620000.000000257
6.7690075302150445 0.3783134152671074 0.16480560975042535 1620000.000000257
6.7690075302150445 0.3783134152671074 0.16480560975042535 1620000.000000257
6.7690075302150445 0.3783134152671074 0.16480560975042535 1620000.000000257
6.7690075302150445 0.3783134152671074 0.16480560975042535 1620000.000000257
6.7690075302150445 0.3783134152671074 0.16480560975042535 1620000.000000257
6.7690075302150445 0.3783134152671074 0.16480560975042535 1620000.000000257
6.7690075302150445 0.3783134152671074 0.16480560975042535 1620000.000000257
6.7690075302150445 0.3783134152671074 0.16480560975042535 1620000.000000257
6.7690075302150445 0.3783134152671074 0.16480560975042535 1620000.000000257
6.7690075302150445 0.3783134152671074 0.16480560975042535 1620000.000000257
6.7690075302150445 0.3783134152671074 0.16480560975042535 1620000.000000257
6.7690075302150445 0.3783134152671074 0.16480560975042535 1620000.000000257
6.7690075302150445 0.3783134152671074 0.16480560975042535 1620000.000000257
6.7690075302150445 0.3783134152671074 0.16480560975042535 1620000.000000257
6.7690075302150445 0.3783134152671074 0.16480560975042535 1620000.000000257
6.7690075302150445 0.3783134152671074 0.16480560975042535 1620000.000000257
6.7690075302150445 0.3783134152671074 0.16480560975042535 1620000.000000257
6.7690075302150445 0.3783134152671074 0.16480560975042535 1620000.000000257
6.7690075302150445 0.3783134152671074 0.16480560975042535 1620000.000000257
6.7690075302150445 0.3783134152671074 0.16480560975042535 1620000.000000257
6.7690075302150445 0.3783134152671074 0.16480560975042535 1620000.000000257
6.7690075302150445 0.3783134152671074 0.16480560975042535 1620000.000000257
6.848112740875459 0.3855975656328235 0.17425583725144575 0.0 0,1,1 coil/filament1/filament2
6.6475296313275205 1.395754116150581 0.23796487448842127 1620000.0000001502
6.573426575676372 1.3710952511451509 0.22062481913075893 1620000.0000001502
6.573426575676372 1.3710952511451509 0.22062481913075893 1620000.0000001502
6.573426575676372 1.3710952511451509 0.22062481913075893 1620000.0000001502
6.573426575676372 1.3710952511451509 0.22062481913075893 1620000.0000001502
6.573426575676372 1.3710952511451509 0.22062481913075893 1620000.0000001502
6.573426575676372 1.3710952511451509 0.22062481913075893 1620000.0000001502
6.573426575676372 1.3710952511451509 0.22062481913075893 1620000.0000001502
6.573426575676372 1.3710952511451509 0.22062481913075893 1620000.0000001502
6.573426575676372 1.3710952511451509 0.22062481913075893 1620000.0000001502
6.573426575676372 1.3710952511451509 0.22062481913075893 1620000.0000001502
6.573426575676372 1.3710952511451509 0.22062481913075893 1620000.0000001502
6.573426575676372 1.3710952511451509 0.22062481913075893 1620000.0000001502
6.573426575676372 1.3710952511451509 0.22062481913075893 1620000.0000001502
6.573426575676372 1.3710952511451509 0.22062481913075893 1620000.0000001502
6.573426575676372 1.3710952511451509 0.22062481913075893 1620000.0000001502
6.573426575676372 1.3710952511451509 0.22062481913075893 1620000.0000001502
6.573426575676372 1.3710952511451509 0.22062481913075893 1620000.0000001502
6.573426575676372 1.3710952511451509 0.22062481913075893 1620000.0000001502
6.573426575676372 1.3710952511451509 0.22062481913075893 1620000.0000001502
6.573426575676372 1.3710952511451509 0.22062481913075893 1620000.0000001502
6.573426575676372 1.3710952511451509 0.22062481913075893 1620000.0000001502
6.573426575676372 1.3710952511451509 0.22062481913075893 1620000.0000001502
6.573426575676372 1.3710952511451509 0.22062481913075893 1620000.0000001502
6.573426575676372 1.3710952511451509 0.22062481913075893 1620000.0000001502
6.573426575676372 1.3710952511451509 0.22062481913075893 1620000.0000001502
6.573426575676372 1.3710952511451509 0.22062481913075893 1620000.0000001502
6.573426575676372 1.3710952511451509 0.22062481913075893 1620000.0000001502
6.573426575676372 1.3710952511451509 0.22062481913075893 1620000.0000001502
6.573426575676372 1.3710952511451509 0.22062481913075893 1620000.0000001502
6.573426575676372 1.3710952511451509 0.22062481913075893 1620000.0000001502
6.573426575676372 1.3710952511451509 0.22062481913075893 1620000.0000001502
6.573426575676372 1.3710952511451509 0.22062481913075893 1620000.0000001502
6.573426575676372 1.3710952511451509 0.22062481913075893 1620000.0000001502
6.573426575676372 1.3710952511451509 0.22062481913075893 1620000.0000001502
6.573426575676372 1.3710952511451509 0.22062481913075893 1620000.0000001502
6.573426575676372 1.3710952511451509 0.22062481913075893 1620000.0000001502
6.573426575676372 1.3710952511451509 0.22062481913075893 1620000.0000001502
6.573426575676372 1.3710952511451509 0.22062481913075893 1620000.0000001502
6.573426575676372 1.3710952511451509 0.22062481913075893 1620000.0000001502
6.573426575676372 1.3710952511451509 0.22062481913075893 1620000.0000001502
6.573426575676372 1.3710952511451509 0.22062481913075893 1620000.0000001502
6.573426575676372 1.3710952511451509 0.22062481913075893 1620000.0000001502
6.573426575676372 1.3710952511451509 0.22062481913075893 1620000.0000001502
6.573426575676372 1.3710952511451509 0.22062481913075893 1620000.0000001502
6.573426575676372 1.3710952511451509 0.22062481913075893 1620000.0000001502
6.573426575676372 1.3710952511451509 0.22062481913075893 1620000.0000001502
6.573426575676372 1.3710952511451509 0.22062481913075893 1620000.0000001502
6.573426575676372 1.3710952511451509 0.22062481913075893 1620000.0000001502
6.573426575676372 1.3710952511451509 0.22062481913075893 1620000.0000001502
6.573426575676372 1.3710952511451509 0.22062481913075893 1620000.0000001502
6.573426575676372 1.3710952511451509 0.22062481913075893 1620000.0000001502
6.573426575676372 1.3710952511451509 0.22062481913075893 1620000.0000001502
6.573426575676372 1.3710952511451509 0.22062481913075893 1620000.0000001502
6.573426575676372 1.3710952511451509 0.22062481913075893 1620000.0000001502
6.573426575676372 1.3710952511451509 0.22062481913075893 1620000.0000001502
6.573426575676372 1.3710952511451509 0.22062481913075893 1620000.0000001502
6.573426575676372 1.3710952511451509 0.22062481913075893 1620000.0000001502
6.573426575676372 1.3710952511451509 0.22062481913075893 1620000.0000001502
6.573426575676372 1.3710952511451509 0.22062481913075893 1620000.0000001502
6.573426575676372 1.3710952511451509 0.22062481913075893 1620000.0000001502
6.573426575676372 1.3710952511451509 0.22062481913075893 1620000.0000001502
6.573426575676372 1.3710952511451509 0.22062481913075893 1620000.0000001502
6.573426575676372 1.3710952511451509 0.22062481913075893 1620000.0000001502
6.6475296313275205 1.395754116150581 0.23796487448842127 0.0 1,0,0 coil/filament1/filament2
6.630642866173654 1.3743702804839026 0.3302314175404478 1620000.0000001502
6.557235094549076 1.350171797741388 0.3095981313728482 1620000.0000001502
6.557235094549076 1.350171797741388 0.3095981313728482 1620000.0000001502
6.557235094549076 1.350171797741388 0.3095981313728482 1620000.0000001502
6.557235094549076 1.350171797741388 0.3095981313728482 1620000.0000001502
6.557235094549076 1.350171797741388 0.3095981313728482 1620000.0000001502
6.557235094549076 1.350171797741388 0.3095981313728482 1620000.0000001502
6.557235094549076 1.350171797741388 0.3095981313728482 1620000.0000001502
6.557235094549076 1.350171797741388 0.3095981313728482 1620000.0000001502
6.557235094549076 1.350171797741388 0.3095981313728482 1620000.0000001502
6.557235094549076 1.350171797741388 0.3095981313728482 1620000.0000001502
6.557235094549076 1.350171797741388 0.3095981313728482 1620000.0000001502
6.557235094549076 1.350171797741388 0.3095981313728482 1620000.0000001502
6.557235094549076 1.350171797741388 0.3095981313728482 1620000.0000001502
6.557235094549076 1.350171797741388 0.3095981313728482 1620000.0000001502
6.557235094549076 1.350171797741388 0.3095981313728482 1620000.0000001502
6.557235094549076 1.350171797741388 0.3095981313728482 1620000.0000001502
6.557235094549076 1.350171797741388 0.3095981313728482 1620000.0000001502
6.557235094549076 1.350171797741388 0.3095981313728482 1620000.0000001502
6.557235094549076 1.350171797741388 0.3095981313728482 1620000.0000001502
6.557235094549076 1.350171797741388 0.3095981313728482 1620000.0000001502
6.557235094549076 1.350171797741388 0.3095981313728482 1620000.0000001502
6.557235094549076 1.350171797741388 0.3095981313728482 1620000.0000001502
6.557235094549076 1.350171797741388 0.3095981313728482 1620000.0000001502
6.557235094549076 1.350171797741388 0.3095981313728482 1620000.0000001502
6.557235094549076 1.350171797741388 0.3095981313728482 1620000.0000001502
6.557235094549076 1.350171797741388 0.3095981313728482 1620000.0000001502
6.557235094549076 1.350171797741388 0.3095981313728482 1620000.0000001502
6.557235094549076 1.350171797741388 0.3095981313728482 1620000.0000001502
6.557235094549076 1.350171797741388 0.3095981313728482 1620000.0000001502
6.557235094549076 1.350171797741388 0.3095981313728482 1620000.0000001502
6.557235094549076 1.350171797741388 0.3095981313728482 1620000.0000001502
6.557235094549076 1.350171797741388 0.3095981313728482 1620000.0000001502
6.557235094549076 1.350171797741388 0.3095981313728482 1620000.0000001502
6.557235094549076 1.350171797741388 0.3095981313728482 1620000.0000001502
6.557235094549076 1.350171797741388 0.3095981313728482 1620000.0000001502
6.557235094549076 1.350171797741388 0.3095981313728482 1620000.0000001502
6.557235094549076 1.350171797741388 0.3095981313728482 1620000.0000001502
6.557235094549076 1.350171797741388 0.3095981313728482 1620000.0000001502
6.557235094549076 1.350171797741388 0.3095981313728482 1620000.0000001502
6.557235094549076 1.350171797741388 0.3095981313728482 1620000.0000001502
6.557235094549076 1.350171797741388 0.3095981313728482 1620000.0000001502
6.557235094549076 1.350171797741388 0.3095981313728482 1620000.0000001502
6.557235094549076 1.350171797741388 0.3095981313728482 1620000.0000001502
6.557235094549076 1.350171797741388 0.3095981313728482 1620000.0000001502
6.557235094549076 1.350171797741388 0.3095981313728482 1620000.0000001502
6.557235094549076 1.350171797741388 0.3095981313728482 1620000.0000001502
6.557235094549076 1.350171797741388 0.3095981313728482 1620000.0000001502
6.557235094549076 1.350171797741388 0.3095981313728482 1620000.0000001502
6.557235094549076 1.350171797741388 0.3095981313728482 1620000.0000001502
6.557235094549076 1.350171797741388 0.3095981313728482 1620000.0000001502
6.557235094549076 1.350171797741388 0.3095981313728482 1620000.0000001502
6.557235094549076 1.350171797741388 0.3095981313728482 1620000.0000001502
6.557235094549076 1.350171797741388 0.3095981313728482 1620000.0000001502
6.557235094549076 1.350171797741388 0.3095981313728482 1620000.0000001502
6.557235094549076 1.350171797741388 0.3095981313728482 1620000.0000001502
6.557235094549076 1.350171797741388 0.3095981313728482 1620000.0000001502
6.557235094549076 1.350171797741388 0.3095981313728482 1620000.0000001502
6.557235094549076 1.350171797741388 0.3095981313728482 1620000.0000001502
6.557235094549076 1.350171797741388 0.3095981313728482 1620000.0000001502
6.557235094549076 1.350171797741388 0.3095981313728482 1620000.0000001502
6.557235094549076 1.350171797741388 0.3095981313728482 1620000.0000001502
6.557235094549076 1.350171797741388 0.3095981313728482 1620000.0000001502
6.557235094549076 1.350171797741388 0.3095981313728482 1620000.0000001502
6.630642866173654 1.3743702804839026 0.3302314175404478 0.0 1,0,1 coil/filament1/filament2
6.675138309929851 1.321761894527857 0.22520117576246834 1620000.0000001502
6.6010352542787025 1.2971030295224268 0.207861120404806 1620000.0000001502
6.6010352542787025 1.2971030295224268 0.207861120404806 1620000.0000001502
6.6010352542787025 1.2971030295224268 0.207861120404806 1620000.0000001502
6.6010352542787025 1.2971030295224268 0.207861120404806 1620000.0000001502
6.6010352542787025 1.2971030295224268 0.207861120404806 1620000.0000001502
6.6010352542787025 1.2971030295224268 0.207861120404806 1620000.0000001502
6.6010352542787025 1.2971030295224268 0.207861120404806 1620000.0000001502
6.6010352542787025 1.2971030295224268 0.207861120404806 1620000.0000001502
6.6010352542787025 1.2971030295224268 0.207861120404806 1620000.0000001502
6.6010352542787025 1.2971030295224268 0.207861120404806 1620000.0000001502
6.6010352542787025 1.2971030295224268 0.207861120404806 1620000.0000001502
6.6010352542787025 1.2971030295224268 0.207861120404806 1620000.0000001502
6.6010352542787025 1.2971030295224268 0.207861120404806 1620000.0000001502
6.6010352542787025 1.2971030295224268 0.207861120404806 1620000.0000001502
6.6010352542787025 1.2971030295224268 0.207861120404806 1620000.0000001502
6.6010352542787025 1.2971030295224268 0.207861120404806 1620000.0000001502
6.6010352542787025 1.2971030295224268 0.207861120404806 1620000.0000001502
6.6010352542787025 1.2971030295224268 0.207861120404806 1620000.0000001502
6.6010352542787025 1.2971030295224268 0.207861120404806 1620000.0000001502
6.6010352542787025 1.2971030295224268 0.207861120404806 1620000.0000001502
6.6010352542787025 1.2971030295224268 0.207861120404806 1620000.0000001502
6.6010352542787025 1.2971030295224268 0.207861120404806 1620000.0000001502
6.6010352542787025 1.2971030295224268 0.207861120404806 1620000.0000001502
6.6010352542787025 1.2971030295224268 0.207861120404806 1620000.0000001502
6.6010352542787025 1.2971030295224268 0.207861120404806 1620000.0000001502
6.6010352542787025 1.2971030295224268 0.207861120404806 1620000.0000001502
6.6010352542787025 1.2971030295224268 0.207861120404806 1620000.0000001502
6.6010352542787025 1.2971030295224268 0.207861120404806 1620000.0000001502
6.6010352542787025 1.2971030295224268 0.207861120404806 1620000.0000001502
6.6010352542787025 1.2971030295224268 0.207861120404806 1620000.0000001502
6.6010352542787025 1.2971030295224268 0.207861120404806 1620000.0000001502
6.6010352542787025 1.2971030295224268 0.207861120404806 1620000.0000001502
6.6010352542787025 1.2971030295224268 0.207861120404806 1620000.0000001502
6.6010352542787025 1.2971030295224268 0.207861120404806 1620000.0000001502
6.6010352542787025 1.2971030295224268 0.207861120404806 1620000.0000001502
6.6010352542787025 1.2971030295224268 0.207861120404806 1620000.0000001502
6.6010352542787025 1.2971030295224268 0.207861120404806 1620000.0000001502
6.6010352542787025 1.2971030295224268 0.207861120404806 1620000.0000001502
6.6010352542787025 1.2971030295224268 0.207861120404806 1620000.0000001502
6.6010352542787025 1.2971030295224268 0.207861120404806 1620000.0000001502
6.6010352542787025 1.2971030295224268 0.207861120404806 1620000.0000001502
6.6010352542787025 1.2971030295224268 0.207861120404806 1620000.0000001502
6.6010352542787025 1.2971030295224268 0.207861120404806 1620000.0000001502
6.6010352542787025 1.2971030295224268 0.207861120404806 1620000.0000001502
6.6010352542787025 1.2971030295224268 0.207861120404806 1620000.0000001502
6.6010352542787025 1.2971030295224268 0.207861120404806 1620000.0000001502
6.6010352542787025 1.2971030295224268 0.207861120404806 1620000.0000001502
6.6010352542787025 1.2971030295224268 0.207861120404806 1620000.0000001502
6.6010352542787025 1.2971030295224268 0.207861120404806 1620000.0000001502
6.6010352542787025 1.2971030295224268 0.207861120404806 1620000.0000001502
6.6010352542787025 1.2971030295224268 0.207861120404806 1620000.0000001502
6.6010352542787025 1.2971030295224268 0.207861120404806 1620000.0000001502
6.6010352542787025 1.2971030295224268 0.207861120404806 1620000.0000001502
6.6010352542787025 1.2971030295224268 0.207861120404806 1620000.0000001502
6.6010352542787025 1.2971030295224268 0.207861120404806 1620000.0000001502
6.6010352542787025 1.2971030295224268 0.207861120404806 1620000.0000001502
6.6010352542787025 1.2971030295224268 0.207861120404806 1620000.0000001502
6.6010352542787025 1.2971030295224268 0.207861120404806 1620000.0000001502
6.6010352542787025 1.2971030295224268 0.207861120404806 1620000.0000001502
6.6010352542787025 1.2971030295224268 0.207861120404806 1620000.0000001502
6.6010352542787025 1.2971030295224268 0.207861120404806 1620000.0000001502
6.6010352542787025 1.2971030295224268 0.207861120404806 1620000.0000001502
6.6010352542787025 1.2971030295224268 0.207861120404806 1620000.0000001502
6.675138309929851 1.321761894527857 0.22520117576246834 0.0 1,1,0 coil/filament1/filament2
6.658335942604054 1.300210521708582 0.31868049999220815 1620000.0000001502
6.584928170979476 1.2760120389660674 0.2980472138246085 1620000.0000001502
6.584928170979476 1.2760120389660674 0.2980472138246085 1620000.0000001502
6.584928170979476 1.2760120389660674 0.2980472138246085 1620000.0000001502
6.584928170979476 1.2760120389660674 0.2980472138246085 1620000.0000001502
6.584928170979476 1.2760120389660674 0.2980472138246085 1620000.0000001502
6.584928170979476 1.2760120389660674 0.2980472138246085 1620000.0000001502
6.584928170979476 1.2760120389660674 0.2980472138246085 1620000.0000001502
6.584928170979476 1.2760120389660674 0.2980472138246085 1620000.0000001502
6.584928170979476 1.2760120389660674 0.2980472138246085 1620000.0000001502
6.584928170979476 1.2760120389660674 0.2980472138246085 1620000.0000001502
6.584928170979476 1.2760120389660674 0.2980472138246085 1620000.0000001502
6.584928170979476 1.2760120389660674 0.2980472138246085 1620000.0000001502
6.584928170979476 1.2760120389660674 0.2980472138246085 1620000.0000001502
6.584928170979476 1.2760120389660674 0.2980472138246085 1620000.0000001502
6.584928170979476 1.2760120389660674 0.2980472138246085 1620000.0000001502
6.584928170979476 1.2760120389660674 0.2980472138246085 1620000.0000001502
6.584928170979476 1.2760120389660674 0.2980472138246085 1620000.0000001502
6.584928170979476 1.2760120389660674 0.2980472138246085 1620000.0000001502
6.584928170979476 1.2760120389660674 0.2980472138246085 1620000.0000001502
6.584928170979476 1.2760120389660674 0.2980472138246085 1620000.0000001502
6.584928170979476 1.2760120389660674 0.2980472138246085 1620000.0000001502
6.584928170979476 1.2760120389660674 0.2980472138246085 1620000.0000001502
6.584928170979476 1.2760120389660674 0.2980472138246085 1620000.0000001502
6.584928170979476 1.2760120389660674 0.2980472138246085 1620000.0000001502
6.584928170979476 1.2760120389660674 0.2980472138246085 1620000.0000001502
6.584928170979476 1.2760120389660674 0.2980472138246085 1620000.0000001502
6.584928170979476 1.2760120389660674 0.2980472138246085 1620000.0000001502
6.584928170979476 1.2760120389660674 0.2980472138246085 1620000.0000001502
6.584928170979476 1.2760120389660674 0.2980472138246085 1620000.0000001502
6.584928170979476 1.2760120389660674 0.2980472138246085 1620000.0000001502
6.584928170979476 1.2760120389660674 0.2980472138246085 1620000.0000001502
6.584928170979476 1.2760120389660674 0.2980472138246085 1620000.0000001502
6.584928170979476 1.2760120389660674 0.2980472138246085 1620000.0000001502
6.584928170979476 1.2760120389660674 0.2980472138246085 1620000.0000001502
6.584928170979476 1.2760120389660674 0.2980472138246085 1620000.0000001502
6.584928170979476 1.2760120389660674 0.2980472138246085 1620000.0000001502
6.584928170979476 1.2760120389660674 0.2980472138246085 1620000.0000001502
6.584928170979476 1.2760120389660674 0.2980472138246085 1620000.0000001502
6.584928170979476 1.2760120389660674 0.2980472138246085 1620000.0000001502
6.584928170979476 1.2760120389660674 0.2980472138246085 1620000.0000001502
6.584928170979476 1.2760120389660674 0.2980472138246085 1620000.0000001502
6.584928170979476 1.2760120389660674 0.2980472138246085 1620000.0000001502
6.584928170979476 1.2760120389660674 0.2980472138246085 1620000.0000001502
6.584928170979476 1.2760120389660674 0.2980472138246085 1620000.0000001502
6.584928170979476 1.2760120389660674 0.2980472138246085 1620000.0000001502
6.584928170979476 1.2760120389660674 0.2980472138246085 1620000.0000001502
6.584928170979476 1.2760120389660674 0.2980472138246085 1620000.0000001502
6.584928170979476 1.2760120389660674 0.2980472138246085 1620000.0000001502
6.584928170979476 1.2760120389660674 0.2980472138246085 1620000.0000001502
6.584928170979476 1.2760120389660674 0.2980472138246085 1620000.0000001502
6.584928170979476 1.2760120389660674 0.2980472138246085 1620000.0000001502
6.584928170979476 1.2760120389660674 0.2980472138246085 1620000.0000001502
6.584928170979476 1.2760120389660674 0.2980472138246085 1620000.0000001502
6.584928170979476 1.2760120389660674 0.2980472138246085 1620000.0000001502
6.584928170979476 1.2760120389660674 0.2980472138246085 1620000.0000001502
6.584928170979476 1.2760120389660674 0.2980472138246085 1620000.0000001502
6.584928170979476 1.2760120389660674 0.2980472138246085 1620000.0000001502
6.584928170979476 1.2760120389660674 0.2980472138246085 1620000.0000001502
6.584928170979476 1.2760120389660674 0.2980472138246085 1620000.0000001502
6.584928170979476 1.2760120389660674 0.2980472138246085 1620000.0000001502
6.584928170979476 1.2760120389660674 0.2980472138246085 1620000.0000001502
6.584928170979476 1.2760120389660674 0.2980472138246085 1620000.0000001502
6.584928170979476 1.2760120389660674 0.2980472138246085 1620000.0000001502
6.658335942604054 1.300210521708582 0.31868049999220815 0.0 1,1,1 coil/filament1/filament2
6.331279329601881 2.2163253121841473 0.17110973157239623 1620000.0000000014
6.2648223076430645 2.173386405333691 0.1592896422811418 1620000.0000000014
6.2648223076430645 2.173386405333691 0.1592896422811418 1620000.0000000014
6.2648223076430645 2.173386405333691 0.1592896422811418 1620000.0000000014
6.2648223076430645 2.173386405333691 0.1592896422811418 1620000.0000000014
6.2648223076430645 2.173386405333691 0.1592896422811418 1620000.0000000014
6.2648223076430645 2.173386405333691 0.1592896422811418 1620000.0000000014
6.2648223076430645 2.173386405333691 0.1592896422811418 1620000.0000000014
6.2648223076430645 2.173386405333691 0.1592896422811418 1620000.0000000014
6.2648223076430645 2.173386405333691 0.1592896422811418 1620000.0000000014
6.2648223076430645 2.173386405333691 0.1592896422811418 1620000.0000000014
6.2648223076430645 2.173386405333691 0.1592896422811418 1620000.0000000014
6.2648223076430645 2.173386405333691 0.1592896422811418 1620000.0000000014
6.2648223076430645 2.173386405333691 0.1592896422811418 1620000.0000000014
6.2648223076430645 2.173386405333691 0.1592896422811418 1620000.0000000014
6.2648223076430645 2.173386405333691 0.1592896422811418 1620000.0000000014
6.2648223076430645 2.173386405333691 0.1592896422811418 1620000.0000000014
6.2648223076430645 2.173386405333691 0.1592896422811418 1620000.0000000014
6.2648223076430645 2.173386405333691 0.1592896422811418 1620000.0000000014
6.2648223076430645 2.173386405333691 0.1592896422811418 1620000.0000000014
6.2648223076430645 2.173386405333691 0.1592896422811418 1620000.0000000014
6.2648223076430645 2.173386405333691 0.1592896422811418 1620000.0000000014
6.2648223076430645 2.173386405333691 0.1592896422811418 1620000.0000000014
6.2648223076430645 2.173386405333691 0.1592896422811418 1620000.0000000014
6.2648223076430645 2.173386405333691 0.1592896422811418 1620000.0000000014
6.2648223076430645 2.173386405333691 0.1592896422811418 1620000.0000000014
6.2648223076430645 2.173386405333691 0.1592896422811418 1620000.0000000014
6.2648223076430645 2.173386405333691 0.1592896422811418 1620000.0000000014
6.2648223076430645 2.173386405333691 0.1592896422811418 1620000.0000000014
6.2648223076430645 2.173386405333691 0.1592896422811418 1620000.0000000014
6.2648223076430645 2.173386405333691 0.1592896422811418 1620000.0000000014
6.2648223076430645 2.173386405333691 0.1592896422811418 1620000.0000000014
6.2648223076430645 2.173386405333691 0.1592896422811418 1620000.0000000014
6.2648223076430645 2.173386405333691 0.1592896422811418 1620000.0000000014
6.2648223076430645 2.173386405333691 0.1592896422811418 1620000.0000000014
6.2648223076430645 2.173386405333691 0.1592896422811418 1620000.0000000014
6.2648223076430645 2.173386405333691 0.1592896422811418 1620000.0000000014
6.2648223076430645 2.173386405333691 0.1592896422811418 1620000.0000000014
6.2648223076430645 2.173386405333691 0.1592896422811418 1620000.0000000014
6.2648223076430645 2.173386405333691 0.1592896422811418 1620000.0000000014
6.2648223076430645 2.173386405333691 0.1592896422811418 1620000.0000000014
6.2648223076430645 2.173386405333691 0.1592896422811418 1620000.0000000014
6.2648223076430645 2.173386405333691 0.1592896422811418 1620000.0000000014
6.2648223076430645 2.173386405333691 0.1592896422811418 1620000.0000000014
6.2648223076430645 2.173386405333691 0.1592896422811418 1620000.0000000014
6.2648223076430645 2.173386405333691 0.1592896422811418 1620000.0000000014
6.2648223076430645 2.173386405333691 0.1592896422811418 1620000.0000000014
6.2648223076430645 2.173386405333691 0.1592896422811418 1620000.0000000014
6.2648223076430645 2.173386405333691 0.1592896422811418 1620000.0000000014
6.2648223076430645 2.173386405333691 0.1592896422811418 1620000.0000000014
6.2648223076430645 2.173386405333691 0.1592896422811418 1620000.0000000014
6.2648223076430645 2.173386405333691 0.1592896422811418 1620000.0000000014
6.2648223076430645 2.173386405333691 0.1592896422811418 1620000.0000000014
6.2648223076430645 2.173386405333691 0.1592896422811418 1620000.0000000014
6.2648223076430645 2.173386405333691 0.1592896422811418 1620000.0000000014
6.2648223076430645 2.173386405333691 0.1592896422811418 1620000.0000000014
6.2648223076430645 2.173386405333691 0.1592896422811418 1620000.0000000014
6.2648223076430645 2.173386405333691 0.1592896422811418 1620000.0000000014
6.2648223076430645 2.173386405333691 0.1592896422811418 1620000.0000000014
6.2648223076430645 2.173386405333691 0.1592896422811418 1620000.0000000014
6.2648223076430645 2.173386405333691 0.1592896422811418 1620000.0000000014
6.2648223076430645 2.173386405333691 0.1592896422811418 1620000.0000000014
6.2648223076430645 2.173386405333691 0.1592896422811418 1620000.0000000014
6.2648223076430645 2.173386405333691 0.1592896422811418 1620000.0000000014
6.331279329601881 2.2163253121841473 0.17110973157239623 0.0 2,0,0 coil/filament1/filament2
6.285910586706768 2.2302354513487033 0.325329341169044 1620000.0000000014
6.221196091608726 2.1875265951028777 0.30563193721880316 1620000.0000000014
6.221196091608726 2.1875265951028777 0.30563193721880316 1620000.0000000014
6.221196091608726 2.1875265951028777 0.30563193721880316 1620000.0000000014
6.221196091608726 2.1875265951028777 0.30563193721880316 1620000.0000000014
6.221196091608726 2.1875265951028777 0.30563193721880316 1620000.0000000014
6.221196091608726 2.1875265951028777 0.30563193721880316 1620000.0000000014
6.221196091608726 2.1875265951028777 0.30563193721880316 1620000.0000000014
6.221196091608726 2.1875265951028777 0.30563193721880316 1620000.0000000014
6.221196091608726 2.1875265951028777 0.30563193721880316 1620000.0000000014
6.221196091608726 2.1875265951028777 0.30563193721880316 1620000.0000000014
6.221196091608726 2.1875265951028777 0.30563193721880316 1620000.0000000014
6.221196091608726 2.1875265951028777 0.30563193721880316 1620000.0000000014
6.221196091608726 2.1875265951028777 0.30563193721880316 1620000.0000000014
6.221196091608726 2.1875265951028777 0.30563193721880316 1620000.0000000014
6.221196091608726 2.1875265951028777 0.30563193721880316 1620000.0000000014
6.221196091608726 2.1875265951028777 0.30563193721880316 1620000.0000000014
6.221196091608726 2.1875265951028777 0.30563193721880316 1620000.0000000014
6.221196091608726 2.1875265951028777 0.30563193721880316 1620000.0000000014
6.221196091608726 2.1875265951028777 0.30563193721880316 1620000.0000000014
6.221196091608726 2.1875265951028777 0.30563193721880316 1620000.0000000014
6.221196091608726 2.1875265951028777 0.30563193721880316 1620000.0000000014
6.221196091608726 2.1875265951028777 0.30563193721880316 1620000.0000000014
6.221196091608726 2.1875265951028777 0.30563193721880316 1620000.0000000014
6.221196091608726 2.1875265951028777 0.30563193721880316 1620000.0000000014
6.221196091608726 2.1875265951028777 0.30563193721880316 1620000.0000000014
6.221196091608726 2.1875265951028777 0.30563193721880316 1620000.0000000014
6.221196091608726 2.1875265951028777 0.30563193721880316 1620000.0000000014
6.221196091608726 2.1875265951028777 0.30563193721880316 1620000.0000000014
6.221196091608726 2.1875265951028777 0.30563193721880316 1620000.0000000014
6.221196091608726 2.1875265951028777 0.30563193721880316 1620000.0000000014
6.221196091608726 2.1875265951028777 0.30563193721880316 1620000.0000000014
6.221196091608726 2.1875265951028777 0.30563193721880316 1620000.0000000014
6.221196091608726 2.1875265951028777 0.30563193721880316 1620000.0000000014
6.221196091608726 2.1875265951028777 0.30563193721880316 1620000.0000000014
6.221196091608726 2.1875265951028777 0.30563193721880316 1620000.0000000014
6.221196091608726 2.1875265951028777 0.30563193721880316 1620000.0000000014
6.221196091608726 2.1875265951028777 0.30563193721880316 1620000.0000000014
6.221196091608726 2.1875265951028777 0.30563193721880316 1620000.0000000014
6.221196091608726 2.1875265951028777 0.30563193721880316 1620000.0000000014
6.221196091608726 2.1875265951028777 0.30563193721880316 1620000.0000000014
6.221196091608726 2.1875265951028777 0.30563193721880316 1620000.0000000014
6.221196091608726 2.1875265951028777 0.30563193721880316 1620000.0000000014
6.221196091608726 2.1875265951028777 0.30563193721880316 1620000.0000000014
6.221196091608726 2.1875265951028777 0.30563193721880316 1620000.0000000014
6.221196091608726 2.1875265951028777 0.30563193721880316 1620000.0000000014
6.221196091608726 2.1875265951028777 0.30563193721880316 1620000.0000000014
6.221196091608726 2.1875265951028777 0.30563193721880316 1620000.0000000014
6.221196091608726 2.1875265951028777 0.30563193721880316 1620000.0000000014
6.221196091608726 2.1875265951028777 0.30563193721880316 1620000.0000000014
6.221196091608726 2.1875265951028777 0.30563193721880316 1620000.0000000014
6.221196091608726 2.1875265951028777 0.30563193721880316 1620000.0000000014
6.221196091608726 2.1875265951028777 0.30563193721880316 1620000.0000000014
6.221196091608726 2.1875265951028777 0.30563193721880316 1620000.0000000014
6.221196091608726 2.1875265951028777 0.30563193721880316 1620000.0000000014
6.221196091608726 2.1875265951028777 0.30563193721880316 1620000.0000000014
6.221196091608726 2.1875265951028777 0.30563193721880316 1620000.0000000014
6.221196091608726 2.1875265951028777 0.30563193721880316 1620000.0000000014
6.221196091608726 2.1875265951028777 0.30563193721880316 1620000.0000000014
6.221196091608726 2.1875265951028777 0.30563193721880316 1620000.0000000014
6.221196091608726 2.1875265951028777 0.30563193721880316 1620000.0000000014
6.221196091608726 2.1875265951028777 0.30563193721880316 1620000.0000000014
6.221196091608726 2.1875265951028777 0.30563193721880316 1620000.0000000014
6.221196091608726 2.1875265951028777 0.30563193721880316 1620000.0000000014
6.285910586706768 2.2302354513487033 0.325329341169044 0.0 2,0,1 coil/filament1/filament2
6.3706587788133815 2.1497532035696167 0.19154042745907687 1620000.0000000014
6.304201756854565 2.1068142967191603 0.17972033816782246 1620000.0000000014
6.304201756854565 2.1068142967191603 0.17972033816782246 1620000.0000000014
6.304201756854565 2.1068142967191603 0.17972033816782246 1620000.0000000014
6.304201756854565 2.1068142967191603 0.17972033816782246 1620000.0000000014
6.304201756854565 2.1068142967191603 0.17972033816782246 1620000.0000000014
6.304201756854565 2.1068142967191603 0.17972033816782246 1620000.0000000014
6.304201756854565 2.1068142967191603 0.17972033816782246 1620000.0000000014
6.304201756854565 2.1068142967191603 0.17972033816782246 1620000.0000000014
6.304201756854565 2.1068142967191603 0.17972033816782246 1620000.0000000014
6.304201756854565 2.1068142967191603 0.17972033816782246 1620000.0000000014
6.304201756854565 2.1068142967191603 0.17972033816782246 1620000.0000000014
6.304201756854565 2.1068142967191603 0.17972033816782246 1620000.0000000014
6.304201756854565 2.1068142967191603 0.17972033816782246 1620000.0000000014
6.304201756854565 2.1068142967191603 0.17972033816782246 1620000.0000000014
6.304201756854565 2.1068142967191603 0.17972033816782246 1620000.0000000014
6.304201756854565 2.1068142967191603 0.17972033816782246 1620000.0000000014
6.304201756854565 2.1068142967191603 0.17972033816782246 1620000.0000000014
6.304201756854565 2.1068142967191603 0.17972033816782246 1620000.0000000014
6.304201756854565 2.1068142967191603 0.17972033816782246 1620000.0000000014
6.304201756854565 2.1068142967191603 0.17972033816782246 1620000.0000000014
6.304201756854565 2.1068142967191603 0.17972033816782246 1620000.0000000014
6.304201756854565 2.1068142967191603 0.17972033816782246 1620000.0000000014
6.304201756854565 2.1068142967191603 0.17972033816782246 1620000.0000000014
6.304201756854565 2.1068142967191603 0.17972033816782246 1620000.0000000014
6.304201756854565 2.1068142967191603 0.17972033816782246 1620000.0000000014
6.304201756854565 2.1068142967191603 0.17972033816782246 1620000.0000000014
6.304201756854565 2.1068142967191603 0.17972033816782246 1620000.0000000014
6.304201756854565 2.1068142967191603 0.17972033816782246 1620000.0000000014
6.304201756854565 2.1068142967191603 0.17972033816782246 1620000.0000000014
6.304201756854565 2.1068142967191603 0.17972033816782246 1620000.0000000014
6.304201756854565 2.1068142967191603 0.17972033816782246 1620000.0000000014
6.304201756854565 2.1068142967191603 0.17972033816782246 1620000.0000000014
6.304201756854565 2.1068142967191603 0.17972033816782246 1620000.0000000014
6.304201756854565 2.1068142967191603 0.17972033816782246 1620000.0000000014
6.304201756854565 2.1068142967191603 0.17972033816782246 1620000.0000000014
6.304201756854565 2.1068142967191603 0.17972033816782246 1620000.0000000014
6.304201756854565 2.1068142967191603 0.17972033816782246 1620000.0000000014
6.304201756854565 2.1068142967191603 0.17972033816782246 1620000.0000000014
6.304201756854565 2.1068142967191603 0.17972033816782246 1620000.0000000014
6.304201756854565 2.1068142967191603 0.17972033816782246 1620000.0000000014
6.304201756854565 2.1068142967191603 0.17972033816782246 1620000.0000000014
6.304201756854565 2.1068142967191603 0.17972033816782246 1620000.0000000014
6.304201756854565 2.1068142967191603 0.17972033816782246 1620000.0000000014
6.304201756854565 2.1068142967191603 0.17972033816782246 1620000.0000000014
6.304201756854565 2.1068142967191603 0.17972033816782246 1620000.0000000014
6.304201756854565 2.1068142967191603 0.17972033816782246 1620000.0000000014
6.304201756854565 2.1068142967191603 0.17972033816782246 1620000.0000000014
6.304201756854565 2.1068142967191603 0.17972033816782246 1620000.0000000014
6.304201756854565 2.1068142967191603 0.17972033816782246 1620000.0000000014
6.304201756854565 2.1068142967191603 0.17972033816782246 1620000.0000000014
6.304201756854565 2.1068142967191603 0.17972033816782246 1620000.0000000014
6.304201756854565 2.1068142967191603 0.17972033816782246 1620000.0000000014
6.304201756854565 2.1068142967191603 0.17972033816782246 1620000.0000000014
6.304201756854565 2.1068142967191603 0.17972033816782246 1620000.0000000014
6.304201756854565 2.1068142967191603 0.17972033816782246 1620000.0000000014
6.304201756854565 2.1068142967191603 0.17972033816782246 1620000.0000000014
6.304201756854565 2.1068142967191603 0.17972033816782246 1620000.0000000014
6.304201756854565 2.1068142967191603 0.17972033816782246 1620000.0000000014
6.304201756854565 2.1068142967191603 0.17972033816782246 1620000.0000000014
6.304201756854565 2.1068142967191603 0.17972033816782246 1620000.0000000014
6.304201756854565 2.1068142967191603 0.17972033816782246 1620000.0000000014
6.304201756854565 2.1068142967191603 0.17972033816782246 1620000.0000000014
6.304201756854565 2.1068142967191603 0.17972033816782246 1620000.0000000014
6.3706587788133815 2.1497532035696167 0.19154042745907687 0.0 2,1,0 coil/filament1/filament2
6.325845533666118 2.1626393970037747 0.3406907684579182 1620000.0000000014
6.261131038568076 2.119930540757949 0.32099336450767735 1620000.0000000014
6.261131038568076 2.119930540757949 0.32099336450767735 1620000.0000000014
6.261131038568076 2.119930540757949 0.32099336450767735 1620000.0000000014
6.261131038568076 2.119930540757949 0.32099336450767735 1620000.0000000014
6.261131038568076 2.119930540757949 0.32099336450767735 1620000.0000000014
6.261131038568076 2.119930540757949 0.32099336450767735 1620000.0000000014
6.261131038568076 2.119930540757949 0.32099336450767735 1620000.0000000014
6.261131038568076 2.119930540757949 0.32099336450767735 1620000.0000000014
6.261131038568076 2.119930540757949 0.32099336450767735 1620000.0000000014
6.261131038568076 2.119930540757949 0.32099336450767735 1620000.0000000014
6.261131038568076 2.119930540757949 0.32099336450767735 1620000.0000000014
6.261131038568076 2.119930540757949 0.32099336450767735 1620000.0000000014
6.261131038568076 2.119930540757949 0.32099336450767735 1620000.0000000014
6.261131038568076 2.119930540757949 0.32099336450767735 1620000.0000000014
6.261131038568076 2.119930540757949 0.32099336450767735 1620000.0000000014
6.261131038568076 2.119930540757949 0.32099336450767735 1620000.0000000014
6.261131038568076 2.119930540757949 0.32099336450767735 1620000.0000000014
6.261131038568076 2.119930540757949 0.32099336450767735 1620000.0000000014
6.261131038568076 2.119930540757949 0.32099336450767735 1620000.0000000014
6.261131038568076 2.119930540757949 0.32099336450767735 1620000.0000000014
6.261131038568076 2.119930540757949 0.32099336450767735 1620000.0000000014
6.261131038568076 2.119930540757949 0.32099336450767735 1620000.0000000014
6.261131038568076 2.119930540757949 0.32099336450767735 1620000.0000000014
6.261131038568076 2.119930540757949 0.32099336450767735 1620000.0000000014
6.261131038568076 2.119930540757949 0.32099336450767735 1620000.0000000014
6.261131038568076 2.119930540757949 0.32099336450767735 1620000.0000000014
6.261131038568076 2.119930540757949 0.32099336450767735 1620000.0000000014
6.261131038568076 2.119930540757949 0.32099336450767735 1620000.0000000014
6.261131038568076 2.119930540757949 0.32099336450767735 1620000.0000000014
6.261131038568076 2.119930540757949 0.32099336450767735 1620000.0000000014
6.261131038568076 2.119930540757949 0.32099336450767735 1620000.0000000014
6.261131038568076 2.119930540757949 0.32099336450767735 1620000.0000000014
6.261131038568076 2.119930540757949 0.32099336450767735 1620000.0000000014
6.261131038568076 2.119930540757949 0.32099336450767735 1620000.0000000014
6.261131038568076 2.119930540757949 0.32099336450767735 1620000.0000000014
6.261131038568076 2.119930540757949 0.32099336450767735 1620000.0000000014
6.261131038568076 2.119930540757949 0.32099336450767735 1620000.0000000014
6.261131038568076 2.119930540757949 0.32099336450767735 1620000.0000000014
6.261131038568076 2.119930540757949 0.32099336450767735 1620000.0000000014
6.261131038568076 2.119930540757949 0.32099336450767735 1620000.0000000014
6.261131038568076 2.119930540757949 0.32099336450767735 1620000.0000000014
6.261131038568076 2.119930540757949 0.32099336450767735 1620000.0000000014
6.261131038568076 2.119930540757949 0.32099336450767735 1620000.0000000014
6.261131038568076 2.119930540757949 0.32099336450767735 1620000.0000000014
6.261131038568076 2.119930540757949 0.32099336450767735 1620000.0000000014
6.261131038568076 2.119930540757949 0.32099336450767735 1620000.0000000014
6.261131038568076 2.119930540757949 0.32099336450767735 1620000.0000000014
6.261131038568076 2.119930540757949 0.32099336450767735 1620000.0000000014
6.261131038568076 2.119930540757949 0.32099336450767735 1620000.0000000014
6.261131038568076 2.119930540757949 0.32099336450767735 1620000.0000000014
6.261131038568076 2.119930540757949 0.32099336450767735 1620000.0000000014
6.261131038568076 2.119930540757949 0.32099336450767735 1620000.0000000014
6.261131038568076 2.119930540757949 0.32099336450767735 1620000.0000000014
6.261131038568076 2.119930540757949 0.32099336450767735 1620000.0000000014
6.261131038568076 2.119930540757949 0.32099336450767735 1620000.0000000014
6.261131038568076 2.119930540757949 0.32099336450767735 1620000.0000000014
6.261131038568076 2.119930540757949 0.32099336450767735 1620000.0000000014
6.261131038568076 2.119930540757949 0.32099336450767735 1620000.0000000014
6.261131038568076 2.119930540757949 0.32099336450767735 1620000.0000000014
6.261131038568076 2.119930540757949 0.32099336450767735 1620000.0000000014
6.261131038568076 2.119930540757949 0.32099336450767735 1620000.0000000014
6.261131038568076 2.119930540757949 0.32099336450767735 1620000.0000000014
6.261131038568076 2.119930540757949 0.32099336450767735 1620000.0000000014
6.325845533666118 2.1626393970037747 0.3406907684579182 0.0 2,1,1 coil/filament1/filament2
6.162336790998348 2.6802887629285115 -0.04236145147989874 1619999.9999998552
6.094740420600703 2.643242669351686 -0.0637698063854373 1619999.9999998552
6.094740420600703 2.643242669351686 -0.0637698063854373 1619999.9999998552
6.094740420600703 2.643242669351686 -0.0637698063854373 1619999.9999998552
6.094740420600703 2.643242669351686 -0.0637698063854373 1619999.9999998552
6.094740420600703 2.643242669351686 -0.0637698063854373 1619999.9999998552
6.094740420600703 2.643242669351686 -0.0637698063854373 1619999.9999998552
6.094740420600703 2.643242669351686 -0.0637698063854373 1619999.9999998552
6.094740420600703 2.643242669351686 -0.0637698063854373 1619999.9999998552
6.094740420600703 2.643242669351686 -0.0637698063854373 1619999.9999998552
6.094740420600703 2.643242669351686 -0.0637698063854373 1619999.9999998552
6.094740420600703 2.643242669351686 -0.0637698063854373 1619999.9999998552
6.094740420600703 2.643242669351686 -0.0637698063854373 1619999.9999998552
6.094740420600703 2.643242669351686 -0.0637698063854373 1619999.9999998552
6.094740420600703 2.643242669351686 -0.0637698063854373 1619999.9999998552
6.094740420600703 2.643242669351686 -0.0637698063854373 1619999.9999998552
6.094740420600703 2.643242669351686 -0.0637698063854373 1619999.9999998552
6.094740420600703 2.643242669351686 -0.0637698063854373 1619999.9999998552
6.094740420600703 2.643242669351686 -0.0637698063854373 1619999.9999998552
6.094740420600703 2.643242669351686 -0.0637698063854373 1619999.9999998552
6.094740420600703 2.643242669351686 -0.0637698063854373 1619999.9999998552
6.094740420600703 2.643242669351686 -0.0637698063854373 1619999.9999998552
6.094740420600703 2.643242669351686 -0.0637698063854373 1619999.9999998552
6.094740420600703 2.643242669351686 -0.0637698063854373 1619999.9999998552
6.094740420600703 2.643242669351686 -0.0637698063854373 1619999.9999998552
6.094740420600703 2.643242669351686 -0.0637698063854373 1619999.9999998552
6.094740420600703 2.643242669351686 -0.0637698063854373 1619999.9999998552
6.094740420600703 2.643242669351686 -0.0637698063854373 1619999.9999998552
6.094740420600703 2.643242669351686 -0.0637698063854373 1619999.9999998552
6.094740420600703 2.643242669351686 -0.0637698063854373 1619999.9999998552
6.094740420600703 2.643242669351686 -0.0637698063854373 1619999.9999998552
6.094740420600703 2.643242669351686 -0.0637698063854373 1619999.9999998552
6.094740420600703 2.643242669351686 -0.0637698063854373 1619999.9999998552
6.094740420600703 2.643242669351686 -0.0637698063854373 1619999.9999998552
6.094740420600703 2.643242669351686 -0.0637698063854373 1619999.9999998552
6.094740420600703 2.643242669351686 -0.0637698063854373 1619999.9999998552
6.094740420600703 2.643242669351686 -0.0637698063854373 1619999.9999998552
6.094740420600703 2.643242669351686 -0.0637698063854373 1619999.9999998552
6.094740420600703 2.643242669351686 -0.0637698063854373 1619999.9999998552
6.094740420600703 2.643242669351686 -0.0637698063854373 1619999.9999998552
6.094740420600703 2.643242669351686 -0.0637698063854373 1619999.9999998552
6.094740420600703 2.643242669351686 -0.0637698063854373 1619999.9999998552
6.094740420600703 2.643242669351686 -0.0637698063854373 1619999.9999998552
6.094740420600703 2.643242669351686 -0.0637698063854373 1619999.9999998552
6.094740420600703 2.643242669351686 -0.0637698063854373 1619999.9999998552
6.094740420600703 2.643242669351686 -0.0637698063854373 1619999.9999998552
6.094740420600703 2.643242669351686 -0.0637698063854373 1619999.9999998552
6.094740420600703 2.643242669351686 -0.0637698063854373 1619999.9999998552
6.094740420600703 2.643242669351686 -0.0637698063854373 1619999.9999998552
6.094740420600703 2.643242669351686 -0.0637698063854373 1619999.9999998552
6.094740420600703 2.643242669351686 -0.0637698063854373 1619999.9999998552
6.094740420600703 2.643242669351686 -0.0637698063854373 1619999.9999998552
6.094740420600703 2.643242669351686 -0.0637698063854373 1619999.9999998552
6.094740420600703 2.643242669351686 -0.0637698063854373 1619999.9999998552
6.094740420600703 2.643242669351686 -0.0637698063854373 1619999.9999998552
6.094740420600703 2.643242669351686 -0.0637698063854373 1619999.9999998552
6.094740420600703 2.643242669351686 -0.0637698063854373 1619999.9999998552
6.094740420600703 2.643242669351686 -0.0637698063854373 1619999.9999998552
6.094740420600703 2.643242669351686 -0.0637698063854373 1619999.9999998552
6.094740420600703 2.643242669351686 -0.0637698063854373 1619999.9999998552
6.094740420600703 2.643242669351686 -0.0637698063854373 1619999.9999998552
6.094740420600703 2.643242669351686 -0.0637698063854373 1619999.9999998552
6.094740420600703 2.643242669351686 -0.0637698063854373 1619999.9999998552
6.094740420600703 2.643242669351686 -0.0637698063854373 1619999.9999998552
6.162336790998348 2.6802887629285115 -0.04236145147989874 0.0 3,0,0 coil/filament1/filament2
6.07647353662383 2.7174139307810576 0.12936154562875363 1619999.9999998552
6.012507754361012 2.677142977835981 0.10315793808320457 1619999.9999998552
6.012507754361012 2.677142977835981 0.10315793808320457 1619999.9999998552
6.012507754361012 2.677142977835981 0.10315793808320457 1619999.9999998552
6.012507754361012 2.677142977835981 0.10315793808320457 1619999.9999998552
6.012507754361012 2.677142977835981 0.10315793808320457 1619999.9999998552
6.012507754361012 2.677142977835981 0.10315793808320457 1619999.9999998552
6.012507754361012 2.677142977835981 0.10315793808320457 1619999.9999998552
6.012507754361012 2.677142977835981 0.10315793808320457 1619999.9999998552
6.012507754361012 2.677142977835981 0.10315793808320457 1619999.9999998552
6.012507754361012 2.677142977835981 0.10315793808320457 1619999.9999998552
6.012507754361012 2.677142977835981 0.10315793808320457 1619999.9999998552
6.012507754361012 2.677142977835981 0.10315793808320457 1619999.9999998552
6.012507754361012 2.677142977835981 0.10315793808320457 1619999.9999998552
6.012507754361012 2.677142977835981 0.10315793808320457 1619999.9999998552
6.012507754361012 2.677142977835981 0.10315793808320457 1619999.9999998552
6.012507754361012 2.677142977835981 0.10315793808320457 1619999.9999998552
6.012507754361012 2.677142977835981 0.10315793808320457 1619999.9999998552
6.012507754361012 2.677142977835981 0.10315793808320457 1619999.9999998552
6.012507754361012 2.677142977835981 0.10315793808320457 1619999.9999998552
6.012507754361012 2.677142977835981 0.10315793808320457 1619999.9999998552
6.012507754361012 2.677142977835981 0.10315793808320457 1619999.9999998552
6.012507754361012 2.677142977835981 0.10315793808320457 1619999.9999998552
6.012507754361012 2.677142977835981 0.10315793808320457 1619999.9999998552
6.012507754361012 2.677142977835981 0.10315793808320457 1619999.9999998552
6.012507754361012 2.677142977835981 0.10315793808320457 1619999.9999998552
6.012507754361012 2.677142977835981 0.10315793808320457 1619999.9999998552
6.012507754361012 2.677142977835981 0.10315793808320457 1619999.9999998552
6.012507754361012 2.677142977835981 0.10315793808320457 1619999.9999998552
6.012507754361012 2.677142977835981 0.10315793808320457 1619999.9999998552
6.012507754361012 2.677142977835981 0.10315793808320457 1619999.9999998552
6.012507754361012 2.677142977835981 0.10315793808320457 1619999.9999998552
6.012507754361012 2.677142977835981 0.10315793808320457 1619999.9999998552
6.012507754361012 2.677142977835981 0.10315793808320457 1619999.9999998552
6.012507754361012 2.677142977835981 0.10315793808320457 1619999.9999998552
6.012507754361012 2.677142977835981 0.10315793808320457 1619999.9999998552
6.012507754361012 2.677142977835981 0.10315793808320457 1619999.9999998552
6.012507754361012 2.677142977835981 0.10315793808320457 1619999.9999998552
6.012507754361012 2.677142977835981 0.10315793808320457 1619999.9999998552
6.012507754361012 2.677142977835981 0.10315793808320457 1619999.9999998552
6.012507754361012 2.677142977835981 0.10315793808320457 1619999.9999998552
6.012507754361012 2.677142977835981 0.10315793808320457 1619999.9999998552
6.012507754361012 2.677142977835981 0.10315793808320457 1619999.9999998552
6.012507754361012 2.677142977835981 0.10315793808320457 1619999.9999998552
6.012507754361012 2.677142977835981 0.10315793808320457 1619999.9999998552
6.012507754361012 2.677142977835981 0.10315793808320457 1619999.9999998552
6.012507754361012 2.677142977835981 0.10315793808320457 1619999.9999998552
6.012507754361012 2.677142977835981 0.10315793808320457 1619999.9999998552
6.012507754361012 2.677142977835981 0.10315793808320457 1619999.9999998552
6.012507754361012 2.677142977835981 0.10315793808320457 1619999.9999998552
6.012507754361012 2.677142977835981 0.10315793808320457 1619999.9999998552
6.012507754361012 2.677142977835981 0.10315793808320457 1619999.9999998552
6.012507754361012 2.677142977835981 0.10315793808320457 1619999.9999998552
6.012507754361012 2.677142977835981 0.10315793808320457 1619999.9999998552
6.012507754361012 2.677142977835981 0.10315793808320457 1619999.9999998552
6.012507754361012 2.677142977835981 0.10315793808320457 1619999.9999998552
6.012507754361012 2.677142977835981 0.10315793808320457 1619999.9999998552
6.012507754361012 2.677142977835981 0.10315793808320457 1619999.9999998552
6.012507754361012 2.677142977835981 0.10315793808320457 1619999.9999998552
6.012507754361012 2.677142977835981 0.10315793808320457 1619999.9999998552
6.012507754361012 2.677142977835981 0.10315793808320457 1619999.9999998552
6.012507754361012 2.677142977835981 0.10315793808320457 1619999.9999998552
6.012507754361012 2.677142977835981 0.10315793808320457 1619999.9999998552
6.012507754361012 2.677142977835981 0.10315793808320457 1619999.9999998552
6.07647353662383 2.7174139307810576 0.12936154562875363 0.0 3,0,1 coil/filament1/filament2
6.192024269849724 2.6108554431714275 -0.015948051339825263 1619999.9999998552
6.124427899452079 2.573809349594602 -0.037356406245363835 1619999.9999998552
6.124427899452079 2.573809349594602 -0.037356406245363835 1619999.9999998552
6.124427899452079 2.573809349594602 -0.037356406245363835 1619999.9999998552
6.124427899452079 2.573809349594602 -0.037356406245363835 1619999.9999998552
6.124427899452079 2.573809349594602 -0.037356406245363835 1619999.9999998552
6.124427899452079 2.573809349594602 -0.037356406245363835 1619999.9999998552
6.124427899452079 2.573809349594602 -0.037356406245363835 1619999.9999998552
6.124427899452079 2.573809349594602 -0.037356406245363835 1619999.9999998552
6.124427899452079 2.573809349594602 -0.037356406245363835 1619999.9999998552
6.124427899452079 2.573809349594602 -0.037356406245363835 1619999.9999998552
6.124427899452079 2.573809349594602 -0.037356406245363835 1619999.9999998552
6.124427899452079 2.573809349594602 -0.037356406245363835 1619999.9999998552
6.124427899452079 2.573809349594602 -0.037356406245363835 1619999.9999998552
6.124427899452079 2.573809349594602 -0.037356406245363835 1619999.9999998552
6.124427899452079 2.573809349594602 -0.037356406245363835 1619999.9999998552
6.124427899452079 2.573809349594602 -0.037356406245363835 1619999.9999998552
6.124427899452079 2.573809349594602 -0.037356406245363835 1619999.9999998552
6.124427899452079 2.573809349594602 -0.037356406245363835 1619999.9999998552
6.124427899452079 2.573809349594602 -0.037356406245363835 1619999.9999998552
6.124427899452079 2.573809349594602 -0.037356406245363835 1619999.9999998552
6.124427899452079 2.573809349594602 -0.037356406245363835 1619999.9999998552
6.124427899452079 2.573809349594602 -0.037356406245363835 1619999.9999998552
6.124427899452079 2.573809349594602 -0.037356406245363835 1619999.9999998552
6.124427899452079 2.573809349594602 -0.037356406245363835 1619999.9999998552
6.124427899452079 2.573809349594602 -0.037356406245363835 1619999.9999998552
6.124427899452079 2.573809349594602 -0.037356406245363835 1619999.9999998552
6.124427899452079 2.573809349594602 -0.037356406245363835 1619999.9999998552
6.124427899452079 2.573809349594602 -0.037356406245363835 1619999.9999998552
6.124427899452079 2.573809349594602 -0.037356406245363835 1619999.9999998552
6.124427899452079 2.573809349594602 -0.037356406245363835 1619999.9999998552
6.124427899452079 2.573809349594602 -0.037356406245363835 1619999.9999998552
6.124427899452079 2.573809349594602 -0.037356406245363835 1619999.9999998552
6.124427899452079 2.573809349594602 -0.037356406245363835 1619999.9999998552
6.124427899452079 2.573809349594602 -0.037356406245363835 1619999.9999998552
6.124427899452079 2.573809349594602 -0.037356406245363835 1619999.9999998552
6.124427899452079 2.573809349594602 -0.037356406245363835 1619999.9999998552
6.124427899452079 2.573809349594602 -0.037356406245363835 1619999.9999998552
6.124427899452079 2.573809349594602 -0.037356406245363835 1619999.9999998552
6.124427899452079 2.573809349594602 -0.037356406245363835 1619999.9999998552
6.124427899452079 2.573809349594602 -0.037356406245363835 1619999.9999998552
6.124427899452079 2.573809349594602 -0.037356406245363835 1619999.9999998552
6.124427899452079 2.573809349594602 -0.037356406245363835 1619999.9999998552
6.124427899452079 2.573809349594602 -0.037356406245363835 1619999.9999998552
6.124427899452079 2.573809349594602 -0.037356406245363835 1619999.9999998552
6.124427899452079 2.573809349594602 -0.037356406245363835 1619999.9999998552
6.124427899452079 2.573809349594602 -0.037356406245363835 1619999.9999998552
6.124427899452079 2.573809349594602 -0.037356406245363835 1619999.9999998552
6.124427899452079 2.573809349594602 -0.037356406245363835 1619999.9999998552
6.124427899452079 2.573809349594602 -0.037356406245363835 1619999.9999998552
6.124427899452079 2.573809349594602 -0.037356406245363835 1619999.9999998552
6.124427899452079 2.573809349594602 -0.037356406245363835 1619999.9999998552
6.124427899452079 2.573809349594602 -0.037356406245363835 1619999.9999998552
6.124427899452079 2.573809349594602 -0.037356406245363835 1619999.9999998552
6.124427899452079 2.573809349594602 -0.037356406245363835 1619999.9999998552
6.124427899452079 2.573809349594602 -0.037356406245363835 1619999.9999998552
6.124427899452079 2.573809349594602 -0.037356406245363835 1619999.9999998552
6.124427899452079 2.573809349594602 -0.037356406245363835 1619999.9999998552
6.124427899452079 2.573809349594602 -0.037356406245363835 1619999.9999998552
6.124427899452079 2.573809349594602 -0.037356406245363835 1619999.9999998552
6.124427899452079 2.573809349594602 -0.037356406245363835 1619999.9999998552
6.124427899452079 2.573809349594602 -0.037356406245363835 1619999.9999998552
6.124427899452079 2.573809349594602 -0.037356406245363835 1619999.9999998552
6.124427899452079 2.573809349594602 -0.037356406245363835 1619999.9999998552
6.192024269849724 2.6108554431714275 -0.015948051339825263 0.0 3,1,0 coil/filament1/filament2
6.106130238034243 2.6499922398657914 0.16058326331980705 1619999.9999998552
6.042164455771426 2.6097212869207147 0.13437965577425798 1619999.9999998552
6.042164455771426 2.6097212869207147 0.13437965577425798 1619999.9999998552
6.042164455771426 2.6097212869207147 0.13437965577425798 1619999.9999998552
6.042164455771426 2.6097212869207147 0.13437965577425798 1619999.9999998552
6.042164455771426 2.6097212869207147 0.13437965577425798 1619999.9999998552
6.042164455771426 2.6097212869207147 0.13437965577425798 1619999.9999998552
6.042164455771426 2.6097212869207147 0.13437965577425798 1619999.9999998552
6.042164455771426 2.6097212869207147 0.13437965577425798 1619999.9999998552
6.042164455771426 2.6097212869207147 0.13437965577425798 1619999.9999998552
6.042164455771426 2.6097212869207147 0.13437965577425798 1619999.9999998552
6.042164455771426 2.6097212869207147 0.13437965577425798 1619999.9999998552
6.042164455771426 2.6097212869207147 0.13437965577425798 1619999.9999998552
6.042164455771426 2.6097212869207147 0.13437965577425798 1619999.9999998552
6.042164455771426 2.6097212869207147 0.13437965577425798 1619999.9999998552
6.042164455771426 2.6097212869207147 0.13437965577425798 1619999.9999998552
6.042164455771426 2.6097212869207147 0.13437965577425798 1619999.9999998552
6.042164455771426 2.6097212869207147 0.13437965577425798 1619999.9999998552
6.042164455771426 2.6097212869207147 0.13437965577425798 1619999.9999998552
6.042164455771426 2.6097212869207147 0.13437965577425798 1619999.9999998552
6.042164455771426 2.6097212869207147 0.13437965577425798 1619999.9999998552
6.042164455771426 2.6097212869207147 0.13437965577425798 1619999.9999998552
6.042164455771426 2.6097212869207147 0.13437965577425798 1619999.9999998552
6.042164455771426 2.6097212869207147 0.13437965577425798 1619999.9999998552
6.042164455771426 2.6097212869207147 0.13437965577425798 1619999.9999998552
6.042164455771426 2.6097212869207147 0.13437965577425798 1619999.9999998552
6.042164455771426 2.6097212869207147 0.13437965577425798 1619999.9999998552
6.042164455771426 2.6097212869207147 0.13437965577425798 1619999.9999998552
6.042164455771426 2.6097212869207147 0.13437965577425798 1619999.9999998552
6.042164455771426 2.6097212869207147 0.13437965577425798 1619999.9999998552
6.042164455771426 2.6097212869207147 0.13437965577425798 1619999.9999998552
6.042164455771426 2.6097212869207147 0.13437965577425798 1619999.9999998552
6.042164455771426 2.6097212869207147 0.13437965577425798 1619999.9999998552
6.042164455771426 2.6097212869207147 0.13437965577425798 1619999.9999998552
6.042164455771426 2.6097212869207147 0.13437965577425798 1619999.9999998552
6.042164455771426 2.6097212869207147 0.13437965577425798 1619999.9999998552
6.042164455771426 2.6097212869207147 0.13437965577425798 1619999.9999998552
6.042164455771426 2.6097212869207147 0.13437965577425798 1619999.9999998552
6.042164455771426 2.6097212869207147 0.13437965577425798 1619999.9999998552
6.042164455771426 2.6097212869207147 0.13437965577425798 1619999.9999998552
6.042164455771426 2.6097212869207147 0.13437965577425798 1619999.9999998552
6.042164455771426 2.6097212869207147 0.13437965577425798 1619999.9999998552
6.042164455771426 2.6097212869207147 0.13437965577425798 1619999.9999998552
6.042164455771426 2.6097212869207147 0.13437965577425798 1619999.9999998552
6.042164455771426 2.6097212869207147 0.13437965577425798 1619999.9999998552
6.042164455771426 2.6097212869207147 0.13437965577425798 1619999.9999998552
6.042164455771426 2.6097212869207147 0.13437965577425798 1619999.9999998552
6.042164455771426 2.6097212869207147 0.13437965577425798 1619999.9999998552
6.042164455771426 2.6097212869207147 0.13437965577425798 1619999.9999998552
6.042164455771426 2.6097212869207147 0.13437965577425798 1619999.9999998552
6.042164455771426 2.6097212869207147 0.13437965577425798 1619999.9999998552
6.042164455771426 2.6097212869207147 0.13437965577425798 1619999.9999998552
6.042164455771426 2.6097212869207147 0.13437965577425798 1619999.9999998552
6.042164455771426 2.6097212869207147 0.13437965577425798 1619999.9999998552
6.042164455771426 2.6097212869207147 0.13437965577425798 1619999.9999998552
6.042164455771426 2.6097212869207147 0.13437965577425798 1619999.9999998552
6.042164455771426 2.6097212869207147 0.13437965577425798 1619999.9999998552
6.042164455771426 2.6097212869207147 0.13437965577425798 1619999.9999998552
6.042164455771426 2.6097212869207147 0.13437965577425798 1619999.9999998552
6.042164455771426 2.6097212869207147 0.13437965577425798 1619999.9999998552
6.042164455771426 2.6097212869207147 0.13437965577425798 1619999.9999998552
6.042164455771426 2.6097212869207147 0.13437965577425798 1619999.9999998552
6.042164455771426 2.6097212869207147 0.13437965577425798 1619999.9999998552
6.042164455771426 2.6097212869207147 0.13437965577425798 1619999.9999998552
6.106130238034243 2.6499922398657914 0.16058326331980705 0.0 3,1,1 coil/filament1/filament2
5.782741923439116 3.398867616670262 0.003995034030972608 1619999.999999731
5.708629185154833 3.3690999077145896 0.008597807926749954 1619999.999999731
5.708629185154833 3.3690999077145896 0.008597807926749954 1619999.999999731
5.708629185154833 3.3690999077145896 0.008597807926749954 1619999.999999731
5.708629185154833 3.3690999077145896 0.008597807926749954 1619999.999999731
5.708629185154833 3.3690999077145896 0.008597807926749954 1619999.999999731
5.708629185154833 3.3690999077145896 0.008597807926749954 1619999.999999731
5.708629185154833 3.3690999077145896 0.008597807926749954 1619999.999999731
5.708629185154833 3.3690999077145896 0.008597807926749954 1619999.999999731
5.708629185154833 3.3690999077145896 0.008597807926749954 1619999.999999731
5.708629185154833 3.3690999077145896 0.008597807926749954 1619999.999999731
5.708629185154833 3.3690999077145896 0.008597807926749954 1619999.999999731
5.708629185154833 3.3690999077145896 0.008597807926749954 1619999.999999731
5.708629185154833 3.3690999077145896 0.008597807926749954 1619999.999999731
5.708629185154833 3.3690999077145896 0.008597807926749954 1619999.999999731
5.708629185154833 3.3690999077145896 0.008597807926749954 1619999.999999731
5.708629185154833 3.3690999077145896 0.008597807926749954 1619999.999999731
5.708629185154833 3.3690999077145896 0.008597807926749954 1619999.999999731
5.708629185154833 3.3690999077145896 0.008597807926749954 1619999.999999731
5.708629185154833 3.3690999077145896 0.008597807926749954 1619999.999999731
5.708629185154833 3.3690999077145896 0.008597807926749954 1619999.999999731
5.708629185154833 3.3690999077145896 0.008597807926749954 1619999.999999731
5.708629185154833 3.3690999077145896 0.008597807926749954 1619999.999999731
5.708629185154833 3.3690999077145896 0.008597807926749954 1619999.999999731
5.708629185154833 3.3690999077145896 0.008597807926749954 1619999.999999731
5.708629185154833 3.3690999077145896 0.008597807926749954 1619999.999999731
5.708629185154833 3.3690999077145896 0.008597807926749954 1619999.999999731
5.708629185154833 3.3690999077145896 0.008597807926749954 1619999.999999731
5.708629185154833 3.3690999077145896 0.008597807926749954 1619999.999999731
5.708629185154833 3.3690999077145896 0.008597807926749954 1619999.999999731
5.708629185154833 3.3690999077145896 0.008597807926749954 1619999.999999731
5.708629185154833 3.3690999077145896 0.008597807926749954 1619999.999999731
5.708629185154833 3.3690999077145896 0.008597807926749954 1619999.999999731
5.708629185154833 3.3690999077145896 0.008597807926749954 1619999.999999731
5.708629185154833 3.3690999077145896 0.008597807926749954 1619999.999999731
5.708629185154833 3.3690999077145896 0.008597807926749954 1619999.999999731
5.708629185154833 3.3690999077145896 0.008597807926749954 1619999.999999731
5.708629185154833 3.3690999077145896 0.008597807926749954 1619999.999999731
5.708629185154833 3.3690999077145896 0.008597807926749954 1619999.999999731
5.708629185154833 3.3690999077145896 0.008597807926749954 1619999.999999731
5.708629185154833 3.3690999077145896 0.008597807926749954 1619999.999999731
5.708629185154833 3.3690999077145896 0.008597807926749954 1619999.999999731
5.708629185154833 3.3690999077145896 0.008597807926749954 1619999.999999731
5.708629185154833 3.3690999077145896 0.008597807926749954 1619999.999999731
5.708629185154833 3.3690999077145896 0.008597807926749954 1619999.999999731
5.708629185154833 3.3690999077145896 0.008597807926749954 1619999.999999731
5.708629185154833 3.3690999077145896 0.008597807926749954 1619999.999999731
5.708629185154833 3.3690999077145896 0.008597807926749954 1619999.999999731
5.708629185154833 3.3690999077145896 0.008597807926749954 1619999.999999731
5.708629185154833 3.3690999077145896 0.008597807926749954 1619999.999999731
5.708629185154833 3.3690999077145896 0.008597807926749954 1619999.999999731
5.708629185154833 3.3690999077145896 0.008597807926749954 1619999.999999731
5.708629185154833 3.3690999077145896 0.008597807926749954 1619999.999999731
5.708629185154833 3.3690999077145896 0.008597807926749954 1619999.999999731
5.708629185154833 3.3690999077145896 0.008597807926749954 1619999.999999731
5.708629185154833 3.3690999077145896 0.008597807926749954 1619999.999999731
5.708629185154833 3.3690999077145896 0.008597807926749954 1619999.999999731
5.708629185154833 3.3690999077145896 0.008597807926749954 1619999.999999731
5.708629185154833 3.3690999077145896 0.008597807926749954 1619999.999999731
5.708629185154833 3.3690999077145896 0.008597807926749954 1619999.999999731
5.708629185154833 3.3690999077145896 0.008597807926749954 1619999.999999731
5.708629185154833 3.3690999077145896 0.008597807926749954 1619999.999999731
5.708629185154833 3.3690999077145896 0.008597807926749954 1619999.999999731
5.708629185154833 3.3690999077145896 0.008597807926749954 1619999.999999731
5.782741923439116 3.398867616670262 0.003995034030972608 0.0 4,0,0 coil/filament1/filament2
5.807096173865628 3.3081254874875503 0.11861677112651324 1619999.999999731
5.730246378962045 3.2888618451973124 0.10752528299412248 1619999.999999731
5.730246378962045 3.2888618451973124 0.10752528299412248 1619999.999999731
5.730246378962045 3.2888618451973124 0.10752528299412248 1619999.999999731
5.730246378962045 3.2888618451973124 0.10752528299412248 1619999.999999731
5.730246378962045 3.2888618451973124 0.10752528299412248 1619999.999999731
5.730246378962045 3.2888618451973124 0.10752528299412248 1619999.999999731
5.730246378962045 3.2888618451973124 0.10752528299412248 1619999.999999731
5.730246378962045 3.2888618451973124 0.10752528299412248 1619999.999999731
5.730246378962045 3.2888618451973124 0.10752528299412248 1619999.999999731
5.730246378962045 3.2888618451973124 0.10752528299412248 1619999.999999731
5.730246378962045 3.2888618451973124 0.10752528299412248 1619999.999999731
5.730246378962045 3.2888618451973124 0.10752528299412248 1619999.999999731
5.730246378962045 3.2888618451973124 0.10752528299412248 1619999.999999731
5.730246378962045 3.2888618451973124 0.10752528299412248 1619999.999999731
5.730246378962045 3.2888618451973124 0.10752528299412248 1619999.999999731
5.730246378962045 3.2888618451973124 0.10752528299412248 1619999.999999731
5.730246378962045 3.2888618451973124 0.10752528299412248 1619999.999999731
5.730246378962045 3.2888618451973124 0.10752528299412248 1619999.999999731
5.730246378962045 3.2888618451973124 0.10752528299412248 1619999.999999731
5.730246378962045 3.2888618451973124 0.10752528299412248 1619999.999999731
5.730246378962045 3.2888618451973124 0.10752528299412248 1619999.999999731
5.730246378962045 3.2888618451973124 0.10752528299412248 1619999.999999731
5.730246378962045 3.2888618451973124 0.10752528299412248 1619999.999999731
5.730246378962045 3.2888618451973124 0.10752528299412248 1619999.999999731
5.730246378962045 3.2888618451973124 0.10752528299412248 1619999.999999731
5.730246378962045 3.2888618451973124 0.10752528299412248 1619999.999999731
5.730246378962045 3.2888618451973124 0.10752528299412248 1619999.999999731
5.730246378962045 3.2888618451973124 0.10752528299412248 1619999.999999731
5.730246378962045 3.2888618451973124 0.10752528299412248 1619999.999999731
5.730246378962045 3.2888618451973124 0.10752528299412248 1619999.999999731
5.730246378962045 3.2888618451973124 0.10752528299412248 1619999.999999731
5.730246378962045 3.2888618451973124 0.10752528299412248 1619999.999999731
5.730246378962045 3.2888618451973124 0.10752528299412248 1619999.999999731
5.730246378962045 3.2888618451973124 0.10752528299412248 1619999.999999731
5.730246378962045 3.2888618451973124 0.10752528299412248 1619999.999999731
5.730246378962045 3.2888618451973124 0.10752528299412248 1619999.999999731
5.730246378962045 3.2888618451973124 0.10752528299412248 1619999.999999731
5.730246378962045 3.2888618451973124 0.10752528299412248 1619999.999999731
5.730246378962045 3.2888618451973124 0.10752528299412248 1619999.999999731
5.730246378962045 3.2888618451973124 0.10752528299412248 1619999.999999731
5.730246378962045 3.2888618451973124 0.10752528299412248 1619999.999999731
5.730246378962045 3.2888618451973124 0.10752528299412248 1619999.999999731
5.730246378962045 3.2888618451973124 0.10752528299412248 1619999.999999731
5.730246378962045 3.2888618451973124 0.10752528299412248 1619999.999999731
5.730246378962045 3.2888618451973124 0.10752528299412248 1619999.999999731
5.730246378962045 3.2888618451973124 0.10752528299412248 1619999.999999731
5.730246378962045 3.2888618451973124 0.10752528299412248 1619999.999999731
5.730246378962045 3.2888618451973124 0.10752528299412248 1619999.999999731
5.730246378962045 3.2888618451973124 0.10752528299412248 1619999.999999731
5.730246378962045 3.2888618451973124 0.10752528299412248 1619999.999999731
5.730246378962045 3.2888618451973124 0.10752528299412248 1619999.999999731
5.730246378962045 3.2888618451973124 0.10752528299412248 1619999.999999731
5.730246378962045 3.2888618451973124 0.10752528299412248 1619999.999999731
5.730246378962045 3.2888618451973124 0.10752528299412248 1619999.999999731
5.730246378962045 3.2888618451973124 0.10752528299412248 1619999.999999731
5.730246378962045 3.2888618451973124 0.10752528299412248 1619999.999999731
5.730246378962045 3.2888618451973124 0.10752528299412248 1619999.999999731
5.730246378962045 3.2888618451973124 0.10752528299412248 1619999.999999731
5.730246378962045 3.2888618451973124 0.10752528299412248 1619999.999999731
5.730246378962045 3.2888618451973124 0.10752528299412248 1619999.999999731
5.730246378962045 3.2888618451973124 0.10752528299412248 1619999.999999731
5.730246378962045 3.2888618451973124 0.10752528299412248 1619999.999999731
5.730246378962045 3.2888618451973124 0.10752528299412248 1619999.999999731
5.807096173865628 3.3081254874875503 0.11861677112651324 0.0 4,0,1 coil/filament1/filament2
5.801266199887642 3.344185042475488 -0.0513824637591195 1619999.999999731
5.727153461603359 3.3144173335198155 -0.046779689863342154 1619999.999999731
5.727153461603359 3.3144173335198155 -0.046779689863342154 1619999.999999731
5.727153461603359 3.3144173335198155 -0.046779689863342154 1619999.999999731
5.727153461603359 3.3144173335198155 -0.046779689863342154 1619999.999999731
5.727153461603359 3.3144173335198155 -0.046779689863342154 1619999.999999731
5.727153461603359 3.3144173335198155 -0.046779689863342154 1619999.999999731
5.727153461603359 3.3144173335198155 -0.046779689863342154 1619999.999999731
5.727153461603359 3.3144173335198155 -0.046779689863342154 1619999.999999731
5.727153461603359 3.3144173335198155 -0.046779689863342154 1619999.999999731
5.727153461603359 3.3144173335198155 -0.046779689863342154 1619999.999999731
5.727153461603359 3.3144173335198155 -0.046779689863342154 1619999.999999731
5.727153461603359 3.3144173335198155 -0.046779689863342154 1619999.999999731
5.727153461603359 3.3144173335198155 -0.046779689863342154 1619999.999999731
5.727153461603359 3.3144173335198155 -0.046779689863342154 1619999.999999731
5.727153461603359 3.3144173335198155 -0.046779689863342154 1619999.999999731
5.727153461603359 3.3144173335198155 -0.046779689863342154 1619999.999999731
5.727153461603359 3.3144173335198155 -0.046779689863342154 1619999.999999731
5.727153461603359 3.3144173335198155 -0.046779689863342154 1619999.999999731
5.727153461603359 3.3144173335198155 -0.046779689863342154 1619999.999999731
5.727153461603359 3.3144173335198155 -0.046779689863342154 1619999.999999731
5.727153461603359 3.3144173335198155 -0.046779689863342154 1619999.999999731
5.727153461603359 3.3144173335198155 -0.046779689863342154 1619999.999999731
5.727153461603359 3.3144173335198155 -0.046779689863342154 1619999.999999731
5.727153461603359 3.3144173335198155 -0.046779689863342154 1619999.999999731
5.727153461603359 3.3144173335198155 -0.046779689863342154 1619999.999999731
5.727153461603359 3.3144173335198155 -0.046779689863342154 1619999.999999731
5.727153461603359 3.3144173335198155 -0.046779689863342154 1619999.999999731
5.727153461603359 3.3144173335198155 -0.046779689863342154 1619999.999999731
5.727153461603359 3.3144173335198155 -0.046779689863342154 1619999.999999731
5.727153461603359 3.3144173335198155 -0.046779689863342154 1619999.999999731
5.727153461603359 3.3144173335198155 -0.046779689863342154 1619999.999999731
5.727153461603359 3.3144173335198155 -0.046779689863342154 1619999.999999731
5.727153461603359 3.3144173335198155 -0.046779689863342154 1619999.999999731
5.727153461603359 3.3144173335198155 -0.046779689863342154 1619999.999999731
5.727153461603359 3.3144173335198155 -0.046779689863342154 1619999.999999731
5.727153461603359 3.3144173335198155 -0.046779689863342154 1619999.999999731
5.727153461603359 3.3144173335198155 -0.046779689863342154 1619999.999999731
5.727153461603359 3.3144173335198155 -0.046779689863342154 1619999.999999731
5.727153461603359 3.3144173335198155 -0.046779689863342154 1619999.999999731
5.727153461603359 3.3144173335198155 -0.046779689863342154 1619999.999999731
5.727153461603359 3.3144173335198155 -0.046779689863342154 1619999.999999731
5.727153461603359 3.3144173335198155 -0.046779689863342154 1619999.999999731
5.727153461603359 3.3144173335198155 -0.046779689863342154 1619999.999999731
5.727153461603359 3.3144173335198155 -0.046779689863342154 1619999.999999731
5.727153461603359 3.3144173335198155 -0.046779689863342154 1619999.999999731
5.727153461603359 3.3144173335198155 -0.046779689863342154 1619999.999999731
5.727153461603359 3.3144173335198155 -0.046779689863342154 1619999.999999731
5.727153461603359 3.3144173335198155 -0.046779689863342154 1619999.999999731
5.727153461603359 3.3144173335198155 -0.046779689863342154 1619999.999999731
5.727153461603359 3.3144173335198155 -0.046779689863342154 1619999.999999731
5.727153461603359 3.3144173335198155 -0.046779689863342154 1619999.999999731
5.727153461603359 3.3144173335198155 -0.046779689863342154 1619999.999999731
5.727153461603359 3.3144173335198155 -0.046779689863342154 1619999.999999731
5.727153461603359 3.3144173335198155 -0.046779689863342154 1619999.999999731
5.727153461603359 3.3144173335198155 -0.046779689863342154 1619999.999999731
5.727153461603359 3.3144173335198155 -0.046779689863342154 1619999.999999731
5.727153461603359 3.3144173335198155 -0.046779689863342154 1619999.999999731
5.727153461603359 3.3144173335198155 -0.046779689863342154 1619999.999999731
5.727153461603359 3.3144173335198155 -0.046779689863342154 1619999.999999731
5.727153461603359 3.3144173335198155 -0.046779689863342154 1619999.999999731
5.727153461603359 3.3144173335198155 -0.046779689863342154 1619999.999999731
5.727153461603359 3.3144173335198155 -0.046779689863342154 1619999.999999731
5.727153461603359 3.3144173335198155 -0.046779689863342154 1619999.999999731
5.801266199887642 3.344185042475488 -0.0513824637591195 0.0 4,1,0 coil/filament1/filament2
5.829205881560171 3.2460047395777267 0.07331584944950892 1619999.999999731
5.7523560866565875 3.226741097287489 0.06222436131711816 1619999.999999731
5.7523560866565875 3.226741097287489 0.06222436131711816 1619999.999999731
5.7523560866565875 3.226741097287489 0.06222436131711816 1619999.999999731
5.7523560866565875 3.226741097287489 0.06222436131711816 1619999.999999731
5.7523560866565875 3.226741097287489 0.06222436131711816 1619999.999999731
5.7523560866565875 3.226741097287489 0.06222436131711816 1619999.999999731
5.7523560866565875 3.226741097287489 0.06222436131711816 1619999.999999731
5.7523560866565875 3.226741097287489 0.06222436131711816 1619999.999999731
5.7523560866565875 3.226741097287489 0.06222436131711816 1619999.999999731
5.7523560866565875 3.226741097287489 0.06222436131711816 1619999.999999731
5.7523560866565875 3.226741097287489 0.06222436131711816 1619999.999999731
5.7523560866565875 3.226741097287489 0.06222436131711816 1619999.999999731
5.7523560866565875 3.226741097287489 0.06222436131711816 1619999.999999731
5.7523560866565875 3.226741097287489 0.06222436131711816 1619999.999999731
5.7523560866565875 3.226741097287489 0.06222436131711816 1619999.999999731
5.7523560866565875 3.226741097287489 0.06222436131711816 1619999.999999731
5.7523560866565875 3.226741097287489 0.06222436131711816 1619999.999999731
5.7523560866565875 3.226741097287489 0.06222436131711816 1619999.999999731
5.7523560866565875 3.226741097287489 0.06222436131711816 1619999.999999731
5.7523560866565875 3.226741097287489 0.06222436131711816 1619999.999999731
5.7523560866565875 3.226741097287489 0.06222436131711816 1619999.999999731
5.7523560866565875 3.226741097287489 0.06222436131711816 1619999.999999731
5.7523560866565875 3.226741097287489 0.06222436131711816 1619999.999999731
5.7523560866565875 3.226741097287489 0.06222436131711816 1619999.999999731
5.7523560866565875 3.226741097287489 0.06222436131711816 1619999.999999731
5.7523560866565875 3.226741097287489 0.06222436131711816 1619999.999999731
5.7523560866565875 3.226741097287489 0.06222436131711816 1619999.999999731
5.7523560866565875 3.226741097287489 0.06222436131711816 1619999.999999731
5.7523560866565875 3.226741097287489 0.06222436131711816 1619999.999999731
5.7523560866565875 3.226741097287489 0.06222436131711816 1619999.999999731
5.7523560866565875 3.226741097287489 0.06222436131711816 1619999.999999731
5.7523560866565875 3.226741097287489 0.06222436131711816 1619999.999999731
5.7523560866565875 3.226741097287489 0.06222436131711816 1619999.999999731
5.7523560866565875 3.226741097287489 0.06222436131711816 1619999.999999731
5.7523560866565875 3.226741097287489 0.06222436131711816 1619999.999999731
5.7523560866565875 3.226741097287489 0.06222436131711816 1619999.999999731
5.7523560866565875 3.226741097287489 0.06222436131711816 1619999.999999731
5.7523560866565875 3.226741097287489 0.06222436131711816 1619999.999999731
5.7523560866565875 3.226741097287489 0.06222436131711816 1619999.999999731
5.7523560866565875 3.226741097287489 0.06222436131711816 1619999.999999731
5.7523560866565875 3.226741097287489 0.06222436131711816 1619999.999999731
5.7523560866565875 3.226741097287489 0.06222436131711816 1619999.999999731
5.7523560866565875 3.226741097287489 0.06222436131711816 1619999.999999731
5.7523560866565875 3.226741097287489 0.06222436131711816 1619999.999999731
5.7523560866565875 3.226741097287489 0.06222436131711816 1619999.999999731
5.7523560866565875 3.226741097287489 0.06222436131711816 1619999.999999731
5.7523560866565875 3.226741097287489 0.06222436131711816 1619999.999999731
5.7523560866565875 3.226741097287489 0.06222436131711816 1619999.999999731
5.7523560866565875 3.226741097287489 0.06222436131711816 1619999.999999731
5.7523560866565875 3.226741097287489 0.06222436131711816 1619999.999999731
5.7523560866565875 3.226741097287489 0.06222436131711816 1619999.999999731
5.7523560866565875 3.226741097287489 0.06222436131711816 1619999.999999731
5.7523560866565875 3.226741097287489 0.06222436131711816 1619999.999999731
5.7523560866565875 3.226741097287489 0.06222436131711816 1619999.999999731
5.7523560866565875 3.226741097287489 0.06222436131711816 1619999.999999731
5.7523560866565875 3.226741097287489 0.06222436131711816 1619999.999999731
5.7523560866565875 3.226741097287489 0.06222436131711816 1619999.999999731
5.7523560866565875 3.226741097287489 0.06222436131711816 1619999.999999731
5.7523560866565875 3.226741097287489 0.06222436131711816 1619999.999999731
5.7523560866565875 3.226741097287489 0.06222436131711816 1619999.999999731
5.7523560866565875 3.226741097287489 0.06222436131711816 1619999.999999731
5.7523560866565875 3.226741097287489 0.06222436131711816 1619999.999999731
5.7523560866565875 3.226741097287489 0.06222436131711816 1619999.999999731
5.829205881560171 3.2460047395777267 0.07331584944950892 0.0 4,1,1 coil/filament1/filament2
