periods 0
begin filament
FOCUSADD Coils
7.051387636149975 0.45736846324704444 0.07902466900998123 1520000.0
6.971787415207034 0.45398832305305703 0.08626203580349079 1520000.0
6.971787415207034 0.45398832305305703 0.08626203580349079 1520000.0
6.971787415207034 0.45398832305305703 0.08626203580349079 1520000.0
6.971787415207034 0.45398832305305703 0.08626203580349079 1520000.0
6.971787415207034 0.45398832305305703 0.08626203580349079 1520000.0
6.971787415207034 0.45398832305305703 0.08626203580349079 1520000.0
6.971787415207034 0.45398832305305703 0.08626203580349079 1520000.0
6.971787415207034 0.45398832305305703 0.08626203580349079 1520000.0
6.971787415207034 0.45398832305305703 0.08626203580349079 1520000.0
6.971787415207034 0.45398832305305703 0.08626203580349079 1520000.0
6.971787415207034 0.45398832305305703 0.08626203580349079 1520000.0
6.971787415207034 0.45398832305305703 0.08626203580349079 1520000.0
6.971787415207034 0.45398832305305703 0.08626203580349079 1520000.0
6.971787415207034 0.45398832305305703 0.08626203580349079 1520000.0
6.971787415207034 0.45398832305305703 0.08626203580349079 1520000.0
6.971787415207034 0.45398832305305703 0.08626203580349079 1520000.0
6.971787415207034 0.45398832305305703 0.08626203580349079 1520000.0
6.971787415207034 0.45398832305305703 0.08626203580349079 1520000.0
6.971787415207034 0.45398832305305703 0.08626203580349079 1520000.0
6.971787415207034 0.45398832305305703 0.08626203580349079 1520000.0
6.971787415207034 0.45398832305305703 0.08626203580349079 1520000.0
6.971787415207034 0.45398832305305703 0.08626203580349079 1520000.0
6.971787415207034 0.45398832305305703 0.08626203580349079 1520000.0
6.971787415207034 0.45398832305305703 0.08626203580349079 1520000.0
6.971787415207034 0.45398832305305703 0.08626203580349079 1520000.0
6.971787415207034 0.45398832305305703 0.08626203580349079 1520000.0
6.971787415207034 0.45398832305305703 0.08626203580349079 1520000.0
6.971787415207034 0.45398832305305703 0.08626203580349079 1520000.0
6.971787415207034 0.45398832305305703 0.08626203580349079 1520000.0
6.971787415207034 0.45398832305305703 0.08626203580349079 1520000.0
6.971787415207034 0.45398832305305703 0.08626203580349079 1520000.0
6.971787415207034 0.45398832305305703 0.08626203580349079 1520000.0
6.971787415207034 0.45398832305305703 0.08626203580349079 1520000.0
6.971787415207034 0.45398832305305703 0.08626203580349079 1520000.0
6.971787415207034 0.45398832305305703 0.08626203580349079 1520000.0
6.971787415207034 0.45398832305305703 0.08626203580349079 1520000.0
6.971787415207034 0.45398832305305703 0.08626203580349079 1520000.0
6.971787415207034 0.45398832305305703 0.08626203580349079 1520000.0
6.971787415207034 0.45398832305305703 0.08626203580349079 1520000.0
6.971787415207034 0.45398832305305703 0.08626203580349079 1520000.0
6.971787415207034 0.45398832305305703 0.08626203580349079 1520000.0
6.971787415207034 0.45398832305305703 0.08626203580349079 1520000.0
6.971787415207034 0.45398832305305703 0.08626203580349079 1520000.0
6.971787415207034 0.45398832305305703 0.08626203580349079 1520000.0
6.971787415207034 0.45398832305305703 0.08626203580349079 1520000.0
6.971787415207034 0.45398832305305703 0.08626203580349079 1520000.0
6.971787415207034 0.45398832305305703 0.08626203580349079 1520000.0
6.971787415207034 0.45398832305305703 0.08626203580349079 1520000.0
6.971787415207034 0.45398832305305703 0.08626203580349079 1520000.0
6.971787415207034 0.45398832305305703 0.08626203580349079 1520000.0
6.971787415207034 0.45398832305305703 0.08626203580349079 1520000.0
6.971787415207034 0.45398832305305703 0.08626203580349079 1520000.0
6.971787415207034 0.45398832305305703 0.08626203580349079 1520000.0
6.971787415207034 0.45398832305305703 0.08626203580349079 1520000.0
6.971787415207034 0.45398832305305703 0.08626203580349079 1520000.0
6.971787415207034 0.45398832305305703 0.08626203580349079 1520000.0
6.971787415207034 0.45398832305305703 0.08626203580349079 1520000.0
6.971787415207034 0.45398832305305703 0.08626203580349079 1520000.0
6.971787415207034 0.45398832305305703 0.08626203580349079 1520000.0
6.971787415207034 0.45398832305305703 0.08626203580349079 1520000.0
6.971787415207034 0.45398832305305703 0.08626203580349079 1520000.0
6.971787415207034 0.45398832305305703 0.08626203580349079 1520000.0
6.971787415207034 0.45398832305305703 0.08626203580349079 1520000.0
7.051387636149975 0.45736846324704444 0.07902466900998123 0.0 0,0,0 coil/filament1/filament2
7.0522584779511845 0.47909829288470135 0.19547193586562792 1520000.0
6.9725810667208385 0.4736586921167514 0.19078996159020162 1520000.0
6.9725810667208385 0.4736586921167514 0.19078996159020162 1520000.0
6.9725810667208385 0.4736586921167514 0.19078996159020162 1520000.0
6.9725810667208385 0.4736586921167514 0.19078996159020162 1520000.0
6.9725810667208385 0.4736586921167514 0.19078996159020162 1520000.0
6.9725810667208385 0.4736586921167514 0.19078996159020162 1520000.0
6.9725810667208385 0.4736586921167514 0.19078996159020162 1520000.0
6.9725810667208385 0.4736586921167514 0.19078996159020162 1520000.0
6.9725810667208385 0.4736586921167514 0.19078996159020162 1520000.0
6.9725810667208385 0.4736586921167514 0.19078996159020162 1520000.0
6.9725810667208385 0.4736586921167514 0.19078996159020162 1520000.0
6.9725810667208385 0.4736586921167514 0.19078996159020162 1520000.0
6.9725810667208385 0.4736586921167514 0.19078996159020162 1520000.0
6.9725810667208385 0.4736586921167514 0.19078996159020162 1520000.0
6.9725810667208385 0.4736586921167514 0.19078996159020162 1520000.0
6.9725810667208385 0.4736586921167514 0.19078996159020162 1520000.0
6.9725810667208385 0.4736586921167514 0.19078996159020162 1520000.0
6.9725810667208385 0.4736586921167514 0.19078996159020162 1520000.0
6.9725810667208385 0.4736586921167514 0.19078996159020162 1520000.0
6.9725810667208385 0.4736586921167514 0.19078996159020162 1520000.0
6.9725810667208385 0.4736586921167514 0.19078996159020162 1520000.0
6.9725810667208385 0.4736586921167514 0.19078996159020162 1520000.0
6.9725810667208385 0.4736586921167514 0.19078996159020162 1520000.0
6.9725810667208385 0.4736586921167514 0.19078996159020162 1520000.0
6.9725810667208385 0.4736586921167514 0.19078996159020162 1520000.0
6.9725810667208385 0.4736586921167514 0.19078996159020162 1520000.0
6.9725810667208385 0.4736586921167514 0.19078996159020162 1520000.0
6.9725810667208385 0.4736586921167514 0.19078996159020162 1520000.0
6.9725810667208385 0.4736586921167514 0.19078996159020162 1520000.0
6.9725810667208385 0.4736586921167514 0.19078996159020162 1520000.0
6.9725810667208385 0.4736586921167514 0.19078996159020162 1520000.0
6.9725810667208385 0.4736586921167514 0.19078996159020162 1520000.0
6.9725810667208385 0.4736586921167514 0.19078996159020162 1520000.0
6.9725810667208385 0.4736586921167514 0.19078996159020162 1520000.0
6.9725810667208385 0.4736586921167514 0.19078996159020162 1520000.0
6.9725810667208385 0.4736586921167514 0.19078996159020162 1520000.0
6.9725810667208385 0.4736586921167514 0.19078996159020162 1520000.0
6.9725810667208385 0.4736586921167514 0.19078996159020162 1520000.0
6.9725810667208385 0.4736586921167514 0.19078996159020162 1520000.0
6.9725810667208385 0.4736586921167514 0.19078996159020162 1520000.0
6.9725810667208385 0.4736586921167514 0.19078996159020162 1520000.0
6.9725810667208385 0.4736586921167514 0.19078996159020162 1520000.0
6.9725810667208385 0.4736586921167514 0.19078996159020162 1520000.0
6.9725810667208385 0.4736586921167514 0.19078996159020162 1520000.0
6.9725810667208385 0.4736586921167514 0.19078996159020162 1520000.0
6.9725810667208385 0.4736586921167514 0.19078996159020162 1520000.0
6.9725810667208385 0.4736586921167514 0.19078996159020162 1520000.0
6.9725810667208385 0.4736586921167514 0.19078996159020162 1520000.0
6.9725810667208385 0.4736586921167514 0.19078996159020162 1520000.0
6.9725810667208385 0.4736586921167514 0.19078996159020162 1520000.0
6.9725810667208385 0.4736586921167514 0.19078996159020162 1520000.0
6.9725810667208385 0.4736586921167514 0.19078996159020162 1520000.0
6.9725810667208385 0.4736586921167514 0.19078996159020162 1520000.0
6.9725810667208385 0.4736586921167514 0.19078996159020162 1520000.0
6.9725810667208385 0.4736586921167514 0.19078996159020162 1520000.0
6.9725810667208385 0.4736586921167514 0.19078996159020162 1520000.0
6.9725810667208385 0.4736586921167514 0.19078996159020162 1520000.0
6.9725810667208385 0.4736586921167514 0.19078996159020162 1520000.0
6.9725810667208385 0.4736586921167514 0.19078996159020162 1520000.0
6.9725810667208385 0.4736586921167514 0.19078996159020162 1520000.0
6.9725810667208385 0.4736586921167514 0.19078996159020162 1520000.0
6.9725810667208385 0.4736586921167514 0.19078996159020162 1520000.0
6.9725810667208385 0.4736586921167514 0.19078996159020162 1520000.0
7.0522584779511845 0.47909829288470135 0.19547193586562792 0.0 0,0,1 coil/filament1/filament2
7.05592301718837 0.37857594154028096 0.09210782008018523 1520000.0
6.976322796245428 0.37519580134629354 0.09934518687369479 1520000.0
6.976322796245428 0.37519580134629354 0.09934518687369479 1520000.0
6.976322796245428 0.37519580134629354 0.09934518687369479 1520000.0
6.976322796245428 0.37519580134629354 0.09934518687369479 1520000.0
6.976322796245428 0.37519580134629354 0.09934518687369479 1520000.0
6.976322796245428 0.37519580134629354 0.09934518687369479 1520000.0
6.976322796245428 0.37519580134629354 0.09934518687369479 1520000.0
6.976322796245428 0.37519580134629354 0.09934518687369479 1520000.0
6.976322796245428 0.37519580134629354 0.09934518687369479 1520000.0
6.976322796245428 0.37519580134629354 0.09934518687369479 1520000.0
6.976322796245428 0.37519580134629354 0.09934518687369479 1520000.0
6.976322796245428 0.37519580134629354 0.09934518687369479 1520000.0
6.976322796245428 0.37519580134629354 0.09934518687369479 1520000.0
6.976322796245428 0.37519580134629354 0.09934518687369479 1520000.0
6.976322796245428 0.37519580134629354 0.09934518687369479 1520000.0
6.976322796245428 0.37519580134629354 0.09934518687369479 1520000.0
6.976322796245428 0.37519580134629354 0.09934518687369479 1520000.0
6.976322796245428 0.37519580134629354 0.09934518687369479 1520000.0
6.976322796245428 0.37519580134629354 0.09934518687369479 1520000.0
6.976322796245428 0.37519580134629354 0.09934518687369479 1520000.0
6.976322796245428 0.37519580134629354 0.09934518687369479 1520000.0
6.976322796245428 0.37519580134629354 0.09934518687369479 1520000.0
6.976322796245428 0.37519580134629354 0.09934518687369479 1520000.0
6.976322796245428 0.37519580134629354 0.09934518687369479 1520000.0
6.976322796245428 0.37519580134629354 0.09934518687369479 1520000.0
6.976322796245428 0.37519580134629354 0.09934518687369479 1520000.0
6.976322796245428 0.37519580134629354 0.09934518687369479 1520000.0
6.976322796245428 0.37519580134629354 0.09934518687369479 1520000.0
6.976322796245428 0.37519580134629354 0.09934518687369479 1520000.0
6.976322796245428 0.37519580134629354 0.09934518687369479 1520000.0
6.976322796245428 0.37519580134629354 0.09934518687369479 1520000.0
6.976322796245428 0.37519580134629354 0.09934518687369479 1520000.0
6.976322796245428 0.37519580134629354 0.09934518687369479 1520000.0
6.976322796245428 0.37519580134629354 0.09934518687369479 1520000.0
6.976322796245428 0.37519580134629354 0.09934518687369479 1520000.0
6.976322796245428 0.37519580134629354 0.09934518687369479 1520000.0
6.976322796245428 0.37519580134629354 0.09934518687369479 1520000.0
6.976322796245428 0.37519580134629354 0.09934518687369479 1520000.0
6.976322796245428 0.37519580134629354 0.09934518687369479 1520000.0
6.976322796245428 0.37519580134629354 0.09934518687369479 1520000.0
6.976322796245428 0.37519580134629354 0.09934518687369479 1520000.0
6.976322796245428 0.37519580134629354 0.09934518687369479 1520000.0
6.976322796245428 0.37519580134629354 0.09934518687369479 1520000.0
6.976322796245428 0.37519580134629354 0.09934518687369479 1520000.0
6.976322796245428 0.37519580134629354 0.09934518687369479 1520000.0
6.976322796245428 0.37519580134629354 0.09934518687369479 1520000.0
6.976322796245428 0.37519580134629354 0.09934518687369479 1520000.0
6.976322796245428 0.37519580134629354 0.09934518687369479 1520000.0
6.976322796245428 0.37519580134629354 0.09934518687369479 1520000.0
6.976322796245428 0.37519580134629354 0.09934518687369479 1520000.0
6.976322796245428 0.37519580134629354 0.09934518687369479 1520000.0
6.976322796245428 0.37519580134629354 0.09934518687369479 1520000.0
6.976322796245428 0.37519580134629354 0.09934518687369479 1520000.0
6.976322796245428 0.37519580134629354 0.09934518687369479 1520000.0
6.976322796245428 0.37519580134629354 0.09934518687369479 1520000.0
6.976322796245428 0.37519580134629354 0.09934518687369479 1520000.0
6.976322796245428 0.37519580134629354 0.09934518687369479 1520000.0
6.976322796245428 0.37519580134629354 0.09934518687369479 1520000.0
6.976322796245428 0.37519580134629354 0.09934518687369479 1520000.0
6.976322796245428 0.37519580134629354 0.09934518687369479 1520000.0
6.976322796245428 0.37519580134629354 0.09934518687369479 1520000.0
6.976322796245428 0.37519580134629354 0.09934518687369479 1520000.0
6.976322796245428 0.37519580134629354 0.09934518687369479 1520000.0
7.05592301718837 0.37857594154028096 0.09210782008018523 0.0 0,1,0 coil/filament1/filament2
7.056668953698745 0.40081675989165355 0.21136373551005283 1520000.0
6.976991542468399 0.3953771591237036 0.20668176123462653 1520000.0
6.976991542468399 0.3953771591237036 0.20668176123462653 1520000.0
6.976991542468399 0.3953771591237036 0.20668176123462653 1520000.0
6.976991542468399 0.3953771591237036 0.20668176123462653 1520000.0
6.976991542468399 0.3953771591237036 0.20668176123462653 1520000.0
6.976991542468399 0.3953771591237036 0.20668176123462653 1520000.0
6.976991542468399 0.3953771591237036 0.20668176123462653 1520000.0
6.976991542468399 0.3953771591237036 0.20668176123462653 1520000.0
6.976991542468399 0.3953771591237036 0.20668176123462653 1520000.0
6.976991542468399 0.3953771591237036 0.20668176123462653 1520000.0
6.976991542468399 0.3953771591237036 0.20668176123462653 1520000.0
6.976991542468399 0.3953771591237036 0.20668176123462653 1520000.0
6.976991542468399 0.3953771591237036 0.20668176123462653 1520000.0
6.976991542468399 0.3953771591237036 0.20668176123462653 1520000.0
6.976991542468399 0.3953771591237036 0.20668176123462653 1520000.0
6.976991542468399 0.3953771591237036 0.20668176123462653 1520000.0
6.976991542468399 0.3953771591237036 0.20668176123462653 1520000.0
6.976991542468399 0.3953771591237036 0.20668176123462653 1520000.0
6.976991542468399 0.3953771591237036 0.20668176123462653 1520000.0
6.976991542468399 0.3953771591237036 0.20668176123462653 1520000.0
6.976991542468399 0.3953771591237036 0.20668176123462653 1520000.0
6.976991542468399 0.3953771591237036 0.20668176123462653 1520000.0
6.976991542468399 0.3953771591237036 0.20668176123462653 1520000.0
6.976991542468399 0.3953771591237036 0.20668176123462653 1520000.0
6.976991542468399 0.3953771591237036 0.20668176123462653 1520000.0
6.976991542468399 0.3953771591237036 0.20668176123462653 1520000.0
6.976991542468399 0.3953771591237036 0.20668176123462653 1520000.0
6.976991542468399 0.3953771591237036 0.20668176123462653 1520000.0
6.976991542468399 0.3953771591237036 0.20668176123462653 1520000.0
6.976991542468399 0.3953771591237036 0.20668176123462653 1520000.0
6.976991542468399 0.3953771591237036 0.20668176123462653 1520000.0
6.976991542468399 0.3953771591237036 0.20668176123462653 1520000.0
6.976991542468399 0.3953771591237036 0.20668176123462653 1520000.0
6.976991542468399 0.3953771591237036 0.20668176123462653 1520000.0
6.976991542468399 0.3953771591237036 0.20668176123462653 1520000.0
6.976991542468399 0.3953771591237036 0.20668176123462653 1520000.0
6.976991542468399 0.3953771591237036 0.20668176123462653 1520000.0
6.976991542468399 0.3953771591237036 0.20668176123462653 1520000.0
6.976991542468399 0.3953771591237036 0.20668176123462653 1520000.0
6.976991542468399 0.3953771591237036 0.20668176123462653 1520000.0
6.976991542468399 0.3953771591237036 0.20668176123462653 1520000.0
6.976991542468399 0.3953771591237036 0.20668176123462653 1520000.0
6.976991542468399 0.3953771591237036 0.20668176123462653 1520000.0
6.976991542468399 0.3953771591237036 0.20668176123462653 1520000.0
6.976991542468399 0.3953771591237036 0.20668176123462653 1520000.0
6.976991542468399 0.3953771591237036 0.20668176123462653 1520000.0
6.976991542468399 0.3953771591237036 0.20668176123462653 1520000.0
6.976991542468399 0.3953771591237036 0.20668176123462653 1520000.0
6.976991542468399 0.3953771591237036 0.20668176123462653 1520000.0
6.976991542468399 0.3953771591237036 0.20668176123462653 1520000.0
6.976991542468399 0.3953771591237036 0.20668176123462653 1520000.0
6.976991542468399 0.3953771591237036 0.20668176123462653 1520000.0
6.976991542468399 0.3953771591237036 0.20668176123462653 1520000.0
6.976991542468399 0.3953771591237036 0.20668176123462653 1520000.0
6.976991542468399 0.3953771591237036 0.20668176123462653 1520000.0
6.976991542468399 0.3953771591237036 0.20668176123462653 1520000.0
6.976991542468399 0.3953771591237036 0.20668176123462653 1520000.0
6.976991542468399 0.3953771591237036 0.20668176123462653 1520000.0
6.976991542468399 0.3953771591237036 0.20668176123462653 1520000.0
6.976991542468399 0.3953771591237036 0.20668176123462653 1520000.0
6.976991542468399 0.3953771591237036 0.20668176123462653 1520000.0
6.976991542468399 0.3953771591237036 0.20668176123462653 1520000.0
6.976991542468399 0.3953771591237036 0.20668176123462653 1520000.0
7.056668953698745 0.40081675989165355 0.21136373551005283 0.0 0,1,1 coil/filament1/filament2
6.70567122833562 1.340231322984582 0.21857149635211687 1520000.0
6.629611731742841 1.3184282670976328 0.23038588300752486 1520000.0
6.629611731742841 1.3184282670976328 0.23038588300752486 1520000.0
6.629611731742841 1.3184282670976328 0.23038588300752486 1520000.0
6.629611731742841 1.3184282670976328 0.23038588300752486 1520000.0
6.629611731742841 1.3184282670976328 0.23038588300752486 1520000.0
6.629611731742841 1.3184282670976328 0.23038588300752486 1520000.0
6.629611731742841 1.3184282670976328 0.23038588300752486 1520000.0
6.629611731742841 1.3184282670976328 0.23038588300752486 1520000.0
6.629611731742841 1.3184282670976328 0.23038588300752486 1520000.0
6.629611731742841 1.3184282670976328 0.23038588300752486 1520000.0
6.629611731742841 1.3184282670976328 0.23038588300752486 1520000.0
6.629611731742841 1.3184282670976328 0.23038588300752486 1520000.0
6.629611731742841 1.3184282670976328 0.23038588300752486 1520000.0
6.629611731742841 1.3184282670976328 0.23038588300752486 1520000.0
6.629611731742841 1.3184282670976328 0.23038588300752486 1520000.0
6.629611731742841 1.3184282670976328 0.23038588300752486 1520000.0
6.629611731742841 1.3184282670976328 0.23038588300752486 1520000.0
6.629611731742841 1.3184282670976328 0.23038588300752486 1520000.0
6.629611731742841 1.3184282670976328 0.23038588300752486 1520000.0
6.629611731742841 1.3184282670976328 0.23038588300752486 1520000.0
6.629611731742841 1.3184282670976328 0.23038588300752486 1520000.0
6.629611731742841 1.3184282670976328 0.23038588300752486 1520000.0
6.629611731742841 1.3184282670976328 0.23038588300752486 1520000.0
6.629611731742841 1.3184282670976328 0.23038588300752486 1520000.0
6.629611731742841 1.3184282670976328 0.23038588300752486 1520000.0
6.629611731742841 1.3184282670976328 0.23038588300752486 1520000.0
6.629611731742841 1.3184282670976328 0.23038588300752486 1520000.0
6.629611731742841 1.3184282670976328 0.23038588300752486 1520000.0
6.629611731742841 1.3184282670976328 0.23038588300752486 1520000.0
6.629611731742841 1.3184282670976328 0.23038588300752486 1520000.0
6.629611731742841 1.3184282670976328 0.23038588300752486 1520000.0
6.629611731742841 1.3184282670976328 0.23038588300752486 1520000.0
6.629611731742841 1.3184282670976328 0.23038588300752486 1520000.0
6.629611731742841 1.3184282670976328 0.23038588300752486 1520000.0
6.629611731742841 1.3184282670976328 0.23038588300752486 1520000.0
6.629611731742841 1.3184282670976328 0.23038588300752486 1520000.0
6.629611731742841 1.3184282670976328 0.23038588300752486 1520000.0
6.629611731742841 1.3184282670976328 0.23038588300752486 1520000.0
6.629611731742841 1.3184282670976328 0.23038588300752486 1520000.0
6.629611731742841 1.3184282670976328 0.23038588300752486 1520000.0
6.629611731742841 1.3184282670976328 0.23038588300752486 1520000.0
6.629611731742841 1.3184282670976328 0.23038588300752486 1520000.0
6.629611731742841 1.3184282670976328 0.23038588300752486 1520000.0
6.629611731742841 1.3184282670976328 0.23038588300752486 1520000.0
6.629611731742841 1.3184282670976328 0.23038588300752486 1520000.0
6.629611731742841 1.3184282670976328 0.23038588300752486 1520000.0
6.629611731742841 1.3184282670976328 0.23038588300752486 1520000.0
6.629611731742841 1.3184282670976328 0.23038588300752486 1520000.0
6.629611731742841 1.3184282670976328 0.23038588300752486 1520000.0
6.629611731742841 1.3184282670976328 0.23038588300752486 1520000.0
6.629611731742841 1.3184282670976328 0.23038588300752486 1520000.0
6.629611731742841 1.3184282670976328 0.23038588300752486 1520000.0
6.629611731742841 1.3184282670976328 0.23038588300752486 1520000.0
6.629611731742841 1.3184282670976328 0.23038588300752486 1520000.0
6.629611731742841 1.3184282670976328 0.23038588300752486 1520000.0
6.629611731742841 1.3184282670976328 0.23038588300752486 1520000.0
6.629611731742841 1.3184282670976328 0.23038588300752486 1520000.0
6.629611731742841 1.3184282670976328 0.23038588300752486 1520000.0
6.629611731742841 1.3184282670976328 0.23038588300752486 1520000.0
6.629611731742841 1.3184282670976328 0.23038588300752486 1520000.0
6.629611731742841 1.3184282670976328 0.23038588300752486 1520000.0
6.629611731742841 1.3184282670976328 0.23038588300752486 1520000.0
6.629611731742841 1.3184282670976328 0.23038588300752486 1520000.0
6.70567122833562 1.340231322984582 0.21857149635211687 0.0 1,0,0 coil/filament1/filament2
6.722246958977731 1.3229199128963376 0.3259915310506537 1520000.0
6.64478248160243 1.3033519611144844 0.33003504536799844 1520000.0
6.64478248160243 1.3033519611144844 0.33003504536799844 1520000.0
6.64478248160243 1.3033519611144844 0.33003504536799844 1520000.0
6.64478248160243 1.3033519611144844 0.33003504536799844 1520000.0
6.64478248160243 1.3033519611144844 0.33003504536799844 1520000.0
6.64478248160243 1.3033519611144844 0.33003504536799844 1520000.0
6.64478248160243 1.3033519611144844 0.33003504536799844 1520000.0
6.64478248160243 1.3033519611144844 0.33003504536799844 1520000.0
6.64478248160243 1.3033519611144844 0.33003504536799844 1520000.0
6.64478248160243 1.3033519611144844 0.33003504536799844 1520000.0
6.64478248160243 1.3033519611144844 0.33003504536799844 1520000.0
6.64478248160243 1.3033519611144844 0.33003504536799844 1520000.0
6.64478248160243 1.3033519611144844 0.33003504536799844 1520000.0
6.64478248160243 1.3033519611144844 0.33003504536799844 1520000.0
6.64478248160243 1.3033519611144844 0.33003504536799844 1520000.0
6.64478248160243 1.3033519611144844 0.33003504536799844 1520000.0
6.64478248160243 1.3033519611144844 0.33003504536799844 1520000.0
6.64478248160243 1.3033519611144844 0.33003504536799844 1520000.0
6.64478248160243 1.3033519611144844 0.33003504536799844 1520000.0
6.64478248160243 1.3033519611144844 0.33003504536799844 1520000.0
6.64478248160243 1.3033519611144844 0.33003504536799844 1520000.0
6.64478248160243 1.3033519611144844 0.33003504536799844 1520000.0
6.64478248160243 1.3033519611144844 0.33003504536799844 1520000.0
6.64478248160243 1.3033519611144844 0.33003504536799844 1520000.0
6.64478248160243 1.3033519611144844 0.33003504536799844 1520000.0
6.64478248160243 1.3033519611144844 0.33003504536799844 1520000.0
6.64478248160243 1.3033519611144844 0.33003504536799844 1520000.0
6.64478248160243 1.3033519611144844 0.33003504536799844 1520000.0
6.64478248160243 1.3033519611144844 0.33003504536799844 1520000.0
6.64478248160243 1.3033519611144844 0.33003504536799844 1520000.0
6.64478248160243 1.3033519611144844 0.33003504536799844 1520000.0
6.64478248160243 1.3033519611144844 0.33003504536799844 1520000.0
6.64478248160243 1.3033519611144844 0.33003504536799844 1520000.0
6.64478248160243 1.3033519611144844 0.33003504536799844 1520000.0
6.64478248160243 1.3033519611144844 0.33003504536799844 1520000.0
6.64478248160243 1.3033519611144844 0.33003504536799844 1520000.0
6.64478248160243 1.3033519611144844 0.33003504536799844 1520000.0
6.64478248160243 1.3033519611144844 0.33003504536799844 1520000.0
6.64478248160243 1.3033519611144844 0.33003504536799844 1520000.0
6.64478248160243 1.3033519611144844 0.33003504536799844 1520000.0
6.64478248160243 1.3033519611144844 0.33003504536799844 1520000.0
6.64478248160243 1.3033519611144844 0.33003504536799844 1520000.0
6.64478248160243 1.3033519611144844 0.33003504536799844 1520000.0
6.64478248160243 1.3033519611144844 0.33003504536799844 1520000.0
6.64478248160243 1.3033519611144844 0.33003504536799844 1520000.0
6.64478248160243 1.3033519611144844 0.33003504536799844 1520000.0
6.64478248160243 1.3033519611144844 0.33003504536799844 1520000.0
6.64478248160243 1.3033519611144844 0.33003504536799844 1520000.0
6.64478248160243 1.3033519611144844 0.33003504536799844 1520000.0
6.64478248160243 1.3033519611144844 0.33003504536799844 1520000.0
6.64478248160243 1.3033519611144844 0.33003504536799844 1520000.0
6.64478248160243 1.3033519611144844 0.33003504536799844 1520000.0
6.64478248160243 1.3033519611144844 0.33003504536799844 1520000.0
6.64478248160243 1.3033519611144844 0.33003504536799844 1520000.0
6.64478248160243 1.3033519611144844 0.33003504536799844 1520000.0
6.64478248160243 1.3033519611144844 0.33003504536799844 1520000.0
6.64478248160243 1.3033519611144844 0.33003504536799844 1520000.0
6.64478248160243 1.3033519611144844 0.33003504536799844 1520000.0
6.64478248160243 1.3033519611144844 0.33003504536799844 1520000.0
6.64478248160243 1.3033519611144844 0.33003504536799844 1520000.0
6.64478248160243 1.3033519611144844 0.33003504536799844 1520000.0
6.64478248160243 1.3033519611144844 0.33003504536799844 1520000.0
6.64478248160243 1.3033519611144844 0.33003504536799844 1520000.0
6.722246958977731 1.3229199128963376 0.3259915310506537 0.0 1,0,1 coil/filament1/filament2
6.724196062858331 1.2649379207422973 0.19888053180774531 1520000.0
6.648136566265552 1.2431348648553482 0.2106949184631533 1520000.0
6.648136566265552 1.2431348648553482 0.2106949184631533 1520000.0
6.648136566265552 1.2431348648553482 0.2106949184631533 1520000.0
6.648136566265552 1.2431348648553482 0.2106949184631533 1520000.0
6.648136566265552 1.2431348648553482 0.2106949184631533 1520000.0
6.648136566265552 1.2431348648553482 0.2106949184631533 1520000.0
6.648136566265552 1.2431348648553482 0.2106949184631533 1520000.0
6.648136566265552 1.2431348648553482 0.2106949184631533 1520000.0
6.648136566265552 1.2431348648553482 0.2106949184631533 1520000.0
6.648136566265552 1.2431348648553482 0.2106949184631533 1520000.0
6.648136566265552 1.2431348648553482 0.2106949184631533 1520000.0
6.648136566265552 1.2431348648553482 0.2106949184631533 1520000.0
6.648136566265552 1.2431348648553482 0.2106949184631533 1520000.0
6.648136566265552 1.2431348648553482 0.2106949184631533 1520000.0
6.648136566265552 1.2431348648553482 0.2106949184631533 1520000.0
6.648136566265552 1.2431348648553482 0.2106949184631533 1520000.0
6.648136566265552 1.2431348648553482 0.2106949184631533 1520000.0
6.648136566265552 1.2431348648553482 0.2106949184631533 1520000.0
6.648136566265552 1.2431348648553482 0.2106949184631533 1520000.0
6.648136566265552 1.2431348648553482 0.2106949184631533 1520000.0
6.648136566265552 1.2431348648553482 0.2106949184631533 1520000.0
6.648136566265552 1.2431348648553482 0.2106949184631533 1520000.0
6.648136566265552 1.2431348648553482 0.2106949184631533 1520000.0
6.648136566265552 1.2431348648553482 0.2106949184631533 1520000.0
6.648136566265552 1.2431348648553482 0.2106949184631533 1520000.0
6.648136566265552 1.2431348648553482 0.2106949184631533 1520000.0
6.648136566265552 1.2431348648553482 0.2106949184631533 1520000.0
6.648136566265552 1.2431348648553482 0.2106949184631533 1520000.0
6.648136566265552 1.2431348648553482 0.2106949184631533 1520000.0
6.648136566265552 1.2431348648553482 0.2106949184631533 1520000.0
6.648136566265552 1.2431348648553482 0.2106949184631533 1520000.0
6.648136566265552 1.2431348648553482 0.2106949184631533 1520000.0
6.648136566265552 1.2431348648553482 0.2106949184631533 1520000.0
6.648136566265552 1.2431348648553482 0.2106949184631533 1520000.0
6.648136566265552 1.2431348648553482 0.2106949184631533 1520000.0
6.648136566265552 1.2431348648553482 0.2106949184631533 1520000.0
6.648136566265552 1.2431348648553482 0.2106949184631533 1520000.0
6.648136566265552 1.2431348648553482 0.2106949184631533 1520000.0
6.648136566265552 1.2431348648553482 0.2106949184631533 1520000.0
6.648136566265552 1.2431348648553482 0.2106949184631533 1520000.0
6.648136566265552 1.2431348648553482 0.2106949184631533 1520000.0
6.648136566265552 1.2431348648553482 0.2106949184631533 1520000.0
6.648136566265552 1.2431348648553482 0.2106949184631533 1520000.0
6.648136566265552 1.2431348648553482 0.2106949184631533 1520000.0
6.648136566265552 1.2431348648553482 0.2106949184631533 1520000.0
6.648136566265552 1.2431348648553482 0.2106949184631533 1520000.0
6.648136566265552 1.2431348648553482 0.2106949184631533 1520000.0
6.648136566265552 1.2431348648553482 0.2106949184631533 1520000.0
6.648136566265552 1.2431348648553482 0.2106949184631533 1520000.0
6.648136566265552 1.2431348648553482 0.2106949184631533 1520000.0
6.648136566265552 1.2431348648553482 0.2106949184631533 1520000.0
6.648136566265552 1.2431348648553482 0.2106949184631533 1520000.0
6.648136566265552 1.2431348648553482 0.2106949184631533 1520000.0
6.648136566265552 1.2431348648553482 0.2106949184631533 1520000.0
6.648136566265552 1.2431348648553482 0.2106949184631533 1520000.0
6.648136566265552 1.2431348648553482 0.2106949184631533 1520000.0
6.648136566265552 1.2431348648553482 0.2106949184631533 1520000.0
6.648136566265552 1.2431348648553482 0.2106949184631533 1520000.0
6.648136566265552 1.2431348648553482 0.2106949184631533 1520000.0
6.648136566265552 1.2431348648553482 0.2106949184631533 1520000.0
6.648136566265552 1.2431348648553482 0.2106949184631533 1520000.0
6.648136566265552 1.2431348648553482 0.2106949184631533 1520000.0
6.648136566265552 1.2431348648553482 0.2106949184631533 1520000.0
6.724196062858331 1.2649379207422973 0.19888053180774531 0.0 1,1,0 coil/filament1/filament2
6.741224860106412 1.245802040218437 0.3163648502942774 1520000.0
6.663760382731111 1.2262340884365839 0.32040836461162214 1520000.0
6.663760382731111 1.2262340884365839 0.32040836461162214 1520000.0
6.663760382731111 1.2262340884365839 0.32040836461162214 1520000.0
6.663760382731111 1.2262340884365839 0.32040836461162214 1520000.0
6.663760382731111 1.2262340884365839 0.32040836461162214 1520000.0
6.663760382731111 1.2262340884365839 0.32040836461162214 1520000.0
6.663760382731111 1.2262340884365839 0.32040836461162214 1520000.0
6.663760382731111 1.2262340884365839 0.32040836461162214 1520000.0
6.663760382731111 1.2262340884365839 0.32040836461162214 1520000.0
6.663760382731111 1.2262340884365839 0.32040836461162214 1520000.0
6.663760382731111 1.2262340884365839 0.32040836461162214 1520000.0
6.663760382731111 1.2262340884365839 0.32040836461162214 1520000.0
6.663760382731111 1.2262340884365839 0.32040836461162214 1520000.0
6.663760382731111 1.2262340884365839 0.32040836461162214 1520000.0
6.663760382731111 1.2262340884365839 0.32040836461162214 1520000.0
6.663760382731111 1.2262340884365839 0.32040836461162214 1520000.0
6.663760382731111 1.2262340884365839 0.32040836461162214 1520000.0
6.663760382731111 1.2262340884365839 0.32040836461162214 1520000.0
6.663760382731111 1.2262340884365839 0.32040836461162214 1520000.0
6.663760382731111 1.2262340884365839 0.32040836461162214 1520000.0
6.663760382731111 1.2262340884365839 0.32040836461162214 1520000.0
6.663760382731111 1.2262340884365839 0.32040836461162214 1520000.0
6.663760382731111 1.2262340884365839 0.32040836461162214 1520000.0
6.663760382731111 1.2262340884365839 0.32040836461162214 1520000.0
6.663760382731111 1.2262340884365839 0.32040836461162214 1520000.0
6.663760382731111 1.2262340884365839 0.32040836461162214 1520000.0
6.663760382731111 1.2262340884365839 0.32040836461162214 1520000.0
6.663760382731111 1.2262340884365839 0.32040836461162214 1520000.0
6.663760382731111 1.2262340884365839 0.32040836461162214 1520000.0
6.663760382731111 1.2262340884365839 0.32040836461162214 1520000.0
6.663760382731111 1.2262340884365839 0.32040836461162214 1520000.0
6.663760382731111 1.2262340884365839 0.32040836461162214 1520000.0
6.663760382731111 1.2262340884365839 0.32040836461162214 1520000.0
6.663760382731111 1.2262340884365839 0.32040836461162214 1520000.0
6.663760382731111 1.2262340884365839 0.32040836461162214 1520000.0
6.663760382731111 1.2262340884365839 0.32040836461162214 1520000.0
6.663760382731111 1.2262340884365839 0.32040836461162214 1520000.0
6.663760382731111 1.2262340884365839 0.32040836461162214 1520000.0
6.663760382731111 1.2262340884365839 0.32040836461162214 1520000.0
6.663760382731111 1.2262340884365839 0.32040836461162214 1520000.0
6.663760382731111 1.2262340884365839 0.32040836461162214 1520000.0
6.663760382731111 1.2262340884365839 0.32040836461162214 1520000.0
6.663760382731111 1.2262340884365839 0.32040836461162214 1520000.0
6.663760382731111 1.2262340884365839 0.32040836461162214 1520000.0
6.663760382731111 1.2262340884365839 0.32040836461162214 1520000.0
6.663760382731111 1.2262340884365839 0.32040836461162214 1520000.0
6.663760382731111 1.2262340884365839 0.32040836461162214 1520000.0
6.663760382731111 1.2262340884365839 0.32040836461162214 1520000.0
6.663760382731111 1.2262340884365839 0.32040836461162214 1520000.0
6.663760382731111 1.2262340884365839 0.32040836461162214 1520000.0
6.663760382731111 1.2262340884365839 0.32040836461162214 1520000.0
6.663760382731111 1.2262340884365839 0.32040836461162214 1520000.0
6.663760382731111 1.2262340884365839 0.32040836461162214 1520000.0
6.663760382731111 1.2262340884365839 0.32040836461162214 1520000.0
6.663760382731111 1.2262340884365839 0.32040836461162214 1520000.0
6.663760382731111 1.2262340884365839 0.32040836461162214 1520000.0
6.663760382731111 1.2262340884365839 0.32040836461162214 1520000.0
6.663760382731111 1.2262340884365839 0.32040836461162214 1520000.0
6.663760382731111 1.2262340884365839 0.32040836461162214 1520000.0
6.663760382731111 1.2262340884365839 0.32040836461162214 1520000.0
6.663760382731111 1.2262340884365839 0.32040836461162214 1520000.0
6.663760382731111 1.2262340884365839 0.32040836461162214 1520000.0
6.663760382731111 1.2262340884365839 0.32040836461162214 1520000.0
6.741224860106412 1.245802040218437 0.3163648502942774 0.0 1,1,1 coil/filament1/filament2
6.1649032498399 2.187747960304099 0.24852754409487643 1520000.0
6.0970251694535404 2.146307723859675 0.23985154233754763 1520000.0
6.0970251694535404 2.146307723859675 0.23985154233754763 1520000.0
6.0970251694535404 2.146307723859675 0.23985154233754763 1520000.0
6.0970251694535404 2.146307723859675 0.23985154233754763 1520000.0
6.0970251694535404 2.146307723859675 0.23985154233754763 1520000.0
6.0970251694535404 2.146307723859675 0.23985154233754763 1520000.0
6.0970251694535404 2.146307723859675 0.23985154233754763 1520000.0
6.0970251694535404 2.146307723859675 0.23985154233754763 1520000.0
6.0970251694535404 2.146307723859675 0.23985154233754763 1520000.0
6.0970251694535404 2.146307723859675 0.23985154233754763 1520000.0
6.0970251694535404 2.146307723859675 0.23985154233754763 1520000.0
6.0970251694535404 2.146307723859675 0.23985154233754763 1520000.0
6.0970251694535404 2.146307723859675 0.23985154233754763 1520000.0
6.0970251694535404 2.146307723859675 0.23985154233754763 1520000.0
6.0970251694535404 2.146307723859675 0.23985154233754763 1520000.0
6.0970251694535404 2.146307723859675 0.23985154233754763 1520000.0
6.0970251694535404 2.146307723859675 0.23985154233754763 1520000.0
6.0970251694535404 2.146307723859675 0.23985154233754763 1520000.0
6.0970251694535404 2.146307723859675 0.23985154233754763 1520000.0
6.0970251694535404 2.146307723859675 0.23985154233754763 1520000.0
6.0970251694535404 2.146307723859675 0.23985154233754763 1520000.0
6.0970251694535404 2.146307723859675 0.23985154233754763 1520000.0
6.0970251694535404 2.146307723859675 0.23985154233754763 1520000.0
6.0970251694535404 2.146307723859675 0.23985154233754763 1520000.0
6.0970251694535404 2.146307723859675 0.23985154233754763 1520000.0
6.0970251694535404 2.146307723859675 0.23985154233754763 1520000.0
6.0970251694535404 2.146307723859675 0.23985154233754763 1520000.0
6.0970251694535404 2.146307723859675 0.23985154233754763 1520000.0
6.0970251694535404 2.146307723859675 0.23985154233754763 1520000.0
6.0970251694535404 2.146307723859675 0.23985154233754763 1520000.0
6.0970251694535404 2.146307723859675 0.23985154233754763 1520000.0
6.0970251694535404 2.146307723859675 0.23985154233754763 1520000.0
6.0970251694535404 2.146307723859675 0.23985154233754763 1520000.0
6.0970251694535404 2.146307723859675 0.23985154233754763 1520000.0
6.0970251694535404 2.146307723859675 0.23985154233754763 1520000.0
6.0970251694535404 2.146307723859675 0.23985154233754763 1520000.0
6.0970251694535404 2.146307723859675 0.23985154233754763 1520000.0
6.0970251694535404 2.146307723859675 0.23985154233754763 1520000.0
6.0970251694535404 2.146307723859675 0.23985154233754763 1520000.0
6.0970251694535404 2.146307723859675 0.23985154233754763 1520000.0
6.0970251694535404 2.146307723859675 0.23985154233754763 1520000.0
6.0970251694535404 2.146307723859675 0.23985154233754763 1520000.0
6.0970251694535404 2.146307723859675 0.23985154233754763 1520000.0
6.0970251694535404 2.146307723859675 0.23985154233754763 1520000.0
6.0970251694535404 2.146307723859675 0.23985154233754763 1520000.0
6.0970251694535404 2.146307723859675 0.23985154233754763 1520000.0
6.0970251694535404 2.146307723859675 0.23985154233754763 1520000.0
6.0970251694535404 2.146307723859675 0.23985154233754763 1520000.0
6.0970251694535404 2.146307723859675 0.23985154233754763 1520000.0
6.0970251694535404 2.146307723859675 0.23985154233754763 1520000.0
6.0970251694535404 2.146307723859675 0.23985154233754763 1520000.0
6.0970251694535404 2.146307723859675 0.23985154233754763 1520000.0
6.0970251694535404 2.146307723859675 0.23985154233754763 1520000.0
6.0970251694535404 2.146307723859675 0.23985154233754763 1520000.0
6.0970251694535404 2.146307723859675 0.23985154233754763 1520000.0
6.0970251694535404 2.146307723859675 0.23985154233754763 1520000.0
6.0970251694535404 2.146307723859675 0.23985154233754763 1520000.0
6.0970251694535404 2.146307723859675 0.23985154233754763 1520000.0
6.0970251694535404 2.146307723859675 0.23985154233754763 1520000.0
6.0970251694535404 2.146307723859675 0.23985154233754763 1520000.0
6.0970251694535404 2.146307723859675 0.23985154233754763 1520000.0
6.0970251694535404 2.146307723859675 0.23985154233754763 1520000.0
6.0970251694535404 2.146307723859675 0.23985154233754763 1520000.0
6.1649032498399 2.187747960304099 0.24852754409487643 0.0 2,0,0 coil/filament1/filament2
6.151990985628801 2.1889486841254877 0.3480779815656343 1520000.0
6.083176747327538 2.1493273900947067 0.33834383207308183 1520000.0
6.083176747327538 2.1493273900947067 0.33834383207308183 1520000.0
6.083176747327538 2.1493273900947067 0.33834383207308183 1520000.0
6.083176747327538 2.1493273900947067 0.33834383207308183 1520000.0
6.083176747327538 2.1493273900947067 0.33834383207308183 1520000.0
6.083176747327538 2.1493273900947067 0.33834383207308183 1520000.0
6.083176747327538 2.1493273900947067 0.33834383207308183 1520000.0
6.083176747327538 2.1493273900947067 0.33834383207308183 1520000.0
6.083176747327538 2.1493273900947067 0.33834383207308183 1520000.0
6.083176747327538 2.1493273900947067 0.33834383207308183 1520000.0
6.083176747327538 2.1493273900947067 0.33834383207308183 1520000.0
6.083176747327538 2.1493273900947067 0.33834383207308183 1520000.0
6.083176747327538 2.1493273900947067 0.33834383207308183 1520000.0
6.083176747327538 2.1493273900947067 0.33834383207308183 1520000.0
6.083176747327538 2.1493273900947067 0.33834383207308183 1520000.0
6.083176747327538 2.1493273900947067 0.33834383207308183 1520000.0
6.083176747327538 2.1493273900947067 0.33834383207308183 1520000.0
6.083176747327538 2.1493273900947067 0.33834383207308183 1520000.0
6.083176747327538 2.1493273900947067 0.33834383207308183 1520000.0
6.083176747327538 2.1493273900947067 0.33834383207308183 1520000.0
6.083176747327538 2.1493273900947067 0.33834383207308183 1520000.0
6.083176747327538 2.1493273900947067 0.33834383207308183 1520000.0
6.083176747327538 2.1493273900947067 0.33834383207308183 1520000.0
6.083176747327538 2.1493273900947067 0.33834383207308183 1520000.0
6.083176747327538 2.1493273900947067 0.33834383207308183 1520000.0
6.083176747327538 2.1493273900947067 0.33834383207308183 1520000.0
6.083176747327538 2.1493273900947067 0.33834383207308183 1520000.0
6.083176747327538 2.1493273900947067 0.33834383207308183 1520000.0
6.083176747327538 2.1493273900947067 0.33834383207308183 1520000.0
6.083176747327538 2.1493273900947067 0.33834383207308183 1520000.0
6.083176747327538 2.1493273900947067 0.33834383207308183 1520000.0
6.083176747327538 2.1493273900947067 0.33834383207308183 1520000.0
6.083176747327538 2.1493273900947067 0.33834383207308183 1520000.0
6.083176747327538 2.1493273900947067 0.33834383207308183 1520000.0
6.083176747327538 2.1493273900947067 0.33834383207308183 1520000.0
6.083176747327538 2.1493273900947067 0.33834383207308183 1520000.0
6.083176747327538 2.1493273900947067 0.33834383207308183 1520000.0
6.083176747327538 2.1493273900947067 0.33834383207308183 1520000.0
6.083176747327538 2.1493273900947067 0.33834383207308183 1520000.0
6.083176747327538 2.1493273900947067 0.33834383207308183 1520000.0
6.083176747327538 2.1493273900947067 0.33834383207308183 1520000.0
6.083176747327538 2.1493273900947067 0.33834383207308183 1520000.0
6.083176747327538 2.1493273900947067 0.33834383207308183 1520000.0
6.083176747327538 2.1493273900947067 0.33834383207308183 1520000.0
6.083176747327538 2.1493273900947067 0.33834383207308183 1520000.0
6.083176747327538 2.1493273900947067 0.33834383207308183 1520000.0
6.083176747327538 2.1493273900947067 0.33834383207308183 1520000.0
6.083176747327538 2.1493273900947067 0.33834383207308183 1520000.0
6.083176747327538 2.1493273900947067 0.33834383207308183 1520000.0
6.083176747327538 2.1493273900947067 0.33834383207308183 1520000.0
6.083176747327538 2.1493273900947067 0.33834383207308183 1520000.0
6.083176747327538 2.1493273900947067 0.33834383207308183 1520000.0
6.083176747327538 2.1493273900947067 0.33834383207308183 1520000.0
6.083176747327538 2.1493273900947067 0.33834383207308183 1520000.0
6.083176747327538 2.1493273900947067 0.33834383207308183 1520000.0
6.083176747327538 2.1493273900947067 0.33834383207308183 1520000.0
6.083176747327538 2.1493273900947067 0.33834383207308183 1520000.0
6.083176747327538 2.1493273900947067 0.33834383207308183 1520000.0
6.083176747327538 2.1493273900947067 0.33834383207308183 1520000.0
6.083176747327538 2.1493273900947067 0.33834383207308183 1520000.0
6.083176747327538 2.1493273900947067 0.33834383207308183 1520000.0
6.083176747327538 2.1493273900947067 0.33834383207308183 1520000.0
6.083176747327538 2.1493273900947067 0.33834383207308183 1520000.0
6.151990985628801 2.1889486841254877 0.3480779815656343 0.0 2,0,1 coil/filament1/filament2
6.204533066302083 2.1197913921972753 0.2630665433147819 1520000.0
6.136654985915723 2.0783511557528516 0.2543905415574531 1520000.0
6.136654985915723 2.0783511557528516 0.2543905415574531 1520000.0
6.136654985915723 2.0783511557528516 0.2543905415574531 1520000.0
6.136654985915723 2.0783511557528516 0.2543905415574531 1520000.0
6.136654985915723 2.0783511557528516 0.2543905415574531 1520000.0
6.136654985915723 2.0783511557528516 0.2543905415574531 1520000.0
6.136654985915723 2.0783511557528516 0.2543905415574531 1520000.0
6.136654985915723 2.0783511557528516 0.2543905415574531 1520000.0
6.136654985915723 2.0783511557528516 0.2543905415574531 1520000.0
6.136654985915723 2.0783511557528516 0.2543905415574531 1520000.0
6.136654985915723 2.0783511557528516 0.2543905415574531 1520000.0
6.136654985915723 2.0783511557528516 0.2543905415574531 1520000.0
6.136654985915723 2.0783511557528516 0.2543905415574531 1520000.0
6.136654985915723 2.0783511557528516 0.2543905415574531 1520000.0
6.136654985915723 2.0783511557528516 0.2543905415574531 1520000.0
6.136654985915723 2.0783511557528516 0.2543905415574531 1520000.0
6.136654985915723 2.0783511557528516 0.2543905415574531 1520000.0
6.136654985915723 2.0783511557528516 0.2543905415574531 1520000.0
6.136654985915723 2.0783511557528516 0.2543905415574531 1520000.0
6.136654985915723 2.0783511557528516 0.2543905415574531 1520000.0
6.136654985915723 2.0783511557528516 0.2543905415574531 1520000.0
6.136654985915723 2.0783511557528516 0.2543905415574531 1520000.0
6.136654985915723 2.0783511557528516 0.2543905415574531 1520000.0
6.136654985915723 2.0783511557528516 0.2543905415574531 1520000.0
6.136654985915723 2.0783511557528516 0.2543905415574531 1520000.0
6.136654985915723 2.0783511557528516 0.2543905415574531 1520000.0
6.136654985915723 2.0783511557528516 0.2543905415574531 1520000.0
6.136654985915723 2.0783511557528516 0.2543905415574531 1520000.0
6.136654985915723 2.0783511557528516 0.2543905415574531 1520000.0
6.136654985915723 2.0783511557528516 0.2543905415574531 1520000.0
6.136654985915723 2.0783511557528516 0.2543905415574531 1520000.0
6.136654985915723 2.0783511557528516 0.2543905415574531 1520000.0
6.136654985915723 2.0783511557528516 0.2543905415574531 1520000.0
6.136654985915723 2.0783511557528516 0.2543905415574531 1520000.0
6.136654985915723 2.0783511557528516 0.2543905415574531 1520000.0
6.136654985915723 2.0783511557528516 0.2543905415574531 1520000.0
6.136654985915723 2.0783511557528516 0.2543905415574531 1520000.0
6.136654985915723 2.0783511557528516 0.2543905415574531 1520000.0
6.136654985915723 2.0783511557528516 0.2543905415574531 1520000.0
6.136654985915723 2.0783511557528516 0.2543905415574531 1520000.0
6.136654985915723 2.0783511557528516 0.2543905415574531 1520000.0
6.136654985915723 2.0783511557528516 0.2543905415574531 1520000.0
6.136654985915723 2.0783511557528516 0.2543905415574531 1520000.0
6.136654985915723 2.0783511557528516 0.2543905415574531 1520000.0
6.136654985915723 2.0783511557528516 0.2543905415574531 1520000.0
6.136654985915723 2.0783511557528516 0.2543905415574531 1520000.0
6.136654985915723 2.0783511557528516 0.2543905415574531 1520000.0
6.136654985915723 2.0783511557528516 0.2543905415574531 1520000.0
6.136654985915723 2.0783511557528516 0.2543905415574531 1520000.0
6.136654985915723 2.0783511557528516 0.2543905415574531 1520000.0
6.136654985915723 2.0783511557528516 0.2543905415574531 1520000.0
6.136654985915723 2.0783511557528516 0.2543905415574531 1520000.0
6.136654985915723 2.0783511557528516 0.2543905415574531 1520000.0
6.136654985915723 2.0783511557528516 0.2543905415574531 1520000.0
6.136654985915723 2.0783511557528516 0.2543905415574531 1520000.0
6.136654985915723 2.0783511557528516 0.2543905415574531 1520000.0
6.136654985915723 2.0783511557528516 0.2543905415574531 1520000.0
6.136654985915723 2.0783511557528516 0.2543905415574531 1520000.0
6.136654985915723 2.0783511557528516 0.2543905415574531 1520000.0
6.136654985915723 2.0783511557528516 0.2543905415574531 1520000.0
6.136654985915723 2.0783511557528516 0.2543905415574531 1520000.0
6.136654985915723 2.0783511557528516 0.2543905415574531 1520000.0
6.136654985915723 2.0783511557528516 0.2543905415574531 1520000.0
6.204533066302083 2.1197913921972753 0.2630665433147819 0.0 2,1,0 coil/filament1/filament2
6.191971198115839 2.119657805075039 0.3474807463461079 1520000.0
6.123156959814576 2.0800365110442582 0.33774659685355546 1520000.0
6.123156959814576 2.0800365110442582 0.33774659685355546 1520000.0
6.123156959814576 2.0800365110442582 0.33774659685355546 1520000.0
6.123156959814576 2.0800365110442582 0.33774659685355546 1520000.0
6.123156959814576 2.0800365110442582 0.33774659685355546 1520000.0
6.123156959814576 2.0800365110442582 0.33774659685355546 1520000.0
6.123156959814576 2.0800365110442582 0.33774659685355546 1520000.0
6.123156959814576 2.0800365110442582 0.33774659685355546 1520000.0
6.123156959814576 2.0800365110442582 0.33774659685355546 1520000.0
6.123156959814576 2.0800365110442582 0.33774659685355546 1520000.0
6.123156959814576 2.0800365110442582 0.33774659685355546 1520000.0
6.123156959814576 2.0800365110442582 0.33774659685355546 1520000.0
6.123156959814576 2.0800365110442582 0.33774659685355546 1520000.0
6.123156959814576 2.0800365110442582 0.33774659685355546 1520000.0
6.123156959814576 2.0800365110442582 0.33774659685355546 1520000.0
6.123156959814576 2.0800365110442582 0.33774659685355546 1520000.0
6.123156959814576 2.0800365110442582 0.33774659685355546 1520000.0
6.123156959814576 2.0800365110442582 0.33774659685355546 1520000.0
6.123156959814576 2.0800365110442582 0.33774659685355546 1520000.0
6.123156959814576 2.0800365110442582 0.33774659685355546 1520000.0
6.123156959814576 2.0800365110442582 0.33774659685355546 1520000.0
6.123156959814576 2.0800365110442582 0.33774659685355546 1520000.0
6.123156959814576 2.0800365110442582 0.33774659685355546 1520000.0
6.123156959814576 2.0800365110442582 0.33774659685355546 1520000.0
6.123156959814576 2.0800365110442582 0.33774659685355546 1520000.0
6.123156959814576 2.0800365110442582 0.33774659685355546 1520000.0
6.123156959814576 2.0800365110442582 0.33774659685355546 1520000.0
6.123156959814576 2.0800365110442582 0.33774659685355546 1520000.0
6.123156959814576 2.0800365110442582 0.33774659685355546 1520000.0
6.123156959814576 2.0800365110442582 0.33774659685355546 1520000.0
6.123156959814576 2.0800365110442582 0.33774659685355546 1520000.0
6.123156959814576 2.0800365110442582 0.33774659685355546 1520000.0
6.123156959814576 2.0800365110442582 0.33774659685355546 1520000.0
6.123156959814576 2.0800365110442582 0.33774659685355546 1520000.0
6.123156959814576 2.0800365110442582 0.33774659685355546 1520000.0
6.123156959814576 2.0800365110442582 0.33774659685355546 1520000.0
6.123156959814576 2.0800365110442582 0.33774659685355546 1520000.0
6.123156959814576 2.0800365110442582 0.33774659685355546 1520000.0
6.123156959814576 2.0800365110442582 0.33774659685355546 1520000.0
6.123156959814576 2.0800365110442582 0.33774659685355546 1520000.0
6.123156959814576 2.0800365110442582 0.33774659685355546 1520000.0
6.123156959814576 2.0800365110442582 0.33774659685355546 1520000.0
6.123156959814576 2.0800365110442582 0.33774659685355546 1520000.0
6.123156959814576 2.0800365110442582 0.33774659685355546 1520000.0
6.123156959814576 2.0800365110442582 0.33774659685355546 1520000.0
6.123156959814576 2.0800365110442582 0.33774659685355546 1520000.0
6.123156959814576 2.0800365110442582 0.33774659685355546 1520000.0
6.123156959814576 2.0800365110442582 0.33774659685355546 1520000.0
6.123156959814576 2.0800365110442582 0.33774659685355546 1520000.0
6.123156959814576 2.0800365110442582 0.33774659685355546 1520000.0
6.123156959814576 2.0800365110442582 0.33774659685355546 1520000.0
6.123156959814576 2.0800365110442582 0.33774659685355546 1520000.0
6.123156959814576 2.0800365110442582 0.33774659685355546 1520000.0
6.123156959814576 2.0800365110442582 0.33774659685355546 1520000.0
6.123156959814576 2.0800365110442582 0.33774659685355546 1520000.0
6.123156959814576 2.0800365110442582 0.33774659685355546 1520000.0
6.123156959814576 2.0800365110442582 0.33774659685355546 1520000.0
6.123156959814576 2.0800365110442582 0.33774659685355546 1520000.0
6.123156959814576 2.0800365110442582 0.33774659685355546 1520000.0
6.123156959814576 2.0800365110442582 0.33774659685355546 1520000.0
6.123156959814576 2.0800365110442582 0.33774659685355546 1520000.0
6.123156959814576 2.0800365110442582 0.33774659685355546 1520000.0
6.123156959814576 2.0800365110442582 0.33774659685355546 1520000.0
6.191971198115839 2.119657805075039 0.3474807463461079 0.0 2,1,1 coil/filament1/filament2
5.866418204331807 2.6846476258502006 0.19341197876877014 1520000.0
5.803285301034775 2.6443536045672027 0.16529386414255742 1520000.0
5.803285301034775 2.6443536045672027 0.16529386414255742 1520000.0
5.803285301034775 2.6443536045672027 0.16529386414255742 1520000.0
5.803285301034775 2.6443536045672027 0.16529386414255742 1520000.0
5.803285301034775 2.6443536045672027 0.16529386414255742 1520000.0
5.803285301034775 2.6443536045672027 0.16529386414255742 1520000.0
5.803285301034775 2.6443536045672027 0.16529386414255742 1520000.0
5.803285301034775 2.6443536045672027 0.16529386414255742 1520000.0
5.803285301034775 2.6443536045672027 0.16529386414255742 1520000.0
5.803285301034775 2.6443536045672027 0.16529386414255742 1520000.0
5.803285301034775 2.6443536045672027 0.16529386414255742 1520000.0
5.803285301034775 2.6443536045672027 0.16529386414255742 1520000.0
5.803285301034775 2.6443536045672027 0.16529386414255742 1520000.0
5.803285301034775 2.6443536045672027 0.16529386414255742 1520000.0
5.803285301034775 2.6443536045672027 0.16529386414255742 1520000.0
5.803285301034775 2.6443536045672027 0.16529386414255742 1520000.0
5.803285301034775 2.6443536045672027 0.16529386414255742 1520000.0
5.803285301034775 2.6443536045672027 0.16529386414255742 1520000.0
5.803285301034775 2.6443536045672027 0.16529386414255742 1520000.0
5.803285301034775 2.6443536045672027 0.16529386414255742 1520000.0
5.803285301034775 2.6443536045672027 0.16529386414255742 1520000.0
5.803285301034775 2.6443536045672027 0.16529386414255742 1520000.0
5.803285301034775 2.6443536045672027 0.16529386414255742 1520000.0
5.803285301034775 2.6443536045672027 0.16529386414255742 1520000.0
5.803285301034775 2.6443536045672027 0.16529386414255742 1520000.0
5.803285301034775 2.6443536045672027 0.16529386414255742 1520000.0
5.803285301034775 2.6443536045672027 0.16529386414255742 1520000.0
5.803285301034775 2.6443536045672027 0.16529386414255742 1520000.0
5.803285301034775 2.6443536045672027 0.16529386414255742 1520000.0
5.803285301034775 2.6443536045672027 0.16529386414255742 1520000.0
5.803285301034775 2.6443536045672027 0.16529386414255742 1520000.0
5.803285301034775 2.6443536045672027 0.16529386414255742 1520000.0
5.803285301034775 2.6443536045672027 0.16529386414255742 1520000.0
5.803285301034775 2.6443536045672027 0.16529386414255742 1520000.0
5.803285301034775 2.6443536045672027 0.16529386414255742 1520000.0
5.803285301034775 2.6443536045672027 0.16529386414255742 1520000.0
5.803285301034775 2.6443536045672027 0.16529386414255742 1520000.0
5.803285301034775 2.6443536045672027 0.16529386414255742 1520000.0
5.803285301034775 2.6443536045672027 0.16529386414255742 1520000.0
5.803285301034775 2.6443536045672027 0.16529386414255742 1520000.0
5.803285301034775 2.6443536045672027 0.16529386414255742 1520000.0
5.803285301034775 2.6443536045672027 0.16529386414255742 1520000.0
5.803285301034775 2.6443536045672027 0.16529386414255742 1520000.0
5.803285301034775 2.6443536045672027 0.16529386414255742 1520000.0
5.803285301034775 2.6443536045672027 0.16529386414255742 1520000.0
5.803285301034775 2.6443536045672027 0.16529386414255742 1520000.0
5.803285301034775 2.6443536045672027 0.16529386414255742 1520000.0
5.803285301034775 2.6443536045672027 0.16529386414255742 1520000.0
5.803285301034775 2.6443536045672027 0.16529386414255742 1520000.0
5.803285301034775 2.6443536045672027 0.16529386414255742 1520000.0
5.803285301034775 2.6443536045672027 0.16529386414255742 1520000.0
5.803285301034775 2.6443536045672027 0.16529386414255742 1520000.0
5.803285301034775 2.6443536045672027 0.16529386414255742 1520000.0
5.803285301034775 2.6443536045672027 0.16529386414255742 1520000.0
5.803285301034775 2.6443536045672027 0.16529386414255742 1520000.0
5.803285301034775 2.6443536045672027 0.16529386414255742 1520000.0
5.803285301034775 2.6443536045672027 0.16529386414255742 1520000.0
5.803285301034775 2.6443536045672027 0.16529386414255742 1520000.0
5.803285301034775 2.6443536045672027 0.16529386414255742 1520000.0
5.803285301034775 2.6443536045672027 0.16529386414255742 1520000.0
5.803285301034775 2.6443536045672027 0.16529386414255742 1520000.0
5.803285301034775 2.6443536045672027 0.16529386414255742 1520000.0
5.803285301034775 2.6443536045672027 0.16529386414255742 1520000.0
5.866418204331807 2.6846476258502006 0.19341197876877014 0.0 3,0,0 coil/filament1/filament2
5.800766830246163 2.70775498042662 0.29180569536450385 1520000.0
5.741278376684082 2.663469593958066 0.2618068880861653 1520000.0
5.741278376684082 2.663469593958066 0.2618068880861653 1520000.0
5.741278376684082 2.663469593958066 0.2618068880861653 1520000.0
5.741278376684082 2.663469593958066 0.2618068880861653 1520000.0
5.741278376684082 2.663469593958066 0.2618068880861653 1520000.0
5.741278376684082 2.663469593958066 0.2618068880861653 1520000.0
5.741278376684082 2.663469593958066 0.2618068880861653 1520000.0
5.741278376684082 2.663469593958066 0.2618068880861653 1520000.0
5.741278376684082 2.663469593958066 0.2618068880861653 1520000.0
5.741278376684082 2.663469593958066 0.2618068880861653 1520000.0
5.741278376684082 2.663469593958066 0.2618068880861653 1520000.0
5.741278376684082 2.663469593958066 0.2618068880861653 1520000.0
5.741278376684082 2.663469593958066 0.2618068880861653 1520000.0
5.741278376684082 2.663469593958066 0.2618068880861653 1520000.0
5.741278376684082 2.663469593958066 0.2618068880861653 1520000.0
5.741278376684082 2.663469593958066 0.2618068880861653 1520000.0
5.741278376684082 2.663469593958066 0.2618068880861653 1520000.0
5.741278376684082 2.663469593958066 0.2618068880861653 1520000.0
5.741278376684082 2.663469593958066 0.2618068880861653 1520000.0
5.741278376684082 2.663469593958066 0.2618068880861653 1520000.0
5.741278376684082 2.663469593958066 0.2618068880861653 1520000.0
5.741278376684082 2.663469593958066 0.2618068880861653 1520000.0
5.741278376684082 2.663469593958066 0.2618068880861653 1520000.0
5.741278376684082 2.663469593958066 0.2618068880861653 1520000.0
5.741278376684082 2.663469593958066 0.2618068880861653 1520000.0
5.741278376684082 2.663469593958066 0.2618068880861653 1520000.0
5.741278376684082 2.663469593958066 0.2618068880861653 1520000.0
5.741278376684082 2.663469593958066 0.2618068880861653 1520000.0
5.741278376684082 2.663469593958066 0.2618068880861653 1520000.0
5.741278376684082 2.663469593958066 0.2618068880861653 1520000.0
5.741278376684082 2.663469593958066 0.2618068880861653 1520000.0
5.741278376684082 2.663469593958066 0.2618068880861653 1520000.0
5.741278376684082 2.663469593958066 0.2618068880861653 1520000.0
5.741278376684082 2.663469593958066 0.2618068880861653 1520000.0
5.741278376684082 2.663469593958066 0.2618068880861653 1520000.0
5.741278376684082 2.663469593958066 0.2618068880861653 1520000.0
5.741278376684082 2.663469593958066 0.2618068880861653 1520000.0
5.741278376684082 2.663469593958066 0.2618068880861653 1520000.0
5.741278376684082 2.663469593958066 0.2618068880861653 1520000.0
5.741278376684082 2.663469593958066 0.2618068880861653 1520000.0
5.741278376684082 2.663469593958066 0.2618068880861653 1520000.0
5.741278376684082 2.663469593958066 0.2618068880861653 1520000.0
5.741278376684082 2.663469593958066 0.2618068880861653 1520000.0
5.741278376684082 2.663469593958066 0.2618068880861653 1520000.0
5.741278376684082 2.663469593958066 0.2618068880861653 1520000.0
5.741278376684082 2.663469593958066 0.2618068880861653 1520000.0
5.741278376684082 2.663469593958066 0.2618068880861653 1520000.0
5.741278376684082 2.663469593958066 0.2618068880861653 1520000.0
5.741278376684082 2.663469593958066 0.2618068880861653 1520000.0
5.741278376684082 2.663469593958066 0.2618068880861653 1520000.0
5.741278376684082 2.663469593958066 0.2618068880861653 1520000.0
5.741278376684082 2.663469593958066 0.2618068880861653 1520000.0
5.741278376684082 2.663469593958066 0.2618068880861653 1520000.0
5.741278376684082 2.663469593958066 0.2618068880861653 1520000.0
5.741278376684082 2.663469593958066 0.2618068880861653 1520000.0
5.741278376684082 2.663469593958066 0.2618068880861653 1520000.0
5.741278376684082 2.663469593958066 0.2618068880861653 1520000.0
5.741278376684082 2.663469593958066 0.2618068880861653 1520000.0
5.741278376684082 2.663469593958066 0.2618068880861653 1520000.0
5.741278376684082 2.663469593958066 0.2618068880861653 1520000.0
5.741278376684082 2.663469593958066 0.2618068880861653 1520000.0
5.741278376684082 2.663469593958066 0.2618068880861653 1520000.0
5.741278376684082 2.663469593958066 0.2618068880861653 1520000.0
5.800766830246163 2.70775498042662 0.29180569536450385 0.0 3,0,1 coil/filament1/filament2
5.8969731202160744 2.616599382037936 0.22232276619097557 1520000.0
5.833840216919042 2.576305360754938 0.19420465156476285 1520000.0
5.833840216919042 2.576305360754938 0.19420465156476285 1520000.0
5.833840216919042 2.576305360754938 0.19420465156476285 1520000.0
5.833840216919042 2.576305360754938 0.19420465156476285 1520000.0
5.833840216919042 2.576305360754938 0.19420465156476285 1520000.0
5.833840216919042 2.576305360754938 0.19420465156476285 1520000.0
5.833840216919042 2.576305360754938 0.19420465156476285 1520000.0
5.833840216919042 2.576305360754938 0.19420465156476285 1520000.0
5.833840216919042 2.576305360754938 0.19420465156476285 1520000.0
5.833840216919042 2.576305360754938 0.19420465156476285 1520000.0
5.833840216919042 2.576305360754938 0.19420465156476285 1520000.0
5.833840216919042 2.576305360754938 0.19420465156476285 1520000.0
5.833840216919042 2.576305360754938 0.19420465156476285 1520000.0
5.833840216919042 2.576305360754938 0.19420465156476285 1520000.0
5.833840216919042 2.576305360754938 0.19420465156476285 1520000.0
5.833840216919042 2.576305360754938 0.19420465156476285 1520000.0
5.833840216919042 2.576305360754938 0.19420465156476285 1520000.0
5.833840216919042 2.576305360754938 0.19420465156476285 1520000.0
5.833840216919042 2.576305360754938 0.19420465156476285 1520000.0
5.833840216919042 2.576305360754938 0.19420465156476285 1520000.0
5.833840216919042 2.576305360754938 0.19420465156476285 1520000.0
5.833840216919042 2.576305360754938 0.19420465156476285 1520000.0
5.833840216919042 2.576305360754938 0.19420465156476285 1520000.0
5.833840216919042 2.576305360754938 0.19420465156476285 1520000.0
5.833840216919042 2.576305360754938 0.19420465156476285 1520000.0
5.833840216919042 2.576305360754938 0.19420465156476285 1520000.0
5.833840216919042 2.576305360754938 0.19420465156476285 1520000.0
5.833840216919042 2.576305360754938 0.19420465156476285 1520000.0
5.833840216919042 2.576305360754938 0.19420465156476285 1520000.0
5.833840216919042 2.576305360754938 0.19420465156476285 1520000.0
5.833840216919042 2.576305360754938 0.19420465156476285 1520000.0
5.833840216919042 2.576305360754938 0.19420465156476285 1520000.0
5.833840216919042 2.576305360754938 0.19420465156476285 1520000.0
5.833840216919042 2.576305360754938 0.19420465156476285 1520000.0
5.833840216919042 2.576305360754938 0.19420465156476285 1520000.0
5.833840216919042 2.576305360754938 0.19420465156476285 1520000.0
5.833840216919042 2.576305360754938 0.19420465156476285 1520000.0
5.833840216919042 2.576305360754938 0.19420465156476285 1520000.0
5.833840216919042 2.576305360754938 0.19420465156476285 1520000.0
5.833840216919042 2.576305360754938 0.19420465156476285 1520000.0
5.833840216919042 2.576305360754938 0.19420465156476285 1520000.0
5.833840216919042 2.576305360754938 0.19420465156476285 1520000.0
5.833840216919042 2.576305360754938 0.19420465156476285 1520000.0
5.833840216919042 2.576305360754938 0.19420465156476285 1520000.0
5.833840216919042 2.576305360754938 0.19420465156476285 1520000.0
5.833840216919042 2.576305360754938 0.19420465156476285 1520000.0
5.833840216919042 2.576305360754938 0.19420465156476285 1520000.0
5.833840216919042 2.576305360754938 0.19420465156476285 1520000.0
5.833840216919042 2.576305360754938 0.19420465156476285 1520000.0
5.833840216919042 2.576305360754938 0.19420465156476285 1520000.0
5.833840216919042 2.576305360754938 0.19420465156476285 1520000.0
5.833840216919042 2.576305360754938 0.19420465156476285 1520000.0
5.833840216919042 2.576305360754938 0.19420465156476285 1520000.0
5.833840216919042 2.576305360754938 0.19420465156476285 1520000.0
5.833840216919042 2.576305360754938 0.19420465156476285 1520000.0
5.833840216919042 2.576305360754938 0.19420465156476285 1520000.0
5.833840216919042 2.576305360754938 0.19420465156476285 1520000.0
5.833840216919042 2.576305360754938 0.19420465156476285 1520000.0
5.833840216919042 2.576305360754938 0.19420465156476285 1520000.0
5.833840216919042 2.576305360754938 0.19420465156476285 1520000.0
5.833840216919042 2.576305360754938 0.19420465156476285 1520000.0
5.833840216919042 2.576305360754938 0.19420465156476285 1520000.0
5.833840216919042 2.576305360754938 0.19420465156476285 1520000.0
5.8969731202160744 2.616599382037936 0.22232276619097557 0.0 3,1,0 coil/filament1/filament2
5.829704149904939 2.64337573760696 0.3294613008560257 1520000.0
5.7702156963428575 2.5990903511384063 0.29946249357768717 1520000.0
5.7702156963428575 2.5990903511384063 0.29946249357768717 1520000.0
5.7702156963428575 2.5990903511384063 0.29946249357768717 1520000.0
5.7702156963428575 2.5990903511384063 0.29946249357768717 1520000.0
5.7702156963428575 2.5990903511384063 0.29946249357768717 1520000.0
5.7702156963428575 2.5990903511384063 0.29946249357768717 1520000.0
5.7702156963428575 2.5990903511384063 0.29946249357768717 1520000.0
5.7702156963428575 2.5990903511384063 0.29946249357768717 1520000.0
5.7702156963428575 2.5990903511384063 0.29946249357768717 1520000.0
5.7702156963428575 2.5990903511384063 0.29946249357768717 1520000.0
5.7702156963428575 2.5990903511384063 0.29946249357768717 1520000.0
5.7702156963428575 2.5990903511384063 0.29946249357768717 1520000.0
5.7702156963428575 2.5990903511384063 0.29946249357768717 1520000.0
5.7702156963428575 2.5990903511384063 0.29946249357768717 1520000.0
5.7702156963428575 2.5990903511384063 0.29946249357768717 1520000.0
5.7702156963428575 2.5990903511384063 0.29946249357768717 1520000.0
5.7702156963428575 2.5990903511384063 0.29946249357768717 1520000.0
5.7702156963428575 2.5990903511384063 0.29946249357768717 1520000.0
5.7702156963428575 2.5990903511384063 0.29946249357768717 1520000.0
5.7702156963428575 2.5990903511384063 0.29946249357768717 1520000.0
5.7702156963428575 2.5990903511384063 0.29946249357768717 1520000.0
5.7702156963428575 2.5990903511384063 0.29946249357768717 1520000.0
5.7702156963428575 2.5990903511384063 0.29946249357768717 1520000.0
5.7702156963428575 2.5990903511384063 0.29946249357768717 1520000.0
5.7702156963428575 2.5990903511384063 0.29946249357768717 1520000.0
5.7702156963428575 2.5990903511384063 0.29946249357768717 1520000.0
5.7702156963428575 2.5990903511384063 0.29946249357768717 1520000.0
5.7702156963428575 2.5990903511384063 0.29946249357768717 1520000.0
5.7702156963428575 2.5990903511384063 0.29946249357768717 1520000.0
5.7702156963428575 2.5990903511384063 0.29946249357768717 1520000.0
5.7702156963428575 2.5990903511384063 0.29946249357768717 1520000.0
5.7702156963428575 2.5990903511384063 0.29946249357768717 1520000.0
5.7702156963428575 2.5990903511384063 0.29946249357768717 1520000.0
5.7702156963428575 2.5990903511384063 0.29946249357768717 1520000.0
5.7702156963428575 2.5990903511384063 0.29946249357768717 1520000.0
5.7702156963428575 2.5990903511384063 0.29946249357768717 1520000.0
5.7702156963428575 2.5990903511384063 0.29946249357768717 1520000.0
5.7702156963428575 2.5990903511384063 0.29946249357768717 1520000.0
5.7702156963428575 2.5990903511384063 0.29946249357768717 1520000.0
5.7702156963428575 2.5990903511384063 0.29946249357768717 1520000.0
5.7702156963428575 2.5990903511384063 0.29946249357768717 1520000.0
5.7702156963428575 2.5990903511384063 0.29946249357768717 1520000.0
5.7702156963428575 2.5990903511384063 0.29946249357768717 1520000.0
5.7702156963428575 2.5990903511384063 0.29946249357768717 1520000.0
5.7702156963428575 2.5990903511384063 0.29946249357768717 1520000.0
5.7702156963428575 2.5990903511384063 0.29946249357768717 1520000.0
5.7702156963428575 2.5990903511384063 0.29946249357768717 1520000.0
5.7702156963428575 2.5990903511384063 0.29946249357768717 1520000.0
5.7702156963428575 2.5990903511384063 0.29946249357768717 1520000.0
5.7702156963428575 2.5990903511384063 0.29946249357768717 1520000.0
5.7702156963428575 2.5990903511384063 0.29946249357768717 1520000.0
5.7702156963428575 2.5990903511384063 0.29946249357768717 1520000.0
5.7702156963428575 2.5990903511384063 0.29946249357768717 1520000.0
5.7702156963428575 2.5990903511384063 0.29946249357768717 1520000.0
5.7702156963428575 2.5990903511384063 0.29946249357768717 1520000.0
5.7702156963428575 2.5990903511384063 0.29946249357768717 1520000.0
5.7702156963428575 2.5990903511384063 0.29946249357768717 1520000.0
5.7702156963428575 2.5990903511384063 0.29946249357768717 1520000.0
5.7702156963428575 2.5990903511384063 0.29946249357768717 1520000.0
5.7702156963428575 2.5990903511384063 0.29946249357768717 1520000.0
5.7702156963428575 2.5990903511384063 0.29946249357768717 1520000.0
5.7702156963428575 2.5990903511384063 0.29946249357768717 1520000.0
5.7702156963428575 2.5990903511384063 0.29946249357768717 1520000.0
5.829704149904939 2.64337573760696 0.3294613008560257 0.0 3,1,1 coil/filament1/filament2
5.5048414630946105 3.3502861161291655 0.08709723775947768 1520000.0
5.431262924266812 3.319325051840802 0.08184260912388808 1520000.0
5.431262924266812 3.319325051840802 0.08184260912388808 1520000.0
5.431262924266812 3.319325051840802 0.08184260912388808 1520000.0
5.431262924266812 3.319325051840802 0.08184260912388808 1520000.0
5.431262924266812 3.319325051840802 0.08184260912388808 1520000.0
5.431262924266812 3.319325051840802 0.08184260912388808 1520000.0
5.431262924266812 3.319325051840802 0.08184260912388808 1520000.0
5.431262924266812 3.319325051840802 0.08184260912388808 1520000.0
5.431262924266812 3.319325051840802 0.08184260912388808 1520000.0
5.431262924266812 3.319325051840802 0.08184260912388808 1520000.0
5.431262924266812 3.319325051840802 0.08184260912388808 1520000.0
5.431262924266812 3.319325051840802 0.08184260912388808 1520000.0
5.431262924266812 3.319325051840802 0.08184260912388808 1520000.0
5.431262924266812 3.319325051840802 0.08184260912388808 1520000.0
5.431262924266812 3.319325051840802 0.08184260912388808 1520000.0
5.431262924266812 3.319325051840802 0.08184260912388808 1520000.0
5.431262924266812 3.319325051840802 0.08184260912388808 1520000.0
5.431262924266812 3.319325051840802 0.08184260912388808 1520000.0
5.431262924266812 3.319325051840802 0.08184260912388808 1520000.0
5.431262924266812 3.319325051840802 0.08184260912388808 1520000.0
5.431262924266812 3.319325051840802 0.08184260912388808 1520000.0
5.431262924266812 3.319325051840802 0.08184260912388808 1520000.0
5.431262924266812 3.319325051840802 0.08184260912388808 1520000.0
5.431262924266812 3.319325051840802 0.08184260912388808 1520000.0
5.431262924266812 3.319325051840802 0.08184260912388808 1520000.0
5.431262924266812 3.319325051840802 0.08184260912388808 1520000.0
5.431262924266812 3.319325051840802 0.08184260912388808 1520000.0
5.431262924266812 3.319325051840802 0.08184260912388808 1520000.0
5.431262924266812 3.319325051840802 0.08184260912388808 1520000.0
5.431262924266812 3.319325051840802 0.08184260912388808 1520000.0
5.431262924266812 3.319325051840802 0.08184260912388808 1520000.0
5.431262924266812 3.319325051840802 0.08184260912388808 1520000.0
5.431262924266812 3.319325051840802 0.08184260912388808 1520000.0
5.431262924266812 3.319325051840802 0.08184260912388808 1520000.0
5.431262924266812 3.319325051840802 0.08184260912388808 1520000.0
5.431262924266812 3.319325051840802 0.08184260912388808 1520000.0
5.431262924266812 3.319325051840802 0.08184260912388808 1520000.0
5.431262924266812 3.319325051840802 0.08184260912388808 1520000.0
5.431262924266812 3.319325051840802 0.08184260912388808 1520000.0
5.431262924266812 3.319325051840802 0.08184260912388808 1520000.0
5.431262924266812 3.319325051840802 0.08184260912388808 1520000.0
5.431262924266812 3.319325051840802 0.08184260912388808 1520000.0
5.431262924266812 3.319325051840802 0.08184260912388808 1520000.0
5.431262924266812 3.319325051840802 0.08184260912388808 1520000.0
5.431262924266812 3.319325051840802 0.08184260912388808 1520000.0
5.431262924266812 3.319325051840802 0.08184260912388808 1520000.0
5.431262924266812 3.319325051840802 0.08184260912388808 1520000.0
5.431262924266812 3.319325051840802 0.08184260912388808 1520000.0
5.431262924266812 3.319325051840802 0.08184260912388808 1520000.0
5.431262924266812 3.319325051840802 0.08184260912388808 1520000.0
5.431262924266812 3.319325051840802 0.08184260912388808 1520000.0
5.431262924266812 3.319325051840802 0.08184260912388808 1520000.0
5.431262924266812 3.319325051840802 0.08184260912388808 1520000.0
5.431262924266812 3.319325051840802 0.08184260912388808 1520000.0
5.431262924266812 3.319325051840802 0.08184260912388808 1520000.0
5.431262924266812 3.319325051840802 0.08184260912388808 1520000.0
5.431262924266812 3.319325051840802 0.08184260912388808 1520000.0
5.431262924266812 3.319325051840802 0.08184260912388808 1520000.0
5.431262924266812 3.319325051840802 0.08184260912388808 1520000.0
5.431262924266812 3.319325051840802 0.08184260912388808 1520000.0
5.431262924266812 3.319325051840802 0.08184260912388808 1520000.0
5.431262924266812 3.319325051840802 0.08184260912388808 1520000.0
5.431262924266812 3.319325051840802 0.08184260912388808 1520000.0
5.5048414630946105 3.3502861161291655 0.08709723775947768 0.0 4,0,0 coil/filament1/filament2
5.510162003911426 3.2806784304194703 0.19915767334343526 1520000.0
5.43663562227127 3.25686083634222 0.17850353537359107 1520000.0
5.43663562227127 3.25686083634222 0.17850353537359107 1520000.0
5.43663562227127 3.25686083634222 0.17850353537359107 1520000.0
5.43663562227127 3.25686083634222 0.17850353537359107 1520000.0
5.43663562227127 3.25686083634222 0.17850353537359107 1520000.0
5.43663562227127 3.25686083634222 0.17850353537359107 1520000.0
5.43663562227127 3.25686083634222 0.17850353537359107 1520000.0
5.43663562227127 3.25686083634222 0.17850353537359107 1520000.0
5.43663562227127 3.25686083634222 0.17850353537359107 1520000.0
5.43663562227127 3.25686083634222 0.17850353537359107 1520000.0
5.43663562227127 3.25686083634222 0.17850353537359107 1520000.0
5.43663562227127 3.25686083634222 0.17850353537359107 1520000.0
5.43663562227127 3.25686083634222 0.17850353537359107 1520000.0
5.43663562227127 3.25686083634222 0.17850353537359107 1520000.0
5.43663562227127 3.25686083634222 0.17850353537359107 1520000.0
5.43663562227127 3.25686083634222 0.17850353537359107 1520000.0
5.43663562227127 3.25686083634222 0.17850353537359107 1520000.0
5.43663562227127 3.25686083634222 0.17850353537359107 1520000.0
5.43663562227127 3.25686083634222 0.17850353537359107 1520000.0
5.43663562227127 3.25686083634222 0.17850353537359107 1520000.0
5.43663562227127 3.25686083634222 0.17850353537359107 1520000.0
5.43663562227127 3.25686083634222 0.17850353537359107 1520000.0
5.43663562227127 3.25686083634222 0.17850353537359107 1520000.0
5.43663562227127 3.25686083634222 0.17850353537359107 1520000.0
5.43663562227127 3.25686083634222 0.17850353537359107 1520000.0
5.43663562227127 3.25686083634222 0.17850353537359107 1520000.0
5.43663562227127 3.25686083634222 0.17850353537359107 1520000.0
5.43663562227127 3.25686083634222 0.17850353537359107 1520000.0
5.43663562227127 3.25686083634222 0.17850353537359107 1520000.0
5.43663562227127 3.25686083634222 0.17850353537359107 1520000.0
5.43663562227127 3.25686083634222 0.17850353537359107 1520000.0
5.43663562227127 3.25686083634222 0.17850353537359107 1520000.0
5.43663562227127 3.25686083634222 0.17850353537359107 1520000.0
5.43663562227127 3.25686083634222 0.17850353537359107 1520000.0
5.43663562227127 3.25686083634222 0.17850353537359107 1520000.0
5.43663562227127 3.25686083634222 0.17850353537359107 1520000.0
5.43663562227127 3.25686083634222 0.17850353537359107 1520000.0
5.43663562227127 3.25686083634222 0.17850353537359107 1520000.0
5.43663562227127 3.25686083634222 0.17850353537359107 1520000.0
5.43663562227127 3.25686083634222 0.17850353537359107 1520000.0
5.43663562227127 3.25686083634222 0.17850353537359107 1520000.0
5.43663562227127 3.25686083634222 0.17850353537359107 1520000.0
5.43663562227127 3.25686083634222 0.17850353537359107 1520000.0
5.43663562227127 3.25686083634222 0.17850353537359107 1520000.0
5.43663562227127 3.25686083634222 0.17850353537359107 1520000.0
5.43663562227127 3.25686083634222 0.17850353537359107 1520000.0
5.43663562227127 3.25686083634222 0.17850353537359107 1520000.0
5.43663562227127 3.25686083634222 0.17850353537359107 1520000.0
5.43663562227127 3.25686083634222 0.17850353537359107 1520000.0
5.43663562227127 3.25686083634222 0.17850353537359107 1520000.0
5.43663562227127 3.25686083634222 0.17850353537359107 1520000.0
5.43663562227127 3.25686083634222 0.17850353537359107 1520000.0
5.43663562227127 3.25686083634222 0.17850353537359107 1520000.0
5.43663562227127 3.25686083634222 0.17850353537359107 1520000.0
5.43663562227127 3.25686083634222 0.17850353537359107 1520000.0
5.43663562227127 3.25686083634222 0.17850353537359107 1520000.0
5.43663562227127 3.25686083634222 0.17850353537359107 1520000.0
5.43663562227127 3.25686083634222 0.17850353537359107 1520000.0
5.43663562227127 3.25686083634222 0.17850353537359107 1520000.0
5.43663562227127 3.25686083634222 0.17850353537359107 1520000.0
5.43663562227127 3.25686083634222 0.17850353537359107 1520000.0
5.43663562227127 3.25686083634222 0.17850353537359107 1520000.0
5.43663562227127 3.25686083634222 0.17850353537359107 1520000.0
5.510162003911426 3.2806784304194703 0.19915767334343526 0.0 4,0,1 coil/filament1/filament2
5.533025789947634 3.2910856318150934 0.04126115615533996 1520000.0
5.459447251119835 3.26012456752673 0.036006527519750364 1520000.0
5.459447251119835 3.26012456752673 0.036006527519750364 1520000.0
5.459447251119835 3.26012456752673 0.036006527519750364 1520000.0
5.459447251119835 3.26012456752673 0.036006527519750364 1520000.0
5.459447251119835 3.26012456752673 0.036006527519750364 1520000.0
5.459447251119835 3.26012456752673 0.036006527519750364 1520000.0
5.459447251119835 3.26012456752673 0.036006527519750364 1520000.0
5.459447251119835 3.26012456752673 0.036006527519750364 1520000.0
5.459447251119835 3.26012456752673 0.036006527519750364 1520000.0
5.459447251119835 3.26012456752673 0.036006527519750364 1520000.0
5.459447251119835 3.26012456752673 0.036006527519750364 1520000.0
5.459447251119835 3.26012456752673 0.036006527519750364 1520000.0
5.459447251119835 3.26012456752673 0.036006527519750364 1520000.0
5.459447251119835 3.26012456752673 0.036006527519750364 1520000.0
5.459447251119835 3.26012456752673 0.036006527519750364 1520000.0
5.459447251119835 3.26012456752673 0.036006527519750364 1520000.0
5.459447251119835 3.26012456752673 0.036006527519750364 1520000.0
5.459447251119835 3.26012456752673 0.036006527519750364 1520000.0
5.459447251119835 3.26012456752673 0.036006527519750364 1520000.0
5.459447251119835 3.26012456752673 0.036006527519750364 1520000.0
5.459447251119835 3.26012456752673 0.036006527519750364 1520000.0
5.459447251119835 3.26012456752673 0.036006527519750364 1520000.0
5.459447251119835 3.26012456752673 0.036006527519750364 1520000.0
5.459447251119835 3.26012456752673 0.036006527519750364 1520000.0
5.459447251119835 3.26012456752673 0.036006527519750364 1520000.0
5.459447251119835 3.26012456752673 0.036006527519750364 1520000.0
5.459447251119835 3.26012456752673 0.036006527519750364 1520000.0
5.459447251119835 3.26012456752673 0.036006527519750364 1520000.0
5.459447251119835 3.26012456752673 0.036006527519750364 1520000.0
5.459447251119835 3.26012456752673 0.036006527519750364 1520000.0
5.459447251119835 3.26012456752673 0.036006527519750364 1520000.0
5.459447251119835 3.26012456752673 0.036006527519750364 1520000.0
5.459447251119835 3.26012456752673 0.036006527519750364 1520000.0
5.459447251119835 3.26012456752673 0.036006527519750364 1520000.0
5.459447251119835 3.26012456752673 0.036006527519750364 1520000.0
5.459447251119835 3.26012456752673 0.036006527519750364 1520000.0
5.459447251119835 3.26012456752673 0.036006527519750364 1520000.0
5.459447251119835 3.26012456752673 0.036006527519750364 1520000.0
5.459447251119835 3.26012456752673 0.036006527519750364 1520000.0
5.459447251119835 3.26012456752673 0.036006527519750364 1520000.0
5.459447251119835 3.26012456752673 0.036006527519750364 1520000.0
5.459447251119835 3.26012456752673 0.036006527519750364 1520000.0
5.459447251119835 3.26012456752673 0.036006527519750364 1520000.0
5.459447251119835 3.26012456752673 0.036006527519750364 1520000.0
5.459447251119835 3.26012456752673 0.036006527519750364 1520000.0
5.459447251119835 3.26012456752673 0.036006527519750364 1520000.0
5.459447251119835 3.26012456752673 0.036006527519750364 1520000.0
5.459447251119835 3.26012456752673 0.036006527519750364 1520000.0
5.459447251119835 3.26012456752673 0.036006527519750364 1520000.0
5.459447251119835 3.26012456752673 0.036006527519750364 1520000.0
5.459447251119835 3.26012456752673 0.036006527519750364 1520000.0
5.459447251119835 3.26012456752673 0.036006527519750364 1520000.0
5.459447251119835 3.26012456752673 0.036006527519750364 1520000.0
5.459447251119835 3.26012456752673 0.036006527519750364 1520000.0
5.459447251119835 3.26012456752673 0.036006527519750364 1520000.0
5.459447251119835 3.26012456752673 0.036006527519750364 1520000.0
5.459447251119835 3.26012456752673 0.036006527519750364 1520000.0
5.459447251119835 3.26012456752673 0.036006527519750364 1520000.0
5.459447251119835 3.26012456752673 0.036006527519750364 1520000.0
5.459447251119835 3.26012456752673 0.036006527519750364 1520000.0
5.459447251119835 3.26012456752673 0.036006527519750364 1520000.0
5.459447251119835 3.26012456752673 0.036006527519750364 1520000.0
5.459447251119835 3.26012456752673 0.036006527519750364 1520000.0
5.533025789947634 3.2910856318150934 0.04126115615533996 0.0 4,1,0 coil/filament1/filament2
5.540984429866734 3.215359675986745 0.16475653415318584 1520000.0
5.467458048226578 3.191542081909495 0.14410239618334164 1520000.0
5.467458048226578 3.191542081909495 0.14410239618334164 1520000.0
5.467458048226578 3.191542081909495 0.14410239618334164 1520000.0
5.467458048226578 3.191542081909495 0.14410239618334164 1520000.0
5.467458048226578 3.191542081909495 0.14410239618334164 1520000.0
5.467458048226578 3.191542081909495 0.14410239618334164 1520000.0
5.467458048226578 3.191542081909495 0.14410239618334164 1520000.0
5.467458048226578 3.191542081909495 0.14410239618334164 1520000.0
5.467458048226578 3.191542081909495 0.14410239618334164 1520000.0
5.467458048226578 3.191542081909495 0.14410239618334164 1520000.0
5.467458048226578 3.191542081909495 0.14410239618334164 1520000.0
5.467458048226578 3.191542081909495 0.14410239618334164 1520000.0
5.467458048226578 3.191542081909495 0.14410239618334164 1520000.0
5.467458048226578 3.191542081909495 0.14410239618334164 1520000.0
5.467458048226578 3.191542081909495 0.14410239618334164 1520000.0
5.467458048226578 3.191542081909495 0.14410239618334164 1520000.0
5.467458048226578 3.191542081909495 0.14410239618334164 1520000.0
5.467458048226578 3.191542081909495 0.14410239618334164 1520000.0
5.467458048226578 3.191542081909495 0.14410239618334164 1520000.0
5.467458048226578 3.191542081909495 0.14410239618334164 1520000.0
5.467458048226578 3.191542081909495 0.14410239618334164 1520000.0
5.467458048226578 3.191542081909495 0.14410239618334164 1520000.0
5.467458048226578 3.191542081909495 0.14410239618334164 1520000.0
5.467458048226578 3.191542081909495 0.14410239618334164 1520000.0
5.467458048226578 3.191542081909495 0.14410239618334164 1520000.0
5.467458048226578 3.191542081909495 0.14410239618334164 1520000.0
5.467458048226578 3.191542081909495 0.14410239618334164 1520000.0
5.467458048226578 3.191542081909495 0.14410239618334164 1520000.0
5.467458048226578 3.191542081909495 0.14410239618334164 1520000.0
5.467458048226578 3.191542081909495 0.14410239618334164 1520000.0
5.467458048226578 3.191542081909495 0.14410239618334164 1520000.0
5.467458048226578 3.191542081909495 0.14410239618334164 1520000.0
5.467458048226578 3.191542081909495 0.14410239618334164 1520000.0
5.467458048226578 3.191542081909495 0.14410239618334164 1520000.0
5.467458048226578 3.191542081909495 0.14410239618334164 1520000.0
5.467458048226578 3.191542081909495 0.14410239618334164 1520000.0
5.467458048226578 3.191542081909495 0.14410239618334164 1520000.0
5.467458048226578 3.191542081909495 0.14410239618334164 1520000.0
5.467458048226578 3.191542081909495 0.14410239618334164 1520000.0
5.467458048226578 3.191542081909495 0.14410239618334164 1520000.0
5.467458048226578 3.191542081909495 0.14410239618334164 1520000.0
5.467458048226578 3.191542081909495 0.14410239618334164 1520000.0
5.467458048226578 3.191542081909495 0.14410239618334164 1520000.0
5.467458048226578 3.191542081909495 0.14410239618334164 1520000.0
5.467458048226578 3.191542081909495 0.14410239618334164 1520000.0
5.467458048226578 3.191542081909495 0.14410239618334164 1520000.0
5.467458048226578 3.191542081909495 0.14410239618334164 1520000.0
5.467458048226578 3.191542081909495 0.14410239618334164 1520000.0
5.467458048226578 3.191542081909495 0.14410239618334164 1520000.0
5.467458048226578 3.191542081909495 0.14410239618334164 1520000.0
5.467458048226578 3.191542081909495 0.14410239618334164 1520000.0
5.467458048226578 3.191542081909495 0.14410239618334164 1520000.0
5.467458048226578 3.191542081909495 0.14410239618334164 1520000.0
5.467458048226578 3.191542081909495 0.14410239618334164 1520000.0
5.467458048226578 3.191542081909495 0.14410239618334164 1520000.0
5.467458048226578 3.191542081909495 0.14410239618334164 1520000.0
5.467458048226578 3.191542081909495 0.14410239618334164 1520000.0
5.467458048226578 3.191542081909495 0.14410239618334164 1520000.0
5.467458048226578 3.191542081909495 0.14410239618334164 1520000.0
5.467458048226578 3.191542081909495 0.14410239618334164 1520000.0
5.467458048226578 3.191542081909495 0.14410239618334164 1520000.0
5.467458048226578 3.191542081909495 0.14410239618334164 1520000.0
5.467458048226578 3.191542081909495 0.14410239618334164 1520000.0
5.540984429866734 3.215359675986745 0.16475653415318584 0.0 4,1,1 coil/filament1/filament2
