periods 0
begin filament
FOCUSADD Coils
2.29314883819229 0.3448803948014789 0.017600017706488256 600000.0
2.29314883819229 0.3448803948014789 0.017600017706488256 600000.0
2.29314883819229 0.3448803948014789 0.017600017706488256 600000.0
2.29314883819229 0.3448803948014789 0.017600017706488256 600000.0
2.29314883819229 0.3448803948014789 0.017600017706488256 600000.0
2.29314883819229 0.3448803948014789 0.017600017706488256 600000.0
2.29314883819229 0.3448803948014789 0.017600017706488256 600000.0
2.29314883819229 0.3448803948014789 0.017600017706488256 600000.0
2.29314883819229 0.3448803948014789 0.017600017706488256 600000.0
2.29314883819229 0.3448803948014789 0.017600017706488256 600000.0
2.29314883819229 0.3448803948014789 0.017600017706488256 600000.0
2.29314883819229 0.3448803948014789 0.017600017706488256 600000.0
2.29314883819229 0.3448803948014789 0.017600017706488256 600000.0
2.29314883819229 0.3448803948014789 0.017600017706488256 600000.0
2.29314883819229 0.3448803948014789 0.017600017706488256 600000.0
2.29314883819229 0.3448803948014789 0.017600017706488256 600000.0
2.29314883819229 0.3448803948014789 0.017600017706488256 600000.0
2.29314883819229 0.3448803948014789 0.017600017706488256 600000.0
2.29314883819229 0.3448803948014789 0.017600017706488256 600000.0
2.29314883819229 0.3448803948014789 0.017600017706488256 600000.0
2.29314883819229 0.3448803948014789 0.017600017706488256 600000.0
2.29314883819229 0.3448803948014789 0.017600017706488256 600000.0
2.29314883819229 0.3448803948014789 0.017600017706488256 600000.0
2.29314883819229 0.3448803948014789 0.017600017706488256 600000.0
2.29314883819229 0.3448803948014789 0.017600017706488256 600000.0
2.29314883819229 0.3448803948014789 0.017600017706488256 600000.0
2.29314883819229 0.3448803948014789 0.017600017706488256 600000.0
2.29314883819229 0.3448803948014789 0.017600017706488256 600000.0
2.29314883819229 0.3448803948014789 0.017600017706488256 600000.0
2.29314883819229 0.3448803948014789 0.017600017706488256 600000.0
2.29314883819229 0.3448803948014789 0.017600017706488256 600000.0
2.29314883819229 0.3448803948014789 0.017600017706488256 600000.0
2.29314883819229 0.3448803948014789 0.017600017706488256 600000.0
2.29314883819229 0.3448803948014789 0.017600017706488256 600000.0
2.29314883819229 0.3448803948014789 0.017600017706488256 600000.0
2.29314883819229 0.3448803948014789 0.017600017706488256 600000.0
2.29314883819229 0.3448803948014789 0.017600017706488256 600000.0
2.29314883819229 0.3448803948014789 0.017600017706488256 600000.0
2.29314883819229 0.3448803948014789 0.017600017706488256 600000.0
2.29314883819229 0.3448803948014789 0.017600017706488256 600000.0
2.29314883819229 0.3448803948014789 0.017600017706488256 600000.0
2.29314883819229 0.3448803948014789 0.017600017706488256 600000.0
2.29314883819229 0.3448803948014789 0.017600017706488256 600000.0
2.29314883819229 0.3448803948014789 0.017600017706488256 600000.0
2.29314883819229 0.3448803948014789 0.017600017706488256 600000.0
2.29314883819229 0.3448803948014789 0.017600017706488256 600000.0
2.29314883819229 0.3448803948014789 0.017600017706488256 600000.0
2.29314883819229 0.3448803948014789 0.017600017706488256 600000.0
2.29314883819229 0.3448803948014789 0.017600017706488256 600000.0
2.29314883819229 0.3448803948014789 0.017600017706488256 600000.0
2.29314883819229 0.3448803948014789 0.017600017706488256 600000.0
2.29314883819229 0.3448803948014789 0.017600017706488256 600000.0
2.29314883819229 0.3448803948014789 0.017600017706488256 600000.0
2.29314883819229 0.3448803948014789 0.017600017706488256 600000.0
2.29314883819229 0.3448803948014789 0.017600017706488256 600000.0
2.29314883819229 0.3448803948014789 0.017600017706488256 600000.0
2.29314883819229 0.3448803948014789 0.017600017706488256 600000.0
2.29314883819229 0.3448803948014789 0.017600017706488256 600000.0
2.29314883819229 0.3448803948014789 0.017600017706488256 600000.0
2.29314883819229 0.3448803948014789 0.017600017706488256 600000.0
2.29314883819229 0.3448803948014789 0.017600017706488256 600000.0
2.29314883819229 0.3448803948014789 0.017600017706488256 600000.0
2.29314883819229 0.3448803948014789 0.017600017706488256 600000.0
2.29314883819229 0.3448803948014789 0.017600017706488256 600000.0
2.29314883819229 0.3448803948014789 0.017600017706488256 0.0 0,0,0 coil/filament1/filament2
1.8920220087080275 1.0616992446706233 -0.04545811228393797 600000.0
1.8920220087080275 1.0616992446706233 -0.04545811228393797 600000.0
1.8920220087080275 1.0616992446706233 -0.04545811228393797 600000.0
1.8920220087080275 1.0616992446706233 -0.04545811228393797 600000.0
1.8920220087080275 1.0616992446706233 -0.04545811228393797 600000.0
1.8920220087080275 1.0616992446706233 -0.04545811228393797 600000.0
1.8920220087080275 1.0616992446706233 -0.04545811228393797 600000.0
1.8920220087080275 1.0616992446706233 -0.04545811228393797 600000.0
1.8920220087080275 1.0616992446706233 -0.04545811228393797 600000.0
1.8920220087080275 1.0616992446706233 -0.04545811228393797 600000.0
1.8920220087080275 1.0616992446706233 -0.04545811228393797 600000.0
1.8920220087080275 1.0616992446706233 -0.04545811228393797 600000.0
1.8920220087080275 1.0616992446706233 -0.04545811228393797 600000.0
1.8920220087080275 1.0616992446706233 -0.04545811228393797 600000.0
1.8920220087080275 1.0616992446706233 -0.04545811228393797 600000.0
1.8920220087080275 1.0616992446706233 -0.04545811228393797 600000.0
1.8920220087080275 1.0616992446706233 -0.04545811228393797 600000.0
1.8920220087080275 1.0616992446706233 -0.04545811228393797 600000.0
1.8920220087080275 1.0616992446706233 -0.04545811228393797 600000.0
1.8920220087080275 1.0616992446706233 -0.04545811228393797 600000.0
1.8920220087080275 1.0616992446706233 -0.04545811228393797 600000.0
1.8920220087080275 1.0616992446706233 -0.04545811228393797 600000.0
1.8920220087080275 1.0616992446706233 -0.04545811228393797 600000.0
1.8920220087080275 1.0616992446706233 -0.04545811228393797 600000.0
1.8920220087080275 1.0616992446706233 -0.04545811228393797 600000.0
1.8920220087080275 1.0616992446706233 -0.04545811228393797 600000.0
1.8920220087080275 1.0616992446706233 -0.04545811228393797 600000.0
1.8920220087080275 1.0616992446706233 -0.04545811228393797 600000.0
1.8920220087080275 1.0616992446706233 -0.04545811228393797 600000.0
1.8920220087080275 1.0616992446706233 -0.04545811228393797 600000.0
1.8920220087080275 1.0616992446706233 -0.04545811228393797 600000.0
1.8920220087080275 1.0616992446706233 -0.04545811228393797 600000.0
1.8920220087080275 1.0616992446706233 -0.04545811228393797 600000.0
1.8920220087080275 1.0616992446706233 -0.04545811228393797 600000.0
1.8920220087080275 1.0616992446706233 -0.04545811228393797 600000.0
1.8920220087080275 1.0616992446706233 -0.04545811228393797 600000.0
1.8920220087080275 1.0616992446706233 -0.04545811228393797 600000.0
1.8920220087080275 1.0616992446706233 -0.04545811228393797 600000.0
1.8920220087080275 1.0616992446706233 -0.04545811228393797 600000.0
1.8920220087080275 1.0616992446706233 -0.04545811228393797 600000.0
1.8920220087080275 1.0616992446706233 -0.04545811228393797 600000.0
1.8920220087080275 1.0616992446706233 -0.04545811228393797 600000.0
1.8920220087080275 1.0616992446706233 -0.04545811228393797 600000.0
1.8920220087080275 1.0616992446706233 -0.04545811228393797 600000.0
1.8920220087080275 1.0616992446706233 -0.04545811228393797 600000.0
1.8920220087080275 1.0616992446706233 -0.04545811228393797 600000.0
1.8920220087080275 1.0616992446706233 -0.04545811228393797 600000.0
1.8920220087080275 1.0616992446706233 -0.04545811228393797 600000.0
1.8920220087080275 1.0616992446706233 -0.04545811228393797 600000.0
1.8920220087080275 1.0616992446706233 -0.04545811228393797 600000.0
1.8920220087080275 1.0616992446706233 -0.04545811228393797 600000.0
1.8920220087080275 1.0616992446706233 -0.04545811228393797 600000.0
1.8920220087080275 1.0616992446706233 -0.04545811228393797 600000.0
1.8920220087080275 1.0616992446706233 -0.04545811228393797 600000.0
1.8920220087080275 1.0616992446706233 -0.04545811228393797 600000.0
1.8920220087080275 1.0616992446706233 -0.04545811228393797 600000.0
1.8920220087080275 1.0616992446706233 -0.04545811228393797 600000.0
1.8920220087080275 1.0616992446706233 -0.04545811228393797 600000.0
1.8920220087080275 1.0616992446706233 -0.04545811228393797 600000.0
1.8920220087080275 1.0616992446706233 -0.04545811228393797 600000.0
1.8920220087080275 1.0616992446706233 -0.04545811228393797 600000.0
1.8920220087080275 1.0616992446706233 -0.04545811228393797 600000.0
1.8920220087080275 1.0616992446706233 -0.04545811228393797 600000.0
1.8920220087080275 1.0616992446706233 -0.04545811228393797 600000.0
1.8920220087080275 1.0616992446706233 -0.04545811228393797 0.0 1,0,0 coil/filament1/filament2
1.6577713843739688 1.361372944351167 -0.18495083161768489 600000.0
1.6577713843739688 1.361372944351167 -0.18495083161768489 600000.0
1.6577713843739688 1.361372944351167 -0.18495083161768489 600000.0
1.6577713843739688 1.361372944351167 -0.18495083161768489 600000.0
1.6577713843739688 1.361372944351167 -0.18495083161768489 600000.0
1.6577713843739688 1.361372944351167 -0.18495083161768489 600000.0
1.6577713843739688 1.361372944351167 -0.18495083161768489 600000.0
1.6577713843739688 1.361372944351167 -0.18495083161768489 600000.0
1.6577713843739688 1.361372944351167 -0.18495083161768489 600000.0
1.6577713843739688 1.361372944351167 -0.18495083161768489 600000.0
1.6577713843739688 1.361372944351167 -0.18495083161768489 600000.0
1.6577713843739688 1.361372944351167 -0.18495083161768489 600000.0
1.6577713843739688 1.361372944351167 -0.18495083161768489 600000.0
1.6577713843739688 1.361372944351167 -0.18495083161768489 600000.0
1.6577713843739688 1.361372944351167 -0.18495083161768489 600000.0
1.6577713843739688 1.361372944351167 -0.18495083161768489 600000.0
1.6577713843739688 1.361372944351167 -0.18495083161768489 600000.0
1.6577713843739688 1.361372944351167 -0.18495083161768489 600000.0
1.6577713843739688 1.361372944351167 -0.18495083161768489 600000.0
1.6577713843739688 1.361372944351167 -0.18495083161768489 600000.0
1.6577713843739688 1.361372944351167 -0.18495083161768489 600000.0
1.6577713843739688 1.361372944351167 -0.18495083161768489 600000.0
1.6577713843739688 1.361372944351167 -0.18495083161768489 600000.0
1.6577713843739688 1.361372944351167 -0.18495083161768489 600000.0
1.6577713843739688 1.361372944351167 -0.18495083161768489 600000.0
1.6577713843739688 1.361372944351167 -0.18495083161768489 600000.0
1.6577713843739688 1.361372944351167 -0.18495083161768489 600000.0
1.6577713843739688 1.361372944351167 -0.18495083161768489 600000.0
1.6577713843739688 1.361372944351167 -0.18495083161768489 600000.0
1.6577713843739688 1.361372944351167 -0.18495083161768489 600000.0
1.6577713843739688 1.361372944351167 -0.18495083161768489 600000.0
1.6577713843739688 1.361372944351167 -0.18495083161768489 600000.0
1.6577713843739688 1.361372944351167 -0.18495083161768489 600000.0
1.6577713843739688 1.361372944351167 -0.18495083161768489 600000.0
1.6577713843739688 1.361372944351167 -0.18495083161768489 600000.0
1.6577713843739688 1.361372944351167 -0.18495083161768489 600000.0
1.6577713843739688 1.361372944351167 -0.18495083161768489 600000.0
1.6577713843739688 1.361372944351167 -0.18495083161768489 600000.0
1.6577713843739688 1.361372944351167 -0.18495083161768489 600000.0
1.6577713843739688 1.361372944351167 -0.18495083161768489 600000.0
1.6577713843739688 1.361372944351167 -0.18495083161768489 600000.0
1.6577713843739688 1.361372944351167 -0.18495083161768489 600000.0
1.6577713843739688 1.361372944351167 -0.18495083161768489 600000.0
1.6577713843739688 1.361372944351167 -0.18495083161768489 600000.0
1.6577713843739688 1.361372944351167 -0.18495083161768489 600000.0
1.6577713843739688 1.361372944351167 -0.18495083161768489 600000.0
1.6577713843739688 1.361372944351167 -0.18495083161768489 600000.0
1.6577713843739688 1.361372944351167 -0.18495083161768489 600000.0
1.6577713843739688 1.361372944351167 -0.18495083161768489 600000.0
1.6577713843739688 1.361372944351167 -0.18495083161768489 600000.0
1.6577713843739688 1.361372944351167 -0.18495083161768489 600000.0
1.6577713843739688 1.361372944351167 -0.18495083161768489 600000.0
1.6577713843739688 1.361372944351167 -0.18495083161768489 600000.0
1.6577713843739688 1.361372944351167 -0.18495083161768489 600000.0
1.6577713843739688 1.361372944351167 -0.18495083161768489 600000.0
1.6577713843739688 1.361372944351167 -0.18495083161768489 600000.0
1.6577713843739688 1.361372944351167 -0.18495083161768489 600000.0
1.6577713843739688 1.361372944351167 -0.18495083161768489 600000.0
1.6577713843739688 1.361372944351167 -0.18495083161768489 600000.0
1.6577713843739688 1.361372944351167 -0.18495083161768489 600000.0
1.6577713843739688 1.361372944351167 -0.18495083161768489 600000.0
1.6577713843739688 1.361372944351167 -0.18495083161768489 600000.0
1.6577713843739688 1.361372944351167 -0.18495083161768489 600000.0
1.6577713843739688 1.361372944351167 -0.18495083161768489 600000.0
1.6577713843739688 1.361372944351167 -0.18495083161768489 0.0 2,0,0 coil/filament1/filament2
