periods 0
begin filament
FOCUSADD Coils
6.905751029216629 0.4209514660568855 0.2434242919281705 1.0
6.837383367001825 0.41729907868544397 0.36318246471684285 1.0
6.828211825492958 0.42201385186608176 0.35278041185662024 1.0
6.803804257139179 0.4257429541249792 0.43017380568413405 1.0
6.761178998691833 0.4217328532161254 0.5536076915256948 1.0
6.71049741286839 0.4056742447333395 0.6766303553913816 1.0
6.653519155195799 0.3749770991915024 0.792185372426273 1.0
6.591056434606687 0.32977804349358975 0.9002642997411462 1.0
6.523417212413086 0.27300066531100264 1.0013463595010574 1.0
6.450050708456508 0.20981655160587082 1.0959340319123045 1.0
6.369821242335234 0.14672763078748113 1.184238317965271 1.0
6.281353059882746 0.09040654776660827 1.2660190067405672 1.0
6.1833299056233715 0.046502264188442985 1.3405105983353867 1.0
6.074773096071672 0.018610685671317063 1.4063232240570966 1.0
5.955393063421109 0.007607011478712469 1.4613383473551844 1.0
5.826030847319824 0.011493072527816926 1.5027398380182981 1.0
5.689075647662955 0.02579777788904986 1.5273157369738264 1.0
5.548644819558729 0.04442704803584304 1.532037429567546 1.0
5.410339447069246 0.060764303045549105 1.5147349968929567 1.0
5.280580609228393 0.06881098572641636 1.47459307722921 1.0
5.165742797816324 0.06419810536749877 1.4123017087370524 1.0
5.071337543360386 0.04493488948040374 1.3299060757922008 1.0
5.001373672730051 0.011778197582492426 1.2305023190773137 1.0
4.957911799790359 -0.03185053011074126 1.1178754645320197 1.0
4.940840094556189 -0.08037761529507123 0.9961025889344567 1.0
4.947947269111897 -0.1268799440925365 0.869169113966956 1.0
4.975325158922616 -0.16398221129836768 0.7407304635775446 1.0
5.017959570686189 -0.18474219628441008 0.6141278013253867 1.0
5.070204612939872 -0.18361693053277545 0.49250022289905876 1.0
5.125987125038255 -0.15748743321454597 0.37854838548455166 1.0
5.179079033213833 -0.10618482361499676 0.2738230382180206 1.0
5.223857220872863 -0.032176246207848834 0.17818871602232028 1.0
5.256343852405716 0.060246960008015146 0.09005193607162591 1.0
5.273967368679555 0.16577546335046797 0.0071336554992954505 1.0
5.276304054410957 0.27863008971420017 -0.07311593636917299 1.0
5.263977922355818 0.3926302988038065 -0.15372193934002382 1.0
5.23938467362773 0.5016859075655999 -0.2378526236644524 1.0
5.206625385074488 0.599712207419002 -0.3294787218994299 1.0
5.1714544016006725 0.6809397608608383 -0.43178242406300593 1.0
5.140748371098411 0.7409514358045177 -0.5457810234985743 1.0
5.12075047297213 0.7778956533008201 -0.6693646597352114 1.0
5.11603185079045 0.7927097553073514 -0.7985315353977852 1.0
5.129746494859035 0.7884371532302825 -0.9288457532339077 1.0
5.1641500719349684 0.769422732290969 -1.0557996962156417 1.0
5.220550917548121 0.7408163468094878 -1.1745250743022877 1.0
5.298882524279479 0.7081681186472668 -1.2797236499308662 1.0
5.397374281113428 0.6768813969491615 -1.3660679651173016 1.0
5.5125421583037815 0.6515513460432433 -1.4288803244111026 1.0
5.639519741222694 0.6353425166805693 -1.4648395165957835 1.0
5.772663993136792 0.6295501784276193 -1.4725102376631325 1.0
5.90630829851104 0.6334390699137676 -1.4525521055271273 1.0
6.03549833029703 0.6443968465865232 -1.407550193640761 1.0
6.156546819542351 0.6583863811651219 -1.341501160328077 1.0
6.267276805850466 0.6706366656817743 -1.259078213937021 1.0
6.366905432956404 0.6764798109724955 -1.1648722195687484 1.0
6.455655219964186 0.6722155091801144 -1.0628128825738496 1.0
6.53429033810496 0.6558571352698357 -0.9558683980310934 1.0
6.60375404679375 0.6275976258120043 -0.8459656029858007 1.0
6.664939268997011 0.5898587761397422 -0.7340085762589103 1.0
6.718506930323588 0.5468720397479908 -0.6199513720660832 1.0
6.764666778510609 0.5038484903422946 -0.5029897688423549 1.0
6.802894998937343 0.4658815052108205 -0.3819114869712055 1.0
6.824368797573078 0.4360610555116956 -0.2692756645821492 1.0
6.814230489732098 0.4142015292604415 -0.22347386842895506 1.0
6.905751029216629 0.4209514660568855 0.2434242919281705 0.0 000 coil/filament1/filament2
6.699669254955716 1.4247197110711505 0.20894059639648296 1.0
6.640377222054746 1.3723054542777475 0.3292952720588663 1.0
6.628524001314644 1.3360425015392572 0.3235094469822753 1.0
6.608443374028629 1.3059674329103519 0.40080920253796803 1.0
6.574594346440586 1.279029320193096 0.5232763664075128 1.0
6.529865088689052 1.2589913417470258 0.648385911151207 1.0
6.474687132091277 1.2429149119902703 0.7686719968515905 1.0
6.41020385835106 1.2264984354350235 0.882909969577294 1.0
6.338017946388394 1.205354648429783 0.9904602576627113 1.0
6.259693853413383 1.175616912408091 1.090985073593483 1.0
6.176459053317333 1.1349039413833324 1.1842476546510734 1.0
6.08899032292836 1.08292849736254 1.2698929241247892 1.0
5.997330034892997 1.0216340388143164 1.3472582574109846 1.0
5.900946374562018 0.9548397717882272 1.4152541157942158 1.0
5.7989334915784205 0.8874768680468464 1.4723326535925 1.0
5.690344648537913 0.8245837914483563 1.5165435482360308 1.0
5.574649084879299 0.7702757845019303 1.545671565491418 1.0
5.452258466357744 0.7269146592500177 1.557472409499835 1.0
5.32497951215969 0.6946664663215174 1.5500206574840232 1.0
5.196213179889837 0.6715368730621187 1.522118190479535 1.0
5.070792744974593 0.6538520435406944 1.473632629012141 1.0
4.954496227135597 0.637065527522206 1.4056200182575753 1.0
4.853387169179137 0.6167435785661121 1.3201875565663708 1.0
4.7731244050175805 0.5895683689385846 1.2202146518504031 1.0
4.718263496486383 0.5541535745324973 1.109091762000004 1.0
4.691551582556854 0.5114515044145974 0.9904900848959922 1.0
4.6933664632227305 0.4646476133562483 0.8680667399667777 1.0
4.721534681968745 0.41863128240376635 0.7451220618954154 1.0
4.77160743196727 0.3792295896227204 0.6243724626418545 1.0
4.837451979106836 0.3523381905378546 0.5079431332597972 1.0
4.911959533647493 0.34300468838778714 0.39748109931865977 1.0
4.987763771971864 0.35460196092686197 0.294154373224846 1.0
5.058000726845998 0.3883954664559381 0.19844718062355013 1.0
5.117112147006132 0.44370181236575906 0.11003349487855982 1.0
5.161450649799379 0.5184548370887947 0.027843007909105818 1.0
5.18953908562161 0.6097276118083125 -0.04943428955150837 1.0
5.201781159778366 0.7140169594741709 -0.12365681748875806 1.0
5.199854216946618 0.8272224175801101 -0.19696812679106734 1.0
5.187045706274341 0.9445080722331721 -0.27290283448587455 1.0
5.1685253701731435 1.0600695999923917 -0.3557308269511504 1.0
5.151585407419171 1.1681570471606217 -0.4487889845912009 1.0
5.143915839070465 1.26352374153599 -0.552393684669827 1.0
5.150917161449993 1.3422904185266975 -0.6634591925035221 1.0
5.174753210691307 1.4018381763937315 -0.7776867697466601 1.0
5.21583674426295 1.44025552927639 -0.8915322058184398 1.0
5.2742986163376315 1.4563968786138797 -1.0018792264488499 1.0
5.350007725870425 1.4505275106546824 -1.104963879706112 1.0
5.441927190275067 1.4249145368675598 -1.1961211244128453 1.0
5.547769543825936 1.3839891764713226 -1.2703243624364573 1.0
5.664081924559055 1.3340422299083852 -1.322950412292087 1.0
5.786546773014502 1.2825361864846574 -1.3504528504144213 1.0
5.91035834972411 1.2371501762300583 -1.3508607604524459 1.0
6.030657244538536 1.204700594358637 -1.3240755244187596 1.0
6.143041313307485 1.1901062772876494 -1.2719099874939168 1.0
6.24411328746428 1.1955793578979257 -1.1977961476116619 1.0
6.331915956550381 1.2202103321158542 -1.1061480441068994 1.0
6.406045760283294 1.2600694456705164 -1.0015208266821636 1.0
6.4673378884223105 1.308857629573939 -0.8878634745724268 1.0
6.5172669075551 1.3590117402236077 -0.768149341752733 1.0
6.557385504935669 1.4030394780438402 -0.6444271916288697 1.0
6.589020429566056 1.4347724090884322 -0.5180771729776065 1.0
6.613163055314321 1.4501900383723874 -0.3899813790251521 1.0
6.623188650031825 1.445438721023667 -0.27313548619205436 1.0
6.605355030376148 1.4153696077650468 -0.22245027871234305 1.0
6.699669254955716 1.4247197110711505 0.20894059639648296 0.0 100 coil/filament1/filament2
6.396321911224536 2.194916260563785 0.20779817618055052 1.0
6.317337283101615 2.196289552611101 0.32090138584071876 1.0
6.27628328483735 2.2007826501328442 0.328569531112164 1.0
6.232306107500052 2.197129295320739 0.40749639717512065 1.0
6.184528107993865 2.1776760914536832 0.5272268969496995 1.0
6.132582604702168 2.1500523445735067 0.6497109247614282 1.0
6.076202459680228 2.115085803897199 0.7683670867701647 1.0
6.014921885533198 2.0738756950180566 0.8814297498087496 1.0
5.94800764950381 2.0279911076561388 0.9873098455775431 1.0
5.874817530691644 1.978551080527953 1.084942190225311 1.0
5.794928051849173 1.9263131017343247 1.173835555218605 1.0
5.708195029985611 1.8718423204110959 1.2539509088237817 1.0
5.614742835889461 1.8157072030849797 1.3254276030013303 1.0
5.514911430204996 1.7586261600016515 1.388220804904457 1.0
5.409217767476648 1.7014925185177345 1.441753029637806 1.0
5.2983772324773 1.6452464943402776 1.4846992928537561 1.0
5.183385159079127 1.5906438084998755 1.5149997996084956 1.0
5.065610894856977 1.5380437291526625 1.5301294312567375 1.0
4.946850145987755 1.4873278482844534 1.5275654526679137 1.0
4.829328523802797 1.4379649288738237 1.5053310376094133 1.0
4.715684717668822 1.3891541052844003 1.462478728407015 1.0
4.608961602704163 1.3399728508862305 1.3993910073259763 1.0
4.512625518435233 1.2895090170228063 1.3178236812947643 1.0
4.430576901027991 1.2370358821426102 1.2207228749378727 1.0
4.366979792282136 1.18231147531698 1.111936528223192 1.0
4.325714426805426 1.125929148340623 0.9958769587132466 1.0
4.309563562507896 1.0694596436139046 0.8770400379652933 1.0
4.319566289639387 1.0152446580581895 0.7593616076367762 1.0
4.354807095910654 0.966011938573397 0.6456487887444184 1.0
4.412518816177574 0.9245615567441787 0.5373434122634738 1.0
4.488304892880566 0.8936201767808112 0.43466069269201346 1.0
4.576447045789884 0.8758085909862873 0.3370160362809484 1.0
4.670348579657733 0.8735388944469216 0.24364768897185898 1.0
4.763128835028646 0.8886081637429883 0.1542165609793584 1.0
4.8483982916818205 0.9216521187032641 0.06896469615200036 1.0
4.921097255144589 0.9721719448015896 -0.011620820947142101 1.0
4.977991276156756 1.0392589050499528 -0.08728627721218389 1.0
5.017746111070064 1.1220269912466911 -0.1581893568020449 1.0
5.04074301610164 1.2192016428158414 -0.22543769495303084 1.0
5.049442099503192 1.3285479183008155 -0.29139047427372844 1.0
5.048935484139848 1.446672028227831 -0.359629427033028 1.0
5.047000895675251 1.5694783185955863 -0.43291685753740544 1.0
5.052571533854542 1.692160512680219 -0.5113947689008613 1.0
5.072078261950714 1.8091908935149736 -0.592515013515665 1.0
5.107506929983095 1.914535316443705 -0.6738642119574462 1.0
5.158069415935379 2.0024869026655407 -0.755421865206804 1.0
5.223289299081968 2.0683233470910523 -0.8382649384757249 1.0
5.303610002391368 2.1087201453758433 -0.92170654936469 1.0
5.39873407447036 2.1224320789301694 -1.0021227811844537 1.0
5.5065420973020895 2.110955992684786 -1.073806341259126 1.0
5.623360188843123 2.078567477427222 -1.1303871471473057 1.0
5.744667564011348 2.0317423383079545 -1.1659901626516402 1.0
5.865651922227282 1.9782728761582586 -1.176110810112118 1.0
5.981597239809383 1.926280439462234 -1.158270398082545 1.0
6.088210496173124 1.8832287717783203 -1.1123901635442144 1.0
6.181941944494787 1.8550330145283325 -1.040795769658418 1.0
6.260294862963551 1.8453671247319474 -0.9477999569017737 1.0
6.322033652161308 1.8552768436505793 -0.8388852993475691 1.0
6.367130278688124 1.8831983092675655 -0.7196630734173263 1.0
6.396400919820918 1.925411282958406 -0.594955432182535 1.0
6.411063083382541 1.976776623844057 -0.46830441253973415 1.0
6.412532040269446 2.031414277045956 -0.34186656558238376 1.0
6.397116400462239 2.0803676617674305 -0.22704401519706277 1.0
6.356978271995413 2.109148313921021 -0.16854652926704586 1.0
6.396321911224536 2.194916260563785 0.20779817618055052 0.0 200 coil/filament1/filament2
6.140005433888434 2.682374638950349 0.17472735152525506 1.0
6.050580973507614 2.698123612465666 0.28929711617342163 1.0
5.98682535193365 2.7244989160713695 0.3042869856937428 1.0
5.914820759689274 2.7535931477041515 0.3714787039226247 1.0
5.835972352724752 2.772786949796758 0.4706992998514044 1.0
5.749723422228582 2.7843977144838665 0.5693764231525915 1.0
5.658382344098666 2.786535923819441 0.6662406273652716 1.0
5.564336867295952 2.778805357774793 0.7631226284129177 1.0
5.469303824218986 2.762089875073757 0.8600251659234944 1.0
5.374472832488453 2.7373206626425817 0.955703000792209 1.0
5.280452010191069 2.7050429236200704 1.047940090809704 1.0
5.187369732058348 2.665095508091177 1.134067506528328 1.0
5.0950296836874776 2.6166356409314933 1.2115401146600813 1.0
5.00301884518318 2.5585821596420018 1.27837601862157 1.0
4.910746477741787 2.4903085585205513 1.3333333484778154 1.0
4.817478366934395 2.412289209177928 1.375797963674801 1.0
4.722463354705629 2.326442861907644 1.4054505997645435 1.0
4.625212972066475 2.236047307705682 1.4218715671801725 1.0
4.525862532038179 2.1452500139926327 1.4242855426396959 1.0
4.425383393095259 2.058346290560699 1.4115582505051407 1.0
4.325461114436455 1.9790646101339375 1.3823789621614115 1.0
4.228148185157697 1.910022019388507 1.335505851604233 1.0
4.1355884288958 1.85238303969288 1.2700593420234858 1.0
4.049966740011691 1.8057115592973356 1.185895187322488 1.0
3.9736356929979424 1.76803589436739 1.0839837220534827 1.0
3.909338527398359 1.7361772829058641 0.9666608545424682 1.0
3.8604005646368624 1.7064068019053382 0.8377093696757913 1.0
3.8305672604354046 1.675407697444233 0.7022932540259247 1.0
3.8232282480355577 1.641218056779978 0.5666036643011307 1.0
3.8404149805292582 1.6036417408402324 0.4369645070651619 1.0
3.8823690952497567 1.5640166763258005 0.3185612190460517 1.0
3.9477965772617294 1.5247648495423627 0.21443790009401487 1.0
4.0341686472713265 1.489085797909233 0.1251642812503528 1.0
4.1376862100650005 1.4608068987298475 0.049063996121400874 1.0
4.253076466004572 1.4442765533351085 -0.01715143027788492 1.0
4.373495659685195 1.4440139855960772 -0.07732159633410768 1.0
4.490833516621746 1.4634926676431248 -0.1345591659761657 1.0
4.596879682461131 1.5031893449386042 -0.19063296028823357 1.0
4.685271635179166 1.5600581616071483 -0.24666371259291495 1.0
4.752914334712437 1.6299087966652213 -0.30398272214392424 1.0
4.7997107450961725 1.7103323284651966 -0.36384213989135694 1.0
4.827906323178801 1.8016069001253645 -0.4263489377332488 1.0
4.841732494953528 1.9055894985547037 -0.489601103015703 1.0
4.847104554082475 2.02381551996535 -0.5498941432021117 1.0
4.851082689802354 2.155483143417284 -0.6030809391043017 1.0
4.861122414703397 2.2965454403899925 -0.6459085031411964 1.0
4.8839548322839725 2.4400805679029474 -0.6769346648035066 1.0
4.924204315421913 2.5777156975216973 -0.697338405610313 1.0
4.983684682655765 2.701445904873463 -0.7116191750453399 1.0
5.062359958825693 2.804916382711386 -0.7262539790381133 1.0
5.159542045876542 2.883106508505134 -0.7459278886356456 1.0
5.27338021798364 2.9318662335603163 -0.7710183340392518 1.0
5.399737255567573 2.9489599353557368 -0.7981169658327026 1.0
5.532397321535037 2.9354169782352373 -0.821732187406741 1.0
5.664327248145337 2.895752185238287 -0.8356013117110189 1.0
5.788812344348993 2.8372646420540137 -0.8336168255618663 1.0
5.900117949536245 2.768977838087492 -0.8107349222950545 1.0
5.993855607955409 2.7004372192445723 -0.7638532336150489 1.0
6.067190742284792 2.640457529336312 -0.6924295754287194 1.0
6.118940328332562 2.595951271965441 -0.5986270964953117 1.0
6.149537795583336 2.5709891744036044 -0.48686517774966415 1.0
6.160756498534465 2.566230843667292 -0.36282268474999935 1.0
6.150519122551575 2.575676239634804 -0.2409555707514359 1.0
6.113317124497162 2.583047072366187 -0.16288257232109998 1.0
6.140005433888434 2.682374638950349 0.17472735152525506 0.0 300 coil/filament1/filament2
5.745320431006506 3.359922361206896 0.06997761009947781 1.0
5.7275833279439565 3.2760126314581877 0.174563006566705 1.0
5.698234877965084 3.198440049157359 0.21460556237484815 1.0
5.647999061666455 3.1521005726467655 0.2996141983848914 1.0
5.585326980458278 3.128590524640385 0.4074632212329373 1.0
5.5052128498319135 3.1238165534728983 0.5102677469578959 1.0
5.410124423040646 3.134186286548112 0.6004782698597988 1.0
5.302446104144145 3.1557913171821905 0.6750461179856044 1.0
5.184135720542247 3.183730402044216 0.7332962621941261 1.0
5.057881268258006 3.212063865697691 0.7772453486070695 1.0
4.927120255763849 3.23452920378395 0.8110429746038544 1.0
4.795871613428002 3.245498544264353 0.8399317318267537 1.0
4.668260936535498 3.241051734288247 0.8691268492949904 1.0
4.547633535535632 3.2197619045266146 0.9029095407469488 1.0
4.435554037842774 3.182521374007891 0.9438759694747255 1.0
4.331465047371764 3.1312274939857807 0.9921678473110942 1.0
4.233495830747535 3.0673493570398054 1.0449408857085827 1.0
4.139772486222369 2.991746327533515 1.0966620598615742 1.0
4.049087155219335 2.9057256575670096 1.140375860060375 1.0
3.960700873142663 2.8119777357811873 1.1693813839360017 1.0
3.8739912317589575 2.7144754329339422 1.1785971055503865 1.0
3.7884907686197797 2.617625676600466 1.1652859435595435 1.0
3.704228485922341 2.525345139959457 1.129170806854322 1.0
3.622044874264532 2.4404356399624194 1.07205111392061 1.0
3.543686729090796 2.364365831588554 0.997050452881328 1.0
3.4716551203282844 2.2974448155963336 0.9077242827608136 1.0
3.4088626726437874 2.239229934271264 0.8073180703166195 1.0
3.358200796770806 2.188919989241583 0.6983658524891483 1.0
3.322137506423177 2.1455918081979153 0.5826446407864089 1.0
3.302440235220586 2.1083208292205717 0.461404428948232 1.0
3.300057371851639 2.07628599292176 0.3357749256971603 1.0
3.3151349983430363 2.048902556718792 0.20722633044741087 1.0
3.3471254589228456 2.0259580779832396 0.07793108757745326 1.0
3.394971680552606 2.0076812502746226 -0.0491039684002679 1.0
3.4573744756977454 1.9946706782894834 -0.17018282209206068 1.0
3.533086536966878 1.987702500866921 -0.28131379303530274 1.0
3.621060755472362 1.9875696408727919 -0.3787938460927397 1.0
3.7202872597828356 1.9951099481411299 -0.45989831440654916 1.0
3.8293325981971122 2.0114238944311946 -0.5235129382757477 1.0
3.9457571985014925 2.0381045043023547 -0.5704677781269959 1.0
4.065655519973558 2.077119401961531 -0.6033733403357235 1.0
4.183726051948413 2.1298726603701392 -0.6260122246193541 1.0
4.294360396079734 2.195644389991696 -0.6427240177028182 1.0
4.393398309698378 2.271268744635836 -0.6581539146589824 1.0
4.478921638281516 2.3536241732767325 -0.6767701246888433 1.0
4.550302191461894 2.442686497988354 -0.7013496503851704 1.0
4.606979679920596 2.5415467928517668 -0.731347634109745 1.0
4.648711121321453 2.653519859688172 -0.7627602052760202 1.0
4.676867574081047 2.7793562448540317 -0.7895273040869151 1.0
4.6951976986800865 2.916455286595947 -0.8053050646838354 1.0
4.709491240164395 3.059493907062129 -0.8048569725163381 1.0
4.726497314119742 3.2014432360868743 -0.7852356871550767 1.0
4.752644194571255 3.3348148931188324 -0.7468147550006945 1.0
4.793055364110707 3.453165969638217 -0.6935545774679027 1.0
4.85107854060071 3.5521900478410178 -0.6318120769562637 1.0
4.928176134203807 3.629373288774452 -0.5679578512724754 1.0
5.0236289316698794 3.6825180230298065 -0.5063652732143534 1.0
5.133978421725767 3.7091602472293466 -0.44904319633962214 1.0
5.253015956473845 3.7077919204864878 -0.3961637754734361 1.0
5.372715813999983 3.6793003277401417 -0.3463248343307052 1.0
5.484666449490859 3.627295820600241 -0.2966186336463746 1.0
5.5813740542451855 3.5575197268911354 -0.242995646042803 1.0
5.655244175860492 3.4736036247273097 -0.18638202113898503 1.0
5.700864055501725 3.370900017185213 -0.14873626683438412 1.0
5.745320431006506 3.359922361206896 0.06997761009947781 0.0 400 coil/filament1/filament2
5.745151889639061 -3.2842254621375524 0.14072894502584568 1.0
5.706118733435549 -3.354808583475756 0.20607664869395884 1.0
5.655484562898981 -3.465210022892744 0.20946376301344205 1.0
5.579857990012649 -3.556593461233124 0.24387331310238236 1.0
5.484320304503152 -3.627352898014704 0.29613652374799565 1.0
5.372707271444748 -3.679321027670321 0.3462998510140079 1.0
5.253005814738424 -3.707816285879931 0.39613591681431165 1.0
5.133964049433757 -3.709181303461676 0.4490160004277263 1.0
5.023609757595737 -3.6825273687997897 0.506334065444851 1.0
4.9281553361844255 -3.629366401789035 0.5679160571958015 1.0
4.851059640122669 -3.5521706510165454 0.6317570567912703 1.0
4.793039227013782 -3.453143287671726 0.6934900005782438 1.0
4.7526287345275335 -3.334796946061949 0.7467475037969066 1.0
4.726479159305935 -3.201433420213707 0.7851710697477731 1.0
4.7094672388052885 -3.0594923517892623 0.8047962550023062 1.0
4.695165812730027 -2.9164618215793867 0.8052460914905645 1.0
4.676827639030525 -2.779371968517565 0.7894671821824517 1.0
4.648665430588714 -2.6535462005093087 0.7626984133660742 1.0
4.6069327012760475 -2.5415831157989257 0.7312873692558539 1.0
4.550259139631543 -2.4427288267390863 0.7012961020844191 1.0
4.478886697009613 -2.353666513750452 0.6767273011761429 1.0
4.393373419571696 -2.271305717659123 0.658122913778298 1.0
4.294344998023373 -2.195673108972063 0.6427034043235644 1.0
4.1837178350557735 -2.129893105797929 0.6259993129645288 1.0
4.065651770811202 -2.077133493950976 0.6033654007787878 1.0
3.9457558680095133 -2.038114606595447 0.5704627613589325 1.0
3.8293325341864874 -2.0114317400755346 0.5235096243600188 1.0
3.72028789459796 -1.9951163694405958 0.45989608716561386 1.0
3.621061750869348 -1.9875748138377962 0.3787924015805909 1.0
3.5330875913722593 -1.9877063118400342 0.2813129476862462 1.0
3.457375275831173 -1.9946730018242298 0.17018242244029277 1.0
3.3949719310858466 -2.0076820781694136 0.049103850657965784 1.0
3.34712493389666 -2.0259575214190524 -0.07793112191366586 1.0
3.3151335727166242 -2.0489007839474103 -0.20722652954827864 1.0
3.300055015263954 -2.0762831601967795 -0.3357755916946216 1.0
3.3024369800621436 -2.108317029931438 -0.4614059181975109 1.0
3.322133419221747 -2.1455870437257225 -0.582647371906849 1.0
3.3581959770252316 -2.188914169209592 -0.6983703277338407 1.0
3.4088572871435106 -2.2392229287347556 -0.8073249013159534 1.0
3.471649466076175 -2.297436581974739 -0.9077341935629439 1.0
3.543681306009394 -2.3643565976108647 -0.9970642228729901 1.0
3.62204043679856 -2.4404260456753892 -1.0720694469443477 1.0
3.7042260365028947 -2.5253362063880163 -1.1291941784671005 1.0
3.7884914697110808 -2.617618558286045 -1.1653145267992642 1.0
3.873996240744297 -2.714471062969686 -1.178630832177285 1.0
3.960711116336947 -2.811976522496212 -1.1694200915966058 1.0
4.049103053524979 -2.905727302989068 -1.1404194134329495 1.0
4.139793670544499 -2.991749734634751 -1.0967103610737272 1.0
4.233520956893496 -3.067352606514867 -1.044993767893454 1.0
4.331491866482223 -3.131228025905778 -0.992224937161485 1.0
4.435579823646183 -3.18251664570422 -0.9439366746269017 1.0
4.547655863644096 -3.219750568183544 -0.9029732427204666 1.0
4.668278688630383 -3.2410346796075835 -0.8691930884665564 1.0
4.795885784146439 -3.2454787934523672 -0.8400000222238045 1.0
4.927133906381303 -3.2345105105995993 -0.8111122961086791 1.0
5.057898407541504 -3.212049164260958 -0.7773138203839132 1.0
5.184159679606401 -3.1837213327215923 -0.7333612784345598 1.0
5.302478100969538 -3.1557889067359888 -0.6751047827197995 1.0
5.410163542261462 -3.1341933436528535 -0.6005251358854479 1.0
5.505257253771827 -3.1238475029296144 -0.5102838015198953 1.0
5.586301778986933 -3.1282456215241914 -0.40757646870945885 1.0
5.651897648177751 -3.1493784534006015 -0.29740853069675444 1.0
5.698105474800106 -3.1886935770287974 -0.1920226527822092 1.0
5.719994279701521 -3.252653539312107 -0.12378479144244546 1.0
5.745151889639061 -3.2842254621375524 0.14072894502584568 0.0 500 coil/filament1/filament2
6.126970759662058 -2.6294677717063863 0.1256639134488599 1.0
6.123787541198711 -2.574236713196463 0.23824600599976353 1.0
6.150242042531758 -2.5706327064153585 0.2739407963069508 1.0
6.158012752106367 -2.5688270167184624 0.36763142742482885 1.0
6.148936215751852 -2.571778372289227 0.48708690270463606 1.0
6.118932769715781 -2.595945988432329 0.5986387112208631 1.0
6.067179868477192 -2.6404699164605883 0.6924141727166843 1.0
5.993847809893955 -2.700450482510715 0.7638268129066943 1.0
5.900115621132813 -2.7689916453176857 0.8107015219619161 1.0
5.7888164513974045 -2.837281140197574 0.8335782733008309 1.0
5.664336554551974 -2.895774265148683 0.8355592689727754 1.0
5.5324083251053375 -2.935447344752397 0.8216876543857162 1.0
5.399744387450628 -2.948999824148279 0.7980697159361252 1.0
5.273376743366151 -2.9319143961432377 0.7709667058805983 1.0
5.159521193158872 -2.883159582106613 0.7458697842366948 1.0
5.062315543237861 -2.80497036433063 0.7261886101613316 1.0
4.983612540379963 -2.7014969164402673 0.7115470986701048 1.0
4.924105755534596 -2.577760411480881 0.6972595883505315 1.0
4.883838755433666 -2.440117973070042 0.6768482688047388 1.0
4.861002631038181 -2.2965782130459016 0.6458159150153331 1.0
4.850972278254514 -2.155515802866243 0.6029886875326395 1.0
4.847011652940133 -2.0238505405182483 0.5498126255190142 1.0
4.84165944438569 -1.9056254908338204 0.48953958839019535 1.0
4.827851548573531 -1.801640271651575 0.4263111464089183 1.0
4.799671474446794 -1.7103599293685416 0.36382565830059277 1.0
4.752887850547272 -1.6299286165182425 0.3039818427139801 1.0
4.685255223147626 -1.5600688049467832 0.24667226799439093 1.0
4.5968702297530175 -1.503190431616248 0.19064558063965445 1.0
4.490827759681305 -1.4634858384621456 0.13457174829368318 1.0
4.373491138036394 -1.4440025979936144 0.07733166300693574 1.0
4.253072075241901 -1.444264086505085 0.017158151482498513 1.0
4.137681896612668 -1.4607955884116832 -0.04906032470449563 1.0
4.034164789246542 -1.4890763952309203 -0.12516292543696228 1.0
3.9477935637486494 -1.5247570797123031 -0.21443812328013903 1.0
3.882367201079321 -1.564009745474928 -0.3185624407660881 1.0
3.840414438198577 -1.6036346527292846 -0.43696630479963217 1.0
3.823229350440598 -1.6412097606955491 -0.5666056939395021 1.0
3.8305702995293824 -1.675397188395643 -0.7022951848368827 1.0
3.8604055918992324 -1.7063932961391404 -0.8377109750777278 1.0
3.909345227208687 -1.7361604309141254 -0.9666622598661722 1.0
3.973643622973595 -1.7680158290083416 -1.083985581768655 1.0
4.049975790134704 -1.8056886850511518 -1.1858985972583738 1.0
4.135599142624784 -1.8523577307558916 -1.2700655328694332 1.0
4.228161740766988 -1.9099944625927001 -1.3355158153793634 1.0
4.325478961941562 -1.979034876788382 -1.3823931124508158 1.0
4.4254066544208035 -2.0583145416329414 -1.4115762090370265 1.0
4.525891417444319 -2.145216644617787 -1.4243061956951757 1.0
4.625246582879062 -2.236012875817658 -1.421893465640665 1.0
4.7225000684328045 -2.3264078266328694 -1.4054725305182023 1.0
4.817516564013806 -2.412253670830598 -1.3758193565661134 1.0
4.910785123793939 -2.4902721770116374 -1.3333543301701722 1.0
5.003057641126704 -2.558544289142079 -1.278397205463157 1.0
5.0950688495269745 -2.616595621938633 -1.2115623499347425 1.0
5.187409653696707 -2.665053045811203 -1.134091673366614 1.0
5.280492941453901 -2.704998476377874 -1.0479670174727493 1.0
5.374514756424605 -2.7372756924614947 -0.9557333897602562 1.0
5.469346509858846 -2.7620467143765968 -0.8600594457817515 1.0
5.5643800813549875 -2.7787665307399734 -0.763160703563237 1.0
5.658428873013143 -2.7865031643598654 -0.6662797406621881 1.0
5.749787076034019 -2.7843789874523686 -0.5693997769288294 1.0
5.836450857850981 -2.7719449844477335 -0.4712930201132311 1.0
5.916468684518675 -2.749388694369535 -0.36991604074212386 1.0
5.984373154670904 -2.7172639822589817 -0.2714089462964275 1.0
6.034121626685586 -2.6794036174300686 -0.21257520948269776 1.0
6.126970759662058 -2.6294677717063863 0.1256639134488599 0.0 600 coil/filament1/filament2
6.382127556069327 -2.159500194496973 0.15179313645044673 1.0
6.367816045534393 -2.104900039686539 0.2584681737796182 1.0
6.396598032514645 -2.0773334335621465 0.2674095275637039 1.0
6.411133078339529 -2.034183406783003 0.348547129153768 1.0
6.410815578067332 -1.977521903492141 0.46876145520744716 1.0
6.396387680921704 -1.925394130714471 0.594975501739299 1.0
6.36711682244887 -1.88321209341458 0.7196648310488578 1.0
6.322021378693933 -1.8552982594716783 0.8388820861287996 1.0
6.260285689026659 -1.8453923583587892 0.9477929024007075 1.0
6.181937826680215 -1.8550602906587175 1.0407848254627379 1.0
6.088212409824353 -1.8832573412982385 1.1123761402782655 1.0
5.9816053132484654 -1.9263105598145012 1.1582544973796398 1.0
5.86566555306065 -1.9783056906840433 1.1760943933506078 1.0
5.744685206831619 -2.031779776397644 1.1659747373322005 1.0
5.623378650552057 -2.0786121251971794 1.1303743466554488 1.0
5.506555460274663 -2.111010695040357 1.0737975516015794 1.0
5.39873300631097 -2.122498904952671 1.0021180584879894 1.0
5.303583257687342 -2.1087985356000463 0.9217029456477934 1.0
5.223229295354164 -2.068408222620013 0.8382557859635219 1.0
5.157979948263709 -2.0025688755238527 0.7553996969365981 1.0
5.107405067566754 -1.9146044098103183 0.6738270963727883 1.0
5.071985062608078 -1.8092413376035927 0.5924701530061285 1.0
5.052499325787011 -1.6921924260489034 0.5113541312955119 1.0
5.0469493498809594 -1.5694957978903405 0.43288890932971114 1.0
5.048897633211148 -1.4466804389571895 0.35961528998800807 1.0
5.0494118217994775 -1.3285521139491827 0.29138635095509885 1.0
5.04071763214404 -1.2192051315860382 0.22543897442818014 1.0
5.017725367334308 -1.1220313301336906 0.1581930963236347 1.0
4.977975520774959 -1.039263733731196 0.08729115298629854 1.0
4.921086321809307 -0.9721756657173241 0.01162623375358656 1.0
4.848391293381983 -0.9216530767515725 -0.06895938340720609 1.0
4.76312451399298 -0.8886056354936482 -0.15421215173974331 1.0
4.670345800626882 -0.8735333189705213 -0.2436448699987259 1.0
4.576445103101455 -0.8758010529308533 -0.3370151180615896 1.0
4.488303574170942 -0.893611726428231 -0.43466162100233285 1.0
4.412518322080161 -0.9245528589306096 -0.5373459104945977 1.0
4.354807941450136 -0.9660031909463578 -0.6456524456319981 1.0
4.319569223788423 -1.0152355849357333 -0.7593658785779502 1.0
4.3095694459637155 -1.0694495031969562 -0.8770442027812759 1.0
4.325723973943293 -1.1259168122442043 -0.9958801200389003 1.0
4.366993187619952 -1.182295683219278 -1.1119377600873717 1.0
4.4305935248129975 -1.237015664883054 -1.2207215333677968 1.0
4.512644084493823 -1.289484051202858 -1.3178196868277057 1.0
4.608980703933452 -1.339943457443012 -1.3993848630403052 1.0
4.7157034059308165 -1.3891209013206702 -1.462471260126543 1.0
4.829346567698795 -1.437928447156024 -1.5053230528805726 1.0
4.946867906245512 -1.487288404840408 -1.5275574921298902 1.0
5.0656289651484405 -1.5380015685748751 -1.530121658819115 1.0
5.183403959145919 -1.590599356505762 -1.5149920172321685 1.0
5.298396728434368 -1.6452004901144575 -1.4846910654509022 1.0
5.409237449947571 -1.7014458888566546 -1.4417438829965916 1.0
5.514930545682013 -1.7585796899573836 -1.3882104098024381 1.0
5.614760704431411 -1.8156612098966036 -1.32541585858957 1.0
5.708211251113087 -1.8717965190463546 -1.2539379131226918 1.0
5.7949425305215945 -1.9262666920812574 -1.1738215290259308 1.0
5.874830396139436 -1.9785029564620096 -1.0849274321682936 1.0
5.9480191560384865 -2.0279401031626056 -0.9872947536180697 1.0
6.014932315157897 -2.073820872686762 -0.8814149076637275 1.0
6.076213739972698 -2.1150270087890397 -0.7683516075046347 1.0
6.13260448849034 -2.150002040533176 -0.6496815758647959 1.0
6.184779524404343 -2.1767907509170294 -0.5272819435779496 1.0
6.233219843996426 -2.193103212833359 -0.4030113101416195 1.0
6.2735025356140195 -2.1955523878203382 -0.2883904428763926 1.0
6.298909644003732 -2.181976094217489 -0.22984769305982966 1.0
6.382127556069327 -2.159500194496973 0.15179313645044673 0.0 700 coil/filament1/filament2
6.677473223385158 -1.4045472920421511 0.2210307902681995 1.0
6.618216809690826 -1.4146585189110765 0.33110084974865867 1.0
6.622365209171656 -1.4439381809262168 0.32115521209345615 1.0
6.61286698864682 -1.4526063931761235 0.39568346204515586 1.0
6.589059663754778 -1.4354298361944777 0.5180515234844694 1.0
6.557360412397325 -1.4030560771673415 0.6444472142210177 1.0
6.5172521090320785 -1.3590412528361158 0.7681567844861208 1.0
6.467327186004135 -1.3088866139813407 0.8878703309636398 1.0
6.40603855159981 -1.2600975701124006 1.0015274836122119 1.0
6.331912407287224 -1.220237352374994 1.1061538837674851 1.0
6.244113478571097 -1.195605328404682 1.1978012399500517 1.0
6.1430450264968925 -1.190131503743793 1.2719149458823096 1.0
6.030663844760798 -1.2047255606785905 1.3240812360119298 1.0
5.910366750230477 -1.237175472345463 1.3508681388597603 1.0
5.786555408925086 -1.2825624425680386 1.3504626647130644 1.0
5.664088679380786 -1.3340700391657991 1.3229631505481343 1.0
5.547771659035028 -1.3840189677732868 1.270340039401346 1.0
5.441921341021792 -1.4249463501161628 1.196138964339244 1.0
5.349990626378639 -1.4505606564998945 1.1049819588383867 1.0
5.274268488720021 -1.4564295672940044 1.001894490455761 1.0
5.215795292409655 -1.4402847429293908 0.8915415315181274 1.0
5.174706406556635 -1.4018602168529113 0.7776891633673182 1.0
5.150872853776403 -1.3423023392263496 0.6634574828764048 1.0
5.143879066954971 -1.2635250141112093 0.5523932098945288 1.0
5.151555900866636 -1.1681501004172197 0.44879358166999034 1.0
5.168499817728517 -1.0600586509808057 0.35574021233632297 1.0
5.187021646413761 -0.9444972388355413 0.27291387937863965 1.0
5.199831555687218 -0.8272145548439458 0.19697767694096002 1.0
5.201761187154947 -0.7140132711415572 0.12366336181630055 1.0
5.1895230715208145 -0.6097277664580308 0.04943810913144457 1.0
5.161438999932975 -0.5184574250323418 -0.027840756332527618 1.0
5.117104392485276 -0.44370496772427254 -0.11003167102423049 1.0
5.057995905010104 -0.3883975537660303 -0.19844530724965245 1.0
4.987760935329905 -0.35460204048106975 -0.29415272240675794 1.0
4.91195809245293 -0.34300260373175734 -0.39748030416913066 1.0
4.837451794983454 -0.3523343341806576 -0.5079436873766277 1.0
4.7716087692405935 -0.3792245509349304 -0.6243744082953965 1.0
4.721538103417439 -0.418625574775407 -0.7451248929538388 1.0
4.693372647496163 -0.46464149898692214 -0.8680693975130549 1.0
4.691561013021935 -0.5114448750637163 -0.9904910414103495 1.0
4.718276079765501 -0.5541459170718496 -1.1090893077898694 1.0
4.773139232572589 -0.5895588953229908 -1.2202074232087645 1.0
4.853402666561906 -0.6167315299343826 -1.3201751012169354 1.0
4.95451071169523 -0.6370505092521407 -1.4056030222264109 1.0
5.070805077197121 -0.6538341756887669 -1.473612590328437 1.0
5.196223097230175 -0.6715166630775198 -1.522096726960649 1.0
5.324987487432397 -0.694644521957352 -1.5499988793322086 1.0
5.452265253569516 -0.7268914523735539 -1.5574506694835784 1.0
5.574655223656868 -0.770251595193436 -1.5456496184730495 1.0
5.690350125555752 -0.824558822087216 -1.516520968839041 1.0
5.798937672903791 -0.8874514278734043 -1.4723093038909296 1.0
5.900948249694169 -0.9548144135603371 -1.4152304395811799 1.0
5.997328667845958 -1.0216095744390128 -1.3472352302254735 1.0
6.088985249234872 -1.0829059087582529 -1.269871678855528 1.0
6.176450386376263 -1.1348842648689679 -1.184229017109301 1.0
6.259682066388663 -1.1756011625848037 -1.090969277456932 1.0
6.338003477613871 -1.20534379120381 -0.9904469693136203 1.0
6.410186747256269 -1.226493367446014 -0.8828985956131333 1.0
6.474667664440507 -1.2429165023738746 -0.7686615013199584 1.0
6.5298527381304226 -1.259007665330587 -0.6483689020693423 1.0
6.574455220993363 -1.2785769073004287 -0.5230646566374755 1.0
6.607769025915184 -1.303742143686667 -0.3941373216212556 1.0
6.62385496274529 -1.3329291506091443 -0.27542778772504456 1.0
6.615313447724623 -1.3619364238181266 -0.22206859171475213 1.0
6.677473223385158 -1.4045472920421511 0.2210307902681995 0.0 800 coil/filament1/filament2
6.904615362769431 -0.4133095824810675 0.21822542341027018 1.0
6.834932485170102 -0.4136664976977477 0.33831766315297285 1.0
6.826447106456352 -0.435589524621591 0.32038602809380734 1.0
6.80381284563543 -0.46698905020753007 0.38822051634916954 1.0
6.764946961660505 -0.5041400373704144 0.5030059758620442 1.0
6.71850877743912 -0.5468860856791414 0.6199578341392769 1.0
6.664950441846879 -0.5898800189596055 0.7340076383080979 1.0
6.603765446322284 -0.6276183016720804 0.8459661681495598 1.0
6.534301045722598 -0.6558773532018048 0.9558714104785471 1.0
6.4556647984794395 -0.6722352405515664 1.062818365422633 1.0
6.36691364408309 -0.6764989027853234 1.1648799726293215 1.0
6.267283577069303 -0.6706548843821495 1.2590878938699446 1.0
6.156552175792853 -0.6584035161597929 1.3415124071424784 1.0
6.035502280888863 -0.6444128022725505 1.4075627327124345 1.0
5.906310723274636 -0.6334538926197602 1.4525657537110903 1.0
5.77266459251655 -0.6295640119684033 1.472524818072271 1.0
5.639518067456988 -0.6353555176131811 1.464854750423461 1.0
5.512537688314667 -0.6515635969785942 1.428895758260897 1.0
5.39736649267971 -0.6768928409975498 1.3660829405034163 1.0
5.29887099208869 -0.7081785159114011 1.279737299084203 1.0
5.220535491790408 -0.7408252371883793 1.1745363678355358 1.0
5.164131172086941 -0.7694293927846323 1.0558076412601836 1.0
5.129725408346497 -0.7884405867898585 0.9288498540015819 1.0
5.116010697310367 -0.7927088501566341 0.7985324416100191 1.0
5.120731435119793 -0.7778896907116128 0.6693644792823977 1.0
5.140732405285777 -0.7409408314862825 0.5457825245753569 1.0
5.171440675925016 -0.6809264069858705 0.4317872333053957 1.0
5.206612362920161 -0.5996988865417684 0.3294861416975033 1.0
5.239371776346907 -0.5016751161101258 0.2378603829139523 1.0
5.263966013221788 -0.39262328485849923 0.1537279884240733 1.0
5.2762946217404245 -0.2786265997581956 0.0731196237580654 1.0
5.273961430029534 -0.16577404300669799 -0.0071316060013086775 1.0
5.256341332482163 -0.06024565061192387 -0.09005027746622457 1.0
5.223857212173336 0.03217902745915587 -0.17818678099481458 1.0
5.179080590486467 0.10618961016223447 -0.2738212238877128 1.0
5.125989929572261 0.15749360480970317 -0.3785477303405311 1.0
5.070209001745601 0.18362324323956428 -0.49250139282505184 1.0
5.017965954838282 0.18474758221851367 -0.6141304577082481 1.0
4.975333550021966 0.16398627001584754 -0.7407334971333295 1.0
4.947957344120653 0.12688284606941405 -0.8691712683190614 1.0
4.940851468196655 0.08037974333753063 -0.99610277911728 1.0
4.957924065147582 0.03185225924428666 -1.117872756376134 1.0
5.001386215117644 -0.011776538557157016 -1.2304959296903044 1.0
5.071349412742653 -0.04493302628400636 -1.3298955729498714 1.0
5.165752849539846 -0.06419588437552079 -1.4122872678170841 1.0
5.280587863622131 -0.068808461013321 -1.4745755365229 1.0
5.410343410958116 -0.06076175205214777 -1.5147155991353798 1.0
5.548645534108986 -0.04442486624610368 -1.5320173955280727 1.0
5.689073457650137 -0.025796296523263134 -1.527295943445758 1.0
5.8260261075944175 -0.011492405454502233 -1.5027207570601488 1.0
5.95538600344301 -0.0076070182388872695 -1.4613201781331158 1.0
6.074763876263155 -0.018611060118674763 -1.4063060443276634 1.0
6.183318735582707 -0.04650269076582408 -1.3404944516509933 1.0
6.281340260328459 -0.09040685283253344 -1.2660039708749058 1.0
6.369807253577508 -0.14672788168061335 -1.1842246007499346 1.0
6.450036111643575 -0.209817086684816 -1.0959220329353891 1.0
6.523402773929575 -0.27300205756429524 -1.001336585158273 1.0
6.591043099326811 -0.32978100733012633 -0.9002571198087849 1.0
6.653508275424449 -0.3749823144509031 -0.7921804326341155 1.0
6.710500134976727 -0.4056811327408679 -0.6766209454246567 1.0
6.760813637872354 -0.4216789608798959 -0.5535013081101587 1.0
6.802479889551871 -0.4254138534849582 -0.42345719939408566 1.0
6.825821766379016 -0.42094729104894457 -0.3011635647636486 1.0
6.816252579198172 -0.4134654975906743 -0.2468724260982233 1.0
6.904615362769431 -0.4133095824810675 0.21822542341027018 0.0 900 coil/filament1/filament2
