periods 0
begin filament
FOCUSADD Coils
6.956926991364086 0.4785928024662667 0.09027468999708253 1520000.0
6.877094887353724 0.473412550723723 0.09026199501176209 1520000.0
6.877094887353724 0.473412550723723 0.09026199501176209 1520000.0
6.877094887353724 0.473412550723723 0.09026199501176209 1520000.0
6.877094887353724 0.473412550723723 0.09026199501176209 1520000.0
6.877094887353724 0.473412550723723 0.09026199501176209 1520000.0
6.877094887353724 0.473412550723723 0.09026199501176209 1520000.0
6.877094887353724 0.473412550723723 0.09026199501176209 1520000.0
6.877094887353724 0.473412550723723 0.09026199501176209 1520000.0
6.877094887353724 0.473412550723723 0.09026199501176209 1520000.0
6.877094887353724 0.473412550723723 0.09026199501176209 1520000.0
6.877094887353724 0.473412550723723 0.09026199501176209 1520000.0
6.877094887353724 0.473412550723723 0.09026199501176209 1520000.0
6.877094887353724 0.473412550723723 0.09026199501176209 1520000.0
6.877094887353724 0.473412550723723 0.09026199501176209 1520000.0
6.877094887353724 0.473412550723723 0.09026199501176209 1520000.0
6.877094887353724 0.473412550723723 0.09026199501176209 1520000.0
6.877094887353724 0.473412550723723 0.09026199501176209 1520000.0
6.877094887353724 0.473412550723723 0.09026199501176209 1520000.0
6.877094887353724 0.473412550723723 0.09026199501176209 1520000.0
6.877094887353724 0.473412550723723 0.09026199501176209 1520000.0
6.877094887353724 0.473412550723723 0.09026199501176209 1520000.0
6.877094887353724 0.473412550723723 0.09026199501176209 1520000.0
6.877094887353724 0.473412550723723 0.09026199501176209 1520000.0
6.877094887353724 0.473412550723723 0.09026199501176209 1520000.0
6.877094887353724 0.473412550723723 0.09026199501176209 1520000.0
6.877094887353724 0.473412550723723 0.09026199501176209 1520000.0
6.877094887353724 0.473412550723723 0.09026199501176209 1520000.0
6.877094887353724 0.473412550723723 0.09026199501176209 1520000.0
6.877094887353724 0.473412550723723 0.09026199501176209 1520000.0
6.877094887353724 0.473412550723723 0.09026199501176209 1520000.0
6.877094887353724 0.473412550723723 0.09026199501176209 1520000.0
6.877094887353724 0.473412550723723 0.09026199501176209 1520000.0
6.877094887353724 0.473412550723723 0.09026199501176209 1520000.0
6.877094887353724 0.473412550723723 0.09026199501176209 1520000.0
6.877094887353724 0.473412550723723 0.09026199501176209 1520000.0
6.877094887353724 0.473412550723723 0.09026199501176209 1520000.0
6.877094887353724 0.473412550723723 0.09026199501176209 1520000.0
6.877094887353724 0.473412550723723 0.09026199501176209 1520000.0
6.877094887353724 0.473412550723723 0.09026199501176209 1520000.0
6.877094887353724 0.473412550723723 0.09026199501176209 1520000.0
6.877094887353724 0.473412550723723 0.09026199501176209 1520000.0
6.877094887353724 0.473412550723723 0.09026199501176209 1520000.0
6.877094887353724 0.473412550723723 0.09026199501176209 1520000.0
6.877094887353724 0.473412550723723 0.09026199501176209 1520000.0
6.877094887353724 0.473412550723723 0.09026199501176209 1520000.0
6.877094887353724 0.473412550723723 0.09026199501176209 1520000.0
6.877094887353724 0.473412550723723 0.09026199501176209 1520000.0
6.877094887353724 0.473412550723723 0.09026199501176209 1520000.0
6.877094887353724 0.473412550723723 0.09026199501176209 1520000.0
6.877094887353724 0.473412550723723 0.09026199501176209 1520000.0
6.877094887353724 0.473412550723723 0.09026199501176209 1520000.0
6.877094887353724 0.473412550723723 0.09026199501176209 1520000.0
6.877094887353724 0.473412550723723 0.09026199501176209 1520000.0
6.877094887353724 0.473412550723723 0.09026199501176209 1520000.0
6.877094887353724 0.473412550723723 0.09026199501176209 1520000.0
6.877094887353724 0.473412550723723 0.09026199501176209 1520000.0
6.877094887353724 0.473412550723723 0.09026199501176209 1520000.0
6.877094887353724 0.473412550723723 0.09026199501176209 1520000.0
6.877094887353724 0.473412550723723 0.09026199501176209 1520000.0
6.877094887353724 0.473412550723723 0.09026199501176209 1520000.0
6.877094887353724 0.473412550723723 0.09026199501176209 1520000.0
6.877094887353724 0.473412550723723 0.09026199501176209 1520000.0
6.877094887353724 0.473412550723723 0.09026199501176209 1520000.0
6.956926991364086 0.4785928024662667 0.09027468999708253 0.0 0,0,0 coil/filament1/filament2
6.951921434584988 0.4785314545919128 0.19226601342883126 1520000.0
6.872472732187718 0.47340085640058593 0.18441867951283264 1520000.0
6.872472732187718 0.47340085640058593 0.18441867951283264 1520000.0
6.872472732187718 0.47340085640058593 0.18441867951283264 1520000.0
6.872472732187718 0.47340085640058593 0.18441867951283264 1520000.0
6.872472732187718 0.47340085640058593 0.18441867951283264 1520000.0
6.872472732187718 0.47340085640058593 0.18441867951283264 1520000.0
6.872472732187718 0.47340085640058593 0.18441867951283264 1520000.0
6.872472732187718 0.47340085640058593 0.18441867951283264 1520000.0
6.872472732187718 0.47340085640058593 0.18441867951283264 1520000.0
6.872472732187718 0.47340085640058593 0.18441867951283264 1520000.0
6.872472732187718 0.47340085640058593 0.18441867951283264 1520000.0
6.872472732187718 0.47340085640058593 0.18441867951283264 1520000.0
6.872472732187718 0.47340085640058593 0.18441867951283264 1520000.0
6.872472732187718 0.47340085640058593 0.18441867951283264 1520000.0
6.872472732187718 0.47340085640058593 0.18441867951283264 1520000.0
6.872472732187718 0.47340085640058593 0.18441867951283264 1520000.0
6.872472732187718 0.47340085640058593 0.18441867951283264 1520000.0
6.872472732187718 0.47340085640058593 0.18441867951283264 1520000.0
6.872472732187718 0.47340085640058593 0.18441867951283264 1520000.0
6.872472732187718 0.47340085640058593 0.18441867951283264 1520000.0
6.872472732187718 0.47340085640058593 0.18441867951283264 1520000.0
6.872472732187718 0.47340085640058593 0.18441867951283264 1520000.0
6.872472732187718 0.47340085640058593 0.18441867951283264 1520000.0
6.872472732187718 0.47340085640058593 0.18441867951283264 1520000.0
6.872472732187718 0.47340085640058593 0.18441867951283264 1520000.0
6.872472732187718 0.47340085640058593 0.18441867951283264 1520000.0
6.872472732187718 0.47340085640058593 0.18441867951283264 1520000.0
6.872472732187718 0.47340085640058593 0.18441867951283264 1520000.0
6.872472732187718 0.47340085640058593 0.18441867951283264 1520000.0
6.872472732187718 0.47340085640058593 0.18441867951283264 1520000.0
6.872472732187718 0.47340085640058593 0.18441867951283264 1520000.0
6.872472732187718 0.47340085640058593 0.18441867951283264 1520000.0
6.872472732187718 0.47340085640058593 0.18441867951283264 1520000.0
6.872472732187718 0.47340085640058593 0.18441867951283264 1520000.0
6.872472732187718 0.47340085640058593 0.18441867951283264 1520000.0
6.872472732187718 0.47340085640058593 0.18441867951283264 1520000.0
6.872472732187718 0.47340085640058593 0.18441867951283264 1520000.0
6.872472732187718 0.47340085640058593 0.18441867951283264 1520000.0
6.872472732187718 0.47340085640058593 0.18441867951283264 1520000.0
6.872472732187718 0.47340085640058593 0.18441867951283264 1520000.0
6.872472732187718 0.47340085640058593 0.18441867951283264 1520000.0
6.872472732187718 0.47340085640058593 0.18441867951283264 1520000.0
6.872472732187718 0.47340085640058593 0.18441867951283264 1520000.0
6.872472732187718 0.47340085640058593 0.18441867951283264 1520000.0
6.872472732187718 0.47340085640058593 0.18441867951283264 1520000.0
6.872472732187718 0.47340085640058593 0.18441867951283264 1520000.0
6.872472732187718 0.47340085640058593 0.18441867951283264 1520000.0
6.872472732187718 0.47340085640058593 0.18441867951283264 1520000.0
6.872472732187718 0.47340085640058593 0.18441867951283264 1520000.0
6.872472732187718 0.47340085640058593 0.18441867951283264 1520000.0
6.872472732187718 0.47340085640058593 0.18441867951283264 1520000.0
6.872472732187718 0.47340085640058593 0.18441867951283264 1520000.0
6.872472732187718 0.47340085640058593 0.18441867951283264 1520000.0
6.872472732187718 0.47340085640058593 0.18441867951283264 1520000.0
6.872472732187718 0.47340085640058593 0.18441867951283264 1520000.0
6.872472732187718 0.47340085640058593 0.18441867951283264 1520000.0
6.872472732187718 0.47340085640058593 0.18441867951283264 1520000.0
6.872472732187718 0.47340085640058593 0.18441867951283264 1520000.0
6.872472732187718 0.47340085640058593 0.18441867951283264 1520000.0
6.872472732187718 0.47340085640058593 0.18441867951283264 1520000.0
6.872472732187718 0.47340085640058593 0.18441867951283264 1520000.0
6.872472732187718 0.47340085640058593 0.18441867951283264 1520000.0
6.872472732187718 0.47340085640058593 0.18441867951283264 1520000.0
6.951921434584988 0.4785314545919128 0.19226601342883126 0.0 0,0,1 coil/filament1/filament2
6.9621071892621895 0.39876099286840483 0.09049315296242764 1520000.0
6.882275085251828 0.39358074112586117 0.0904804579771072 1520000.0
6.882275085251828 0.39358074112586117 0.0904804579771072 1520000.0
6.882275085251828 0.39358074112586117 0.0904804579771072 1520000.0
6.882275085251828 0.39358074112586117 0.0904804579771072 1520000.0
6.882275085251828 0.39358074112586117 0.0904804579771072 1520000.0
6.882275085251828 0.39358074112586117 0.0904804579771072 1520000.0
6.882275085251828 0.39358074112586117 0.0904804579771072 1520000.0
6.882275085251828 0.39358074112586117 0.0904804579771072 1520000.0
6.882275085251828 0.39358074112586117 0.0904804579771072 1520000.0
6.882275085251828 0.39358074112586117 0.0904804579771072 1520000.0
6.882275085251828 0.39358074112586117 0.0904804579771072 1520000.0
6.882275085251828 0.39358074112586117 0.0904804579771072 1520000.0
6.882275085251828 0.39358074112586117 0.0904804579771072 1520000.0
6.882275085251828 0.39358074112586117 0.0904804579771072 1520000.0
6.882275085251828 0.39358074112586117 0.0904804579771072 1520000.0
6.882275085251828 0.39358074112586117 0.0904804579771072 1520000.0
6.882275085251828 0.39358074112586117 0.0904804579771072 1520000.0
6.882275085251828 0.39358074112586117 0.0904804579771072 1520000.0
6.882275085251828 0.39358074112586117 0.0904804579771072 1520000.0
6.882275085251828 0.39358074112586117 0.0904804579771072 1520000.0
6.882275085251828 0.39358074112586117 0.0904804579771072 1520000.0
6.882275085251828 0.39358074112586117 0.0904804579771072 1520000.0
6.882275085251828 0.39358074112586117 0.0904804579771072 1520000.0
6.882275085251828 0.39358074112586117 0.0904804579771072 1520000.0
6.882275085251828 0.39358074112586117 0.0904804579771072 1520000.0
6.882275085251828 0.39358074112586117 0.0904804579771072 1520000.0
6.882275085251828 0.39358074112586117 0.0904804579771072 1520000.0
6.882275085251828 0.39358074112586117 0.0904804579771072 1520000.0
6.882275085251828 0.39358074112586117 0.0904804579771072 1520000.0
6.882275085251828 0.39358074112586117 0.0904804579771072 1520000.0
6.882275085251828 0.39358074112586117 0.0904804579771072 1520000.0
6.882275085251828 0.39358074112586117 0.0904804579771072 1520000.0
6.882275085251828 0.39358074112586117 0.0904804579771072 1520000.0
6.882275085251828 0.39358074112586117 0.0904804579771072 1520000.0
6.882275085251828 0.39358074112586117 0.0904804579771072 1520000.0
6.882275085251828 0.39358074112586117 0.0904804579771072 1520000.0
6.882275085251828 0.39358074112586117 0.0904804579771072 1520000.0
6.882275085251828 0.39358074112586117 0.0904804579771072 1520000.0
6.882275085251828 0.39358074112586117 0.0904804579771072 1520000.0
6.882275085251828 0.39358074112586117 0.0904804579771072 1520000.0
6.882275085251828 0.39358074112586117 0.0904804579771072 1520000.0
6.882275085251828 0.39358074112586117 0.0904804579771072 1520000.0
6.882275085251828 0.39358074112586117 0.0904804579771072 1520000.0
6.882275085251828 0.39358074112586117 0.0904804579771072 1520000.0
6.882275085251828 0.39358074112586117 0.0904804579771072 1520000.0
6.882275085251828 0.39358074112586117 0.0904804579771072 1520000.0
6.882275085251828 0.39358074112586117 0.0904804579771072 1520000.0
6.882275085251828 0.39358074112586117 0.0904804579771072 1520000.0
6.882275085251828 0.39358074112586117 0.0904804579771072 1520000.0
6.882275085251828 0.39358074112586117 0.0904804579771072 1520000.0
6.882275085251828 0.39358074112586117 0.0904804579771072 1520000.0
6.882275085251828 0.39358074112586117 0.0904804579771072 1520000.0
6.882275085251828 0.39358074112586117 0.0904804579771072 1520000.0
6.882275085251828 0.39358074112586117 0.0904804579771072 1520000.0
6.882275085251828 0.39358074112586117 0.0904804579771072 1520000.0
6.882275085251828 0.39358074112586117 0.0904804579771072 1520000.0
6.882275085251828 0.39358074112586117 0.0904804579771072 1520000.0
6.882275085251828 0.39358074112586117 0.0904804579771072 1520000.0
6.882275085251828 0.39358074112586117 0.0904804579771072 1520000.0
6.882275085251828 0.39358074112586117 0.0904804579771072 1520000.0
6.882275085251828 0.39358074112586117 0.0904804579771072 1520000.0
6.882275085251828 0.39358074112586117 0.0904804579771072 1520000.0
6.882275085251828 0.39358074112586117 0.0904804579771072 1520000.0
6.9621071892621895 0.39876099286840483 0.09049315296242764 0.0 0,1,0 coil/filament1/filament2
6.957054500498681 0.3986966257669423 0.19249347949957918 1520000.0
6.877605798101411 0.39356602757561543 0.18464614558358056 1520000.0
6.877605798101411 0.39356602757561543 0.18464614558358056 1520000.0
6.877605798101411 0.39356602757561543 0.18464614558358056 1520000.0
6.877605798101411 0.39356602757561543 0.18464614558358056 1520000.0
6.877605798101411 0.39356602757561543 0.18464614558358056 1520000.0
6.877605798101411 0.39356602757561543 0.18464614558358056 1520000.0
6.877605798101411 0.39356602757561543 0.18464614558358056 1520000.0
6.877605798101411 0.39356602757561543 0.18464614558358056 1520000.0
6.877605798101411 0.39356602757561543 0.18464614558358056 1520000.0
6.877605798101411 0.39356602757561543 0.18464614558358056 1520000.0
6.877605798101411 0.39356602757561543 0.18464614558358056 1520000.0
6.877605798101411 0.39356602757561543 0.18464614558358056 1520000.0
6.877605798101411 0.39356602757561543 0.18464614558358056 1520000.0
6.877605798101411 0.39356602757561543 0.18464614558358056 1520000.0
6.877605798101411 0.39356602757561543 0.18464614558358056 1520000.0
6.877605798101411 0.39356602757561543 0.18464614558358056 1520000.0
6.877605798101411 0.39356602757561543 0.18464614558358056 1520000.0
6.877605798101411 0.39356602757561543 0.18464614558358056 1520000.0
6.877605798101411 0.39356602757561543 0.18464614558358056 1520000.0
6.877605798101411 0.39356602757561543 0.18464614558358056 1520000.0
6.877605798101411 0.39356602757561543 0.18464614558358056 1520000.0
6.877605798101411 0.39356602757561543 0.18464614558358056 1520000.0
6.877605798101411 0.39356602757561543 0.18464614558358056 1520000.0
6.877605798101411 0.39356602757561543 0.18464614558358056 1520000.0
6.877605798101411 0.39356602757561543 0.18464614558358056 1520000.0
6.877605798101411 0.39356602757561543 0.18464614558358056 1520000.0
6.877605798101411 0.39356602757561543 0.18464614558358056 1520000.0
6.877605798101411 0.39356602757561543 0.18464614558358056 1520000.0
6.877605798101411 0.39356602757561543 0.18464614558358056 1520000.0
6.877605798101411 0.39356602757561543 0.18464614558358056 1520000.0
6.877605798101411 0.39356602757561543 0.18464614558358056 1520000.0
6.877605798101411 0.39356602757561543 0.18464614558358056 1520000.0
6.877605798101411 0.39356602757561543 0.18464614558358056 1520000.0
6.877605798101411 0.39356602757561543 0.18464614558358056 1520000.0
6.877605798101411 0.39356602757561543 0.18464614558358056 1520000.0
6.877605798101411 0.39356602757561543 0.18464614558358056 1520000.0
6.877605798101411 0.39356602757561543 0.18464614558358056 1520000.0
6.877605798101411 0.39356602757561543 0.18464614558358056 1520000.0
6.877605798101411 0.39356602757561543 0.18464614558358056 1520000.0
6.877605798101411 0.39356602757561543 0.18464614558358056 1520000.0
6.877605798101411 0.39356602757561543 0.18464614558358056 1520000.0
6.877605798101411 0.39356602757561543 0.18464614558358056 1520000.0
6.877605798101411 0.39356602757561543 0.18464614558358056 1520000.0
6.877605798101411 0.39356602757561543 0.18464614558358056 1520000.0
6.877605798101411 0.39356602757561543 0.18464614558358056 1520000.0
6.877605798101411 0.39356602757561543 0.18464614558358056 1520000.0
6.877605798101411 0.39356602757561543 0.18464614558358056 1520000.0
6.877605798101411 0.39356602757561543 0.18464614558358056 1520000.0
6.877605798101411 0.39356602757561543 0.18464614558358056 1520000.0
6.877605798101411 0.39356602757561543 0.18464614558358056 1520000.0
6.877605798101411 0.39356602757561543 0.18464614558358056 1520000.0
6.877605798101411 0.39356602757561543 0.18464614558358056 1520000.0
6.877605798101411 0.39356602757561543 0.18464614558358056 1520000.0
6.877605798101411 0.39356602757561543 0.18464614558358056 1520000.0
6.877605798101411 0.39356602757561543 0.18464614558358056 1520000.0
6.877605798101411 0.39356602757561543 0.18464614558358056 1520000.0
6.877605798101411 0.39356602757561543 0.18464614558358056 1520000.0
6.877605798101411 0.39356602757561543 0.18464614558358056 1520000.0
6.877605798101411 0.39356602757561543 0.18464614558358056 1520000.0
6.877605798101411 0.39356602757561543 0.18464614558358056 1520000.0
6.877605798101411 0.39356602757561543 0.18464614558358056 1520000.0
6.877605798101411 0.39356602757561543 0.18464614558358056 1520000.0
6.877605798101411 0.39356602757561543 0.18464614558358056 1520000.0
6.957054500498681 0.3986966257669423 0.19249347949957918 0.0 0,1,1 coil/filament1/filament2
6.646557886108154 1.3116095231511502 0.22033276893023668 1520000.0
6.568051521305759 1.296222954992432 0.22026791670939183 1520000.0
6.568051521305759 1.296222954992432 0.22026791670939183 1520000.0
6.568051521305759 1.296222954992432 0.22026791670939183 1520000.0
6.568051521305759 1.296222954992432 0.22026791670939183 1520000.0
6.568051521305759 1.296222954992432 0.22026791670939183 1520000.0
6.568051521305759 1.296222954992432 0.22026791670939183 1520000.0
6.568051521305759 1.296222954992432 0.22026791670939183 1520000.0
6.568051521305759 1.296222954992432 0.22026791670939183 1520000.0
6.568051521305759 1.296222954992432 0.22026791670939183 1520000.0
6.568051521305759 1.296222954992432 0.22026791670939183 1520000.0
6.568051521305759 1.296222954992432 0.22026791670939183 1520000.0
6.568051521305759 1.296222954992432 0.22026791670939183 1520000.0
6.568051521305759 1.296222954992432 0.22026791670939183 1520000.0
6.568051521305759 1.296222954992432 0.22026791670939183 1520000.0
6.568051521305759 1.296222954992432 0.22026791670939183 1520000.0
6.568051521305759 1.296222954992432 0.22026791670939183 1520000.0
6.568051521305759 1.296222954992432 0.22026791670939183 1520000.0
6.568051521305759 1.296222954992432 0.22026791670939183 1520000.0
6.568051521305759 1.296222954992432 0.22026791670939183 1520000.0
6.568051521305759 1.296222954992432 0.22026791670939183 1520000.0
6.568051521305759 1.296222954992432 0.22026791670939183 1520000.0
6.568051521305759 1.296222954992432 0.22026791670939183 1520000.0
6.568051521305759 1.296222954992432 0.22026791670939183 1520000.0
6.568051521305759 1.296222954992432 0.22026791670939183 1520000.0
6.568051521305759 1.296222954992432 0.22026791670939183 1520000.0
6.568051521305759 1.296222954992432 0.22026791670939183 1520000.0
6.568051521305759 1.296222954992432 0.22026791670939183 1520000.0
6.568051521305759 1.296222954992432 0.22026791670939183 1520000.0
6.568051521305759 1.296222954992432 0.22026791670939183 1520000.0
6.568051521305759 1.296222954992432 0.22026791670939183 1520000.0
6.568051521305759 1.296222954992432 0.22026791670939183 1520000.0
6.568051521305759 1.296222954992432 0.22026791670939183 1520000.0
6.568051521305759 1.296222954992432 0.22026791670939183 1520000.0
6.568051521305759 1.296222954992432 0.22026791670939183 1520000.0
6.568051521305759 1.296222954992432 0.22026791670939183 1520000.0
6.568051521305759 1.296222954992432 0.22026791670939183 1520000.0
6.568051521305759 1.296222954992432 0.22026791670939183 1520000.0
6.568051521305759 1.296222954992432 0.22026791670939183 1520000.0
6.568051521305759 1.296222954992432 0.22026791670939183 1520000.0
6.568051521305759 1.296222954992432 0.22026791670939183 1520000.0
6.568051521305759 1.296222954992432 0.22026791670939183 1520000.0
6.568051521305759 1.296222954992432 0.22026791670939183 1520000.0
6.568051521305759 1.296222954992432 0.22026791670939183 1520000.0
6.568051521305759 1.296222954992432 0.22026791670939183 1520000.0
6.568051521305759 1.296222954992432 0.22026791670939183 1520000.0
6.568051521305759 1.296222954992432 0.22026791670939183 1520000.0
6.568051521305759 1.296222954992432 0.22026791670939183 1520000.0
6.568051521305759 1.296222954992432 0.22026791670939183 1520000.0
6.568051521305759 1.296222954992432 0.22026791670939183 1520000.0
6.568051521305759 1.296222954992432 0.22026791670939183 1520000.0
6.568051521305759 1.296222954992432 0.22026791670939183 1520000.0
6.568051521305759 1.296222954992432 0.22026791670939183 1520000.0
6.568051521305759 1.296222954992432 0.22026791670939183 1520000.0
6.568051521305759 1.296222954992432 0.22026791670939183 1520000.0
6.568051521305759 1.296222954992432 0.22026791670939183 1520000.0
6.568051521305759 1.296222954992432 0.22026791670939183 1520000.0
6.568051521305759 1.296222954992432 0.22026791670939183 1520000.0
6.568051521305759 1.296222954992432 0.22026791670939183 1520000.0
6.568051521305759 1.296222954992432 0.22026791670939183 1520000.0
6.568051521305759 1.296222954992432 0.22026791670939183 1520000.0
6.568051521305759 1.296222954992432 0.22026791670939183 1520000.0
6.568051521305759 1.296222954992432 0.22026791670939183 1520000.0
6.568051521305759 1.296222954992432 0.22026791670939183 1520000.0
6.646557886108154 1.3116095231511502 0.22033276893023668 0.0 1,0,0 coil/filament1/filament2
6.641493508622665 1.3109865319045837 0.32227681201552877 1520000.0
6.563378253843459 1.2956335866875677 0.31438415441856493 1520000.0
6.563378253843459 1.2956335866875677 0.31438415441856493 1520000.0
6.563378253843459 1.2956335866875677 0.31438415441856493 1520000.0
6.563378253843459 1.2956335866875677 0.31438415441856493 1520000.0
6.563378253843459 1.2956335866875677 0.31438415441856493 1520000.0
6.563378253843459 1.2956335866875677 0.31438415441856493 1520000.0
6.563378253843459 1.2956335866875677 0.31438415441856493 1520000.0
6.563378253843459 1.2956335866875677 0.31438415441856493 1520000.0
6.563378253843459 1.2956335866875677 0.31438415441856493 1520000.0
6.563378253843459 1.2956335866875677 0.31438415441856493 1520000.0
6.563378253843459 1.2956335866875677 0.31438415441856493 1520000.0
6.563378253843459 1.2956335866875677 0.31438415441856493 1520000.0
6.563378253843459 1.2956335866875677 0.31438415441856493 1520000.0
6.563378253843459 1.2956335866875677 0.31438415441856493 1520000.0
6.563378253843459 1.2956335866875677 0.31438415441856493 1520000.0
6.563378253843459 1.2956335866875677 0.31438415441856493 1520000.0
6.563378253843459 1.2956335866875677 0.31438415441856493 1520000.0
6.563378253843459 1.2956335866875677 0.31438415441856493 1520000.0
6.563378253843459 1.2956335866875677 0.31438415441856493 1520000.0
6.563378253843459 1.2956335866875677 0.31438415441856493 1520000.0
6.563378253843459 1.2956335866875677 0.31438415441856493 1520000.0
6.563378253843459 1.2956335866875677 0.31438415441856493 1520000.0
6.563378253843459 1.2956335866875677 0.31438415441856493 1520000.0
6.563378253843459 1.2956335866875677 0.31438415441856493 1520000.0
6.563378253843459 1.2956335866875677 0.31438415441856493 1520000.0
6.563378253843459 1.2956335866875677 0.31438415441856493 1520000.0
6.563378253843459 1.2956335866875677 0.31438415441856493 1520000.0
6.563378253843459 1.2956335866875677 0.31438415441856493 1520000.0
6.563378253843459 1.2956335866875677 0.31438415441856493 1520000.0
6.563378253843459 1.2956335866875677 0.31438415441856493 1520000.0
6.563378253843459 1.2956335866875677 0.31438415441856493 1520000.0
6.563378253843459 1.2956335866875677 0.31438415441856493 1520000.0
6.563378253843459 1.2956335866875677 0.31438415441856493 1520000.0
6.563378253843459 1.2956335866875677 0.31438415441856493 1520000.0
6.563378253843459 1.2956335866875677 0.31438415441856493 1520000.0
6.563378253843459 1.2956335866875677 0.31438415441856493 1520000.0
6.563378253843459 1.2956335866875677 0.31438415441856493 1520000.0
6.563378253843459 1.2956335866875677 0.31438415441856493 1520000.0
6.563378253843459 1.2956335866875677 0.31438415441856493 1520000.0
6.563378253843459 1.2956335866875677 0.31438415441856493 1520000.0
6.563378253843459 1.2956335866875677 0.31438415441856493 1520000.0
6.563378253843459 1.2956335866875677 0.31438415441856493 1520000.0
6.563378253843459 1.2956335866875677 0.31438415441856493 1520000.0
6.563378253843459 1.2956335866875677 0.31438415441856493 1520000.0
6.563378253843459 1.2956335866875677 0.31438415441856493 1520000.0
6.563378253843459 1.2956335866875677 0.31438415441856493 1520000.0
6.563378253843459 1.2956335866875677 0.31438415441856493 1520000.0
6.563378253843459 1.2956335866875677 0.31438415441856493 1520000.0
6.563378253843459 1.2956335866875677 0.31438415441856493 1520000.0
6.563378253843459 1.2956335866875677 0.31438415441856493 1520000.0
6.563378253843459 1.2956335866875677 0.31438415441856493 1520000.0
6.563378253843459 1.2956335866875677 0.31438415441856493 1520000.0
6.563378253843459 1.2956335866875677 0.31438415441856493 1520000.0
6.563378253843459 1.2956335866875677 0.31438415441856493 1520000.0
6.563378253843459 1.2956335866875677 0.31438415441856493 1520000.0
6.563378253843459 1.2956335866875677 0.31438415441856493 1520000.0
6.563378253843459 1.2956335866875677 0.31438415441856493 1520000.0
6.563378253843459 1.2956335866875677 0.31438415441856493 1520000.0
6.563378253843459 1.2956335866875677 0.31438415441856493 1520000.0
6.563378253843459 1.2956335866875677 0.31438415441856493 1520000.0
6.563378253843459 1.2956335866875677 0.31438415441856493 1520000.0
6.563378253843459 1.2956335866875677 0.31438415441856493 1520000.0
6.563378253843459 1.2956335866875677 0.31438415441856493 1520000.0
6.641493508622665 1.3109865319045837 0.32227681201552877 0.0 1,0,1 coil/filament1/filament2
6.661944165578217 1.2331035187471646 0.22059673216726344 1520000.0
6.5834378007758225 1.2177169505884464 0.2205318799464186 1520000.0
6.5834378007758225 1.2177169505884464 0.2205318799464186 1520000.0
6.5834378007758225 1.2177169505884464 0.2205318799464186 1520000.0
6.5834378007758225 1.2177169505884464 0.2205318799464186 1520000.0
6.5834378007758225 1.2177169505884464 0.2205318799464186 1520000.0
6.5834378007758225 1.2177169505884464 0.2205318799464186 1520000.0
6.5834378007758225 1.2177169505884464 0.2205318799464186 1520000.0
6.5834378007758225 1.2177169505884464 0.2205318799464186 1520000.0
6.5834378007758225 1.2177169505884464 0.2205318799464186 1520000.0
6.5834378007758225 1.2177169505884464 0.2205318799464186 1520000.0
6.5834378007758225 1.2177169505884464 0.2205318799464186 1520000.0
6.5834378007758225 1.2177169505884464 0.2205318799464186 1520000.0
6.5834378007758225 1.2177169505884464 0.2205318799464186 1520000.0
6.5834378007758225 1.2177169505884464 0.2205318799464186 1520000.0
6.5834378007758225 1.2177169505884464 0.2205318799464186 1520000.0
6.5834378007758225 1.2177169505884464 0.2205318799464186 1520000.0
6.5834378007758225 1.2177169505884464 0.2205318799464186 1520000.0
6.5834378007758225 1.2177169505884464 0.2205318799464186 1520000.0
6.5834378007758225 1.2177169505884464 0.2205318799464186 1520000.0
6.5834378007758225 1.2177169505884464 0.2205318799464186 1520000.0
6.5834378007758225 1.2177169505884464 0.2205318799464186 1520000.0
6.5834378007758225 1.2177169505884464 0.2205318799464186 1520000.0
6.5834378007758225 1.2177169505884464 0.2205318799464186 1520000.0
6.5834378007758225 1.2177169505884464 0.2205318799464186 1520000.0
6.5834378007758225 1.2177169505884464 0.2205318799464186 1520000.0
6.5834378007758225 1.2177169505884464 0.2205318799464186 1520000.0
6.5834378007758225 1.2177169505884464 0.2205318799464186 1520000.0
6.5834378007758225 1.2177169505884464 0.2205318799464186 1520000.0
6.5834378007758225 1.2177169505884464 0.2205318799464186 1520000.0
6.5834378007758225 1.2177169505884464 0.2205318799464186 1520000.0
6.5834378007758225 1.2177169505884464 0.2205318799464186 1520000.0
6.5834378007758225 1.2177169505884464 0.2205318799464186 1520000.0
6.5834378007758225 1.2177169505884464 0.2205318799464186 1520000.0
6.5834378007758225 1.2177169505884464 0.2205318799464186 1520000.0
6.5834378007758225 1.2177169505884464 0.2205318799464186 1520000.0
6.5834378007758225 1.2177169505884464 0.2205318799464186 1520000.0
6.5834378007758225 1.2177169505884464 0.2205318799464186 1520000.0
6.5834378007758225 1.2177169505884464 0.2205318799464186 1520000.0
6.5834378007758225 1.2177169505884464 0.2205318799464186 1520000.0
6.5834378007758225 1.2177169505884464 0.2205318799464186 1520000.0
6.5834378007758225 1.2177169505884464 0.2205318799464186 1520000.0
6.5834378007758225 1.2177169505884464 0.2205318799464186 1520000.0
6.5834378007758225 1.2177169505884464 0.2205318799464186 1520000.0
6.5834378007758225 1.2177169505884464 0.2205318799464186 1520000.0
6.5834378007758225 1.2177169505884464 0.2205318799464186 1520000.0
6.5834378007758225 1.2177169505884464 0.2205318799464186 1520000.0
6.5834378007758225 1.2177169505884464 0.2205318799464186 1520000.0
6.5834378007758225 1.2177169505884464 0.2205318799464186 1520000.0
6.5834378007758225 1.2177169505884464 0.2205318799464186 1520000.0
6.5834378007758225 1.2177169505884464 0.2205318799464186 1520000.0
6.5834378007758225 1.2177169505884464 0.2205318799464186 1520000.0
6.5834378007758225 1.2177169505884464 0.2205318799464186 1520000.0
6.5834378007758225 1.2177169505884464 0.2205318799464186 1520000.0
6.5834378007758225 1.2177169505884464 0.2205318799464186 1520000.0
6.5834378007758225 1.2177169505884464 0.2205318799464186 1520000.0
6.5834378007758225 1.2177169505884464 0.2205318799464186 1520000.0
6.5834378007758225 1.2177169505884464 0.2205318799464186 1520000.0
6.5834378007758225 1.2177169505884464 0.2205318799464186 1520000.0
6.5834378007758225 1.2177169505884464 0.2205318799464186 1520000.0
6.5834378007758225 1.2177169505884464 0.2205318799464186 1520000.0
6.5834378007758225 1.2177169505884464 0.2205318799464186 1520000.0
6.5834378007758225 1.2177169505884464 0.2205318799464186 1520000.0
6.5834378007758225 1.2177169505884464 0.2205318799464186 1520000.0
6.661944165578217 1.2331035187471646 0.22059673216726344 0.0 1,1,0 coil/filament1/filament2
6.656892798351353 1.2324831935940475 0.32257303820177297 1520000.0
6.578777543572147 1.2171302483770314 0.31468038060480913 1520000.0
6.578777543572147 1.2171302483770314 0.31468038060480913 1520000.0
6.578777543572147 1.2171302483770314 0.31468038060480913 1520000.0
6.578777543572147 1.2171302483770314 0.31468038060480913 1520000.0
6.578777543572147 1.2171302483770314 0.31468038060480913 1520000.0
6.578777543572147 1.2171302483770314 0.31468038060480913 1520000.0
6.578777543572147 1.2171302483770314 0.31468038060480913 1520000.0
6.578777543572147 1.2171302483770314 0.31468038060480913 1520000.0
6.578777543572147 1.2171302483770314 0.31468038060480913 1520000.0
6.578777543572147 1.2171302483770314 0.31468038060480913 1520000.0
6.578777543572147 1.2171302483770314 0.31468038060480913 1520000.0
6.578777543572147 1.2171302483770314 0.31468038060480913 1520000.0
6.578777543572147 1.2171302483770314 0.31468038060480913 1520000.0
6.578777543572147 1.2171302483770314 0.31468038060480913 1520000.0
6.578777543572147 1.2171302483770314 0.31468038060480913 1520000.0
6.578777543572147 1.2171302483770314 0.31468038060480913 1520000.0
6.578777543572147 1.2171302483770314 0.31468038060480913 1520000.0
6.578777543572147 1.2171302483770314 0.31468038060480913 1520000.0
6.578777543572147 1.2171302483770314 0.31468038060480913 1520000.0
6.578777543572147 1.2171302483770314 0.31468038060480913 1520000.0
6.578777543572147 1.2171302483770314 0.31468038060480913 1520000.0
6.578777543572147 1.2171302483770314 0.31468038060480913 1520000.0
6.578777543572147 1.2171302483770314 0.31468038060480913 1520000.0
6.578777543572147 1.2171302483770314 0.31468038060480913 1520000.0
6.578777543572147 1.2171302483770314 0.31468038060480913 1520000.0
6.578777543572147 1.2171302483770314 0.31468038060480913 1520000.0
6.578777543572147 1.2171302483770314 0.31468038060480913 1520000.0
6.578777543572147 1.2171302483770314 0.31468038060480913 1520000.0
6.578777543572147 1.2171302483770314 0.31468038060480913 1520000.0
6.578777543572147 1.2171302483770314 0.31468038060480913 1520000.0
6.578777543572147 1.2171302483770314 0.31468038060480913 1520000.0
6.578777543572147 1.2171302483770314 0.31468038060480913 1520000.0
6.578777543572147 1.2171302483770314 0.31468038060480913 1520000.0
6.578777543572147 1.2171302483770314 0.31468038060480913 1520000.0
6.578777543572147 1.2171302483770314 0.31468038060480913 1520000.0
6.578777543572147 1.2171302483770314 0.31468038060480913 1520000.0
6.578777543572147 1.2171302483770314 0.31468038060480913 1520000.0
6.578777543572147 1.2171302483770314 0.31468038060480913 1520000.0
6.578777543572147 1.2171302483770314 0.31468038060480913 1520000.0
6.578777543572147 1.2171302483770314 0.31468038060480913 1520000.0
6.578777543572147 1.2171302483770314 0.31468038060480913 1520000.0
6.578777543572147 1.2171302483770314 0.31468038060480913 1520000.0
6.578777543572147 1.2171302483770314 0.31468038060480913 1520000.0
6.578777543572147 1.2171302483770314 0.31468038060480913 1520000.0
6.578777543572147 1.2171302483770314 0.31468038060480913 1520000.0
6.578777543572147 1.2171302483770314 0.31468038060480913 1520000.0
6.578777543572147 1.2171302483770314 0.31468038060480913 1520000.0
6.578777543572147 1.2171302483770314 0.31468038060480913 1520000.0
6.578777543572147 1.2171302483770314 0.31468038060480913 1520000.0
6.578777543572147 1.2171302483770314 0.31468038060480913 1520000.0
6.578777543572147 1.2171302483770314 0.31468038060480913 1520000.0
6.578777543572147 1.2171302483770314 0.31468038060480913 1520000.0
6.578777543572147 1.2171302483770314 0.31468038060480913 1520000.0
6.578777543572147 1.2171302483770314 0.31468038060480913 1520000.0
6.578777543572147 1.2171302483770314 0.31468038060480913 1520000.0
6.578777543572147 1.2171302483770314 0.31468038060480913 1520000.0
6.578777543572147 1.2171302483770314 0.31468038060480913 1520000.0
6.578777543572147 1.2171302483770314 0.31468038060480913 1520000.0
6.578777543572147 1.2171302483770314 0.31468038060480913 1520000.0
6.578777543572147 1.2171302483770314 0.31468038060480913 1520000.0
6.578777543572147 1.2171302483770314 0.31468038060480913 1520000.0
6.578777543572147 1.2171302483770314 0.31468038060480913 1520000.0
6.578777543572147 1.2171302483770314 0.31468038060480913 1520000.0
6.656892798351353 1.2324831935940475 0.32257303820177297 0.0 1,1,1 coil/filament1/filament2
6.193109999901075 2.0584650747098525 0.2202657391792857 1520000.0
6.117112701563285 2.033478148298325 0.22001245305249428 1520000.0
6.117112701563285 2.033478148298325 0.22001245305249428 1520000.0
6.117112701563285 2.033478148298325 0.22001245305249428 1520000.0
6.117112701563285 2.033478148298325 0.22001245305249428 1520000.0
6.117112701563285 2.033478148298325 0.22001245305249428 1520000.0
6.117112701563285 2.033478148298325 0.22001245305249428 1520000.0
6.117112701563285 2.033478148298325 0.22001245305249428 1520000.0
6.117112701563285 2.033478148298325 0.22001245305249428 1520000.0
6.117112701563285 2.033478148298325 0.22001245305249428 1520000.0
6.117112701563285 2.033478148298325 0.22001245305249428 1520000.0
6.117112701563285 2.033478148298325 0.22001245305249428 1520000.0
6.117112701563285 2.033478148298325 0.22001245305249428 1520000.0
6.117112701563285 2.033478148298325 0.22001245305249428 1520000.0
6.117112701563285 2.033478148298325 0.22001245305249428 1520000.0
6.117112701563285 2.033478148298325 0.22001245305249428 1520000.0
6.117112701563285 2.033478148298325 0.22001245305249428 1520000.0
6.117112701563285 2.033478148298325 0.22001245305249428 1520000.0
6.117112701563285 2.033478148298325 0.22001245305249428 1520000.0
6.117112701563285 2.033478148298325 0.22001245305249428 1520000.0
6.117112701563285 2.033478148298325 0.22001245305249428 1520000.0
6.117112701563285 2.033478148298325 0.22001245305249428 1520000.0
6.117112701563285 2.033478148298325 0.22001245305249428 1520000.0
6.117112701563285 2.033478148298325 0.22001245305249428 1520000.0
6.117112701563285 2.033478148298325 0.22001245305249428 1520000.0
6.117112701563285 2.033478148298325 0.22001245305249428 1520000.0
6.117112701563285 2.033478148298325 0.22001245305249428 1520000.0
6.117112701563285 2.033478148298325 0.22001245305249428 1520000.0
6.117112701563285 2.033478148298325 0.22001245305249428 1520000.0
6.117112701563285 2.033478148298325 0.22001245305249428 1520000.0
6.117112701563285 2.033478148298325 0.22001245305249428 1520000.0
6.117112701563285 2.033478148298325 0.22001245305249428 1520000.0
6.117112701563285 2.033478148298325 0.22001245305249428 1520000.0
6.117112701563285 2.033478148298325 0.22001245305249428 1520000.0
6.117112701563285 2.033478148298325 0.22001245305249428 1520000.0
6.117112701563285 2.033478148298325 0.22001245305249428 1520000.0
6.117112701563285 2.033478148298325 0.22001245305249428 1520000.0
6.117112701563285 2.033478148298325 0.22001245305249428 1520000.0
6.117112701563285 2.033478148298325 0.22001245305249428 1520000.0
6.117112701563285 2.033478148298325 0.22001245305249428 1520000.0
6.117112701563285 2.033478148298325 0.22001245305249428 1520000.0
6.117112701563285 2.033478148298325 0.22001245305249428 1520000.0
6.117112701563285 2.033478148298325 0.22001245305249428 1520000.0
6.117112701563285 2.033478148298325 0.22001245305249428 1520000.0
6.117112701563285 2.033478148298325 0.22001245305249428 1520000.0
6.117112701563285 2.033478148298325 0.22001245305249428 1520000.0
6.117112701563285 2.033478148298325 0.22001245305249428 1520000.0
6.117112701563285 2.033478148298325 0.22001245305249428 1520000.0
6.117112701563285 2.033478148298325 0.22001245305249428 1520000.0
6.117112701563285 2.033478148298325 0.22001245305249428 1520000.0
6.117112701563285 2.033478148298325 0.22001245305249428 1520000.0
6.117112701563285 2.033478148298325 0.22001245305249428 1520000.0
6.117112701563285 2.033478148298325 0.22001245305249428 1520000.0
6.117112701563285 2.033478148298325 0.22001245305249428 1520000.0
6.117112701563285 2.033478148298325 0.22001245305249428 1520000.0
6.117112701563285 2.033478148298325 0.22001245305249428 1520000.0
6.117112701563285 2.033478148298325 0.22001245305249428 1520000.0
6.117112701563285 2.033478148298325 0.22001245305249428 1520000.0
6.117112701563285 2.033478148298325 0.22001245305249428 1520000.0
6.117112701563285 2.033478148298325 0.22001245305249428 1520000.0
6.117112701563285 2.033478148298325 0.22001245305249428 1520000.0
6.117112701563285 2.033478148298325 0.22001245305249428 1520000.0
6.117112701563285 2.033478148298325 0.22001245305249428 1520000.0
6.117112701563285 2.033478148298325 0.22001245305249428 1520000.0
6.193109999901075 2.0584650747098525 0.2202657391792857 0.0 2,0,0 coil/filament1/filament2
6.187897067495779 2.0574741234615836 0.3221350443348238 1520000.0
6.112289439439436 2.0325906550242103 0.31411634255587084 1520000.0
6.112289439439436 2.0325906550242103 0.31411634255587084 1520000.0
6.112289439439436 2.0325906550242103 0.31411634255587084 1520000.0
6.112289439439436 2.0325906550242103 0.31411634255587084 1520000.0
6.112289439439436 2.0325906550242103 0.31411634255587084 1520000.0
6.112289439439436 2.0325906550242103 0.31411634255587084 1520000.0
6.112289439439436 2.0325906550242103 0.31411634255587084 1520000.0
6.112289439439436 2.0325906550242103 0.31411634255587084 1520000.0
6.112289439439436 2.0325906550242103 0.31411634255587084 1520000.0
6.112289439439436 2.0325906550242103 0.31411634255587084 1520000.0
6.112289439439436 2.0325906550242103 0.31411634255587084 1520000.0
6.112289439439436 2.0325906550242103 0.31411634255587084 1520000.0
6.112289439439436 2.0325906550242103 0.31411634255587084 1520000.0
6.112289439439436 2.0325906550242103 0.31411634255587084 1520000.0
6.112289439439436 2.0325906550242103 0.31411634255587084 1520000.0
6.112289439439436 2.0325906550242103 0.31411634255587084 1520000.0
6.112289439439436 2.0325906550242103 0.31411634255587084 1520000.0
6.112289439439436 2.0325906550242103 0.31411634255587084 1520000.0
6.112289439439436 2.0325906550242103 0.31411634255587084 1520000.0
6.112289439439436 2.0325906550242103 0.31411634255587084 1520000.0
6.112289439439436 2.0325906550242103 0.31411634255587084 1520000.0
6.112289439439436 2.0325906550242103 0.31411634255587084 1520000.0
6.112289439439436 2.0325906550242103 0.31411634255587084 1520000.0
6.112289439439436 2.0325906550242103 0.31411634255587084 1520000.0
6.112289439439436 2.0325906550242103 0.31411634255587084 1520000.0
6.112289439439436 2.0325906550242103 0.31411634255587084 1520000.0
6.112289439439436 2.0325906550242103 0.31411634255587084 1520000.0
6.112289439439436 2.0325906550242103 0.31411634255587084 1520000.0
6.112289439439436 2.0325906550242103 0.31411634255587084 1520000.0
6.112289439439436 2.0325906550242103 0.31411634255587084 1520000.0
6.112289439439436 2.0325906550242103 0.31411634255587084 1520000.0
6.112289439439436 2.0325906550242103 0.31411634255587084 1520000.0
6.112289439439436 2.0325906550242103 0.31411634255587084 1520000.0
6.112289439439436 2.0325906550242103 0.31411634255587084 1520000.0
6.112289439439436 2.0325906550242103 0.31411634255587084 1520000.0
6.112289439439436 2.0325906550242103 0.31411634255587084 1520000.0
6.112289439439436 2.0325906550242103 0.31411634255587084 1520000.0
6.112289439439436 2.0325906550242103 0.31411634255587084 1520000.0
6.112289439439436 2.0325906550242103 0.31411634255587084 1520000.0
6.112289439439436 2.0325906550242103 0.31411634255587084 1520000.0
6.112289439439436 2.0325906550242103 0.31411634255587084 1520000.0
6.112289439439436 2.0325906550242103 0.31411634255587084 1520000.0
6.112289439439436 2.0325906550242103 0.31411634255587084 1520000.0
6.112289439439436 2.0325906550242103 0.31411634255587084 1520000.0
6.112289439439436 2.0325906550242103 0.31411634255587084 1520000.0
6.112289439439436 2.0325906550242103 0.31411634255587084 1520000.0
6.112289439439436 2.0325906550242103 0.31411634255587084 1520000.0
6.112289439439436 2.0325906550242103 0.31411634255587084 1520000.0
6.112289439439436 2.0325906550242103 0.31411634255587084 1520000.0
6.112289439439436 2.0325906550242103 0.31411634255587084 1520000.0
6.112289439439436 2.0325906550242103 0.31411634255587084 1520000.0
6.112289439439436 2.0325906550242103 0.31411634255587084 1520000.0
6.112289439439436 2.0325906550242103 0.31411634255587084 1520000.0
6.112289439439436 2.0325906550242103 0.31411634255587084 1520000.0
6.112289439439436 2.0325906550242103 0.31411634255587084 1520000.0
6.112289439439436 2.0325906550242103 0.31411634255587084 1520000.0
6.112289439439436 2.0325906550242103 0.31411634255587084 1520000.0
6.112289439439436 2.0325906550242103 0.31411634255587084 1520000.0
6.112289439439436 2.0325906550242103 0.31411634255587084 1520000.0
6.112289439439436 2.0325906550242103 0.31411634255587084 1520000.0
6.112289439439436 2.0325906550242103 0.31411634255587084 1520000.0
6.112289439439436 2.0325906550242103 0.31411634255587084 1520000.0
6.112289439439436 2.0325906550242103 0.31411634255587084 1520000.0
6.187897067495779 2.0574741234615836 0.3221350443348238 0.0 2,0,1 coil/filament1/filament2
6.218094645320741 1.98246882493479 0.22084669819666225 1520000.0
6.142097346982951 1.9574818985232625 0.22059341206987082 1520000.0
6.142097346982951 1.9574818985232625 0.22059341206987082 1520000.0
6.142097346982951 1.9574818985232625 0.22059341206987082 1520000.0
6.142097346982951 1.9574818985232625 0.22059341206987082 1520000.0
6.142097346982951 1.9574818985232625 0.22059341206987082 1520000.0
6.142097346982951 1.9574818985232625 0.22059341206987082 1520000.0
6.142097346982951 1.9574818985232625 0.22059341206987082 1520000.0
6.142097346982951 1.9574818985232625 0.22059341206987082 1520000.0
6.142097346982951 1.9574818985232625 0.22059341206987082 1520000.0
6.142097346982951 1.9574818985232625 0.22059341206987082 1520000.0
6.142097346982951 1.9574818985232625 0.22059341206987082 1520000.0
6.142097346982951 1.9574818985232625 0.22059341206987082 1520000.0
6.142097346982951 1.9574818985232625 0.22059341206987082 1520000.0
6.142097346982951 1.9574818985232625 0.22059341206987082 1520000.0
6.142097346982951 1.9574818985232625 0.22059341206987082 1520000.0
6.142097346982951 1.9574818985232625 0.22059341206987082 1520000.0
6.142097346982951 1.9574818985232625 0.22059341206987082 1520000.0
6.142097346982951 1.9574818985232625 0.22059341206987082 1520000.0
6.142097346982951 1.9574818985232625 0.22059341206987082 1520000.0
6.142097346982951 1.9574818985232625 0.22059341206987082 1520000.0
6.142097346982951 1.9574818985232625 0.22059341206987082 1520000.0
6.142097346982951 1.9574818985232625 0.22059341206987082 1520000.0
6.142097346982951 1.9574818985232625 0.22059341206987082 1520000.0
6.142097346982951 1.9574818985232625 0.22059341206987082 1520000.0
6.142097346982951 1.9574818985232625 0.22059341206987082 1520000.0
6.142097346982951 1.9574818985232625 0.22059341206987082 1520000.0
6.142097346982951 1.9574818985232625 0.22059341206987082 1520000.0
6.142097346982951 1.9574818985232625 0.22059341206987082 1520000.0
6.142097346982951 1.9574818985232625 0.22059341206987082 1520000.0
6.142097346982951 1.9574818985232625 0.22059341206987082 1520000.0
6.142097346982951 1.9574818985232625 0.22059341206987082 1520000.0
6.142097346982951 1.9574818985232625 0.22059341206987082 1520000.0
6.142097346982951 1.9574818985232625 0.22059341206987082 1520000.0
6.142097346982951 1.9574818985232625 0.22059341206987082 1520000.0
6.142097346982951 1.9574818985232625 0.22059341206987082 1520000.0
6.142097346982951 1.9574818985232625 0.22059341206987082 1520000.0
6.142097346982951 1.9574818985232625 0.22059341206987082 1520000.0
6.142097346982951 1.9574818985232625 0.22059341206987082 1520000.0
6.142097346982951 1.9574818985232625 0.22059341206987082 1520000.0
6.142097346982951 1.9574818985232625 0.22059341206987082 1520000.0
6.142097346982951 1.9574818985232625 0.22059341206987082 1520000.0
6.142097346982951 1.9574818985232625 0.22059341206987082 1520000.0
6.142097346982951 1.9574818985232625 0.22059341206987082 1520000.0
6.142097346982951 1.9574818985232625 0.22059341206987082 1520000.0
6.142097346982951 1.9574818985232625 0.22059341206987082 1520000.0
6.142097346982951 1.9574818985232625 0.22059341206987082 1520000.0
6.142097346982951 1.9574818985232625 0.22059341206987082 1520000.0
6.142097346982951 1.9574818985232625 0.22059341206987082 1520000.0
6.142097346982951 1.9574818985232625 0.22059341206987082 1520000.0
6.142097346982951 1.9574818985232625 0.22059341206987082 1520000.0
6.142097346982951 1.9574818985232625 0.22059341206987082 1520000.0
6.142097346982951 1.9574818985232625 0.22059341206987082 1520000.0
6.142097346982951 1.9574818985232625 0.22059341206987082 1520000.0
6.142097346982951 1.9574818985232625 0.22059341206987082 1520000.0
6.142097346982951 1.9574818985232625 0.22059341206987082 1520000.0
6.142097346982951 1.9574818985232625 0.22059341206987082 1520000.0
6.142097346982951 1.9574818985232625 0.22059341206987082 1520000.0
6.142097346982951 1.9574818985232625 0.22059341206987082 1520000.0
6.142097346982951 1.9574818985232625 0.22059341206987082 1520000.0
6.142097346982951 1.9574818985232625 0.22059341206987082 1520000.0
6.142097346982951 1.9574818985232625 0.22059341206987082 1520000.0
6.142097346982951 1.9574818985232625 0.22059341206987082 1520000.0
6.142097346982951 1.9574818985232625 0.22059341206987082 1520000.0
6.218094645320741 1.98246882493479 0.22084669819666225 0.0 2,1,0 coil/filament1/filament2
6.212855928449568 1.981468978581938 0.3226577409136596 1520000.0
6.1372483003932246 1.9565855101445648 0.31463903913470664 1520000.0
6.1372483003932246 1.9565855101445648 0.31463903913470664 1520000.0
6.1372483003932246 1.9565855101445648 0.31463903913470664 1520000.0
6.1372483003932246 1.9565855101445648 0.31463903913470664 1520000.0
6.1372483003932246 1.9565855101445648 0.31463903913470664 1520000.0
6.1372483003932246 1.9565855101445648 0.31463903913470664 1520000.0
6.1372483003932246 1.9565855101445648 0.31463903913470664 1520000.0
6.1372483003932246 1.9565855101445648 0.31463903913470664 1520000.0
6.1372483003932246 1.9565855101445648 0.31463903913470664 1520000.0
6.1372483003932246 1.9565855101445648 0.31463903913470664 1520000.0
6.1372483003932246 1.9565855101445648 0.31463903913470664 1520000.0
6.1372483003932246 1.9565855101445648 0.31463903913470664 1520000.0
6.1372483003932246 1.9565855101445648 0.31463903913470664 1520000.0
6.1372483003932246 1.9565855101445648 0.31463903913470664 1520000.0
6.1372483003932246 1.9565855101445648 0.31463903913470664 1520000.0
6.1372483003932246 1.9565855101445648 0.31463903913470664 1520000.0
6.1372483003932246 1.9565855101445648 0.31463903913470664 1520000.0
6.1372483003932246 1.9565855101445648 0.31463903913470664 1520000.0
6.1372483003932246 1.9565855101445648 0.31463903913470664 1520000.0
6.1372483003932246 1.9565855101445648 0.31463903913470664 1520000.0
6.1372483003932246 1.9565855101445648 0.31463903913470664 1520000.0
6.1372483003932246 1.9565855101445648 0.31463903913470664 1520000.0
6.1372483003932246 1.9565855101445648 0.31463903913470664 1520000.0
6.1372483003932246 1.9565855101445648 0.31463903913470664 1520000.0
6.1372483003932246 1.9565855101445648 0.31463903913470664 1520000.0
6.1372483003932246 1.9565855101445648 0.31463903913470664 1520000.0
6.1372483003932246 1.9565855101445648 0.31463903913470664 1520000.0
6.1372483003932246 1.9565855101445648 0.31463903913470664 1520000.0
6.1372483003932246 1.9565855101445648 0.31463903913470664 1520000.0
6.1372483003932246 1.9565855101445648 0.31463903913470664 1520000.0
6.1372483003932246 1.9565855101445648 0.31463903913470664 1520000.0
6.1372483003932246 1.9565855101445648 0.31463903913470664 1520000.0
6.1372483003932246 1.9565855101445648 0.31463903913470664 1520000.0
6.1372483003932246 1.9565855101445648 0.31463903913470664 1520000.0
6.1372483003932246 1.9565855101445648 0.31463903913470664 1520000.0
6.1372483003932246 1.9565855101445648 0.31463903913470664 1520000.0
6.1372483003932246 1.9565855101445648 0.31463903913470664 1520000.0
6.1372483003932246 1.9565855101445648 0.31463903913470664 1520000.0
6.1372483003932246 1.9565855101445648 0.31463903913470664 1520000.0
6.1372483003932246 1.9565855101445648 0.31463903913470664 1520000.0
6.1372483003932246 1.9565855101445648 0.31463903913470664 1520000.0
6.1372483003932246 1.9565855101445648 0.31463903913470664 1520000.0
6.1372483003932246 1.9565855101445648 0.31463903913470664 1520000.0
6.1372483003932246 1.9565855101445648 0.31463903913470664 1520000.0
6.1372483003932246 1.9565855101445648 0.31463903913470664 1520000.0
6.1372483003932246 1.9565855101445648 0.31463903913470664 1520000.0
6.1372483003932246 1.9565855101445648 0.31463903913470664 1520000.0
6.1372483003932246 1.9565855101445648 0.31463903913470664 1520000.0
6.1372483003932246 1.9565855101445648 0.31463903913470664 1520000.0
6.1372483003932246 1.9565855101445648 0.31463903913470664 1520000.0
6.1372483003932246 1.9565855101445648 0.31463903913470664 1520000.0
6.1372483003932246 1.9565855101445648 0.31463903913470664 1520000.0
6.1372483003932246 1.9565855101445648 0.31463903913470664 1520000.0
6.1372483003932246 1.9565855101445648 0.31463903913470664 1520000.0
6.1372483003932246 1.9565855101445648 0.31463903913470664 1520000.0
6.1372483003932246 1.9565855101445648 0.31463903913470664 1520000.0
6.1372483003932246 1.9565855101445648 0.31463903913470664 1520000.0
6.1372483003932246 1.9565855101445648 0.31463903913470664 1520000.0
6.1372483003932246 1.9565855101445648 0.31463903913470664 1520000.0
6.1372483003932246 1.9565855101445648 0.31463903913470664 1520000.0
6.1372483003932246 1.9565855101445648 0.31463903913470664 1520000.0
6.1372483003932246 1.9565855101445648 0.31463903913470664 1520000.0
6.1372483003932246 1.9565855101445648 0.31463903913470664 1520000.0
6.212855928449568 1.981468978581938 0.3226577409136596 0.0 2,1,1 coil/filament1/filament2
5.763421104980109 2.7558271606514886 0.1413730199519604 1520000.0
5.691085906230677 2.721663795639441 0.14067766900901205 1520000.0
5.691085906230677 2.721663795639441 0.14067766900901205 1520000.0
5.691085906230677 2.721663795639441 0.14067766900901205 1520000.0
5.691085906230677 2.721663795639441 0.14067766900901205 1520000.0
5.691085906230677 2.721663795639441 0.14067766900901205 1520000.0
5.691085906230677 2.721663795639441 0.14067766900901205 1520000.0
5.691085906230677 2.721663795639441 0.14067766900901205 1520000.0
5.691085906230677 2.721663795639441 0.14067766900901205 1520000.0
5.691085906230677 2.721663795639441 0.14067766900901205 1520000.0
5.691085906230677 2.721663795639441 0.14067766900901205 1520000.0
5.691085906230677 2.721663795639441 0.14067766900901205 1520000.0
5.691085906230677 2.721663795639441 0.14067766900901205 1520000.0
5.691085906230677 2.721663795639441 0.14067766900901205 1520000.0
5.691085906230677 2.721663795639441 0.14067766900901205 1520000.0
5.691085906230677 2.721663795639441 0.14067766900901205 1520000.0
5.691085906230677 2.721663795639441 0.14067766900901205 1520000.0
5.691085906230677 2.721663795639441 0.14067766900901205 1520000.0
5.691085906230677 2.721663795639441 0.14067766900901205 1520000.0
5.691085906230677 2.721663795639441 0.14067766900901205 1520000.0
5.691085906230677 2.721663795639441 0.14067766900901205 1520000.0
5.691085906230677 2.721663795639441 0.14067766900901205 1520000.0
5.691085906230677 2.721663795639441 0.14067766900901205 1520000.0
5.691085906230677 2.721663795639441 0.14067766900901205 1520000.0
5.691085906230677 2.721663795639441 0.14067766900901205 1520000.0
5.691085906230677 2.721663795639441 0.14067766900901205 1520000.0
5.691085906230677 2.721663795639441 0.14067766900901205 1520000.0
5.691085906230677 2.721663795639441 0.14067766900901205 1520000.0
5.691085906230677 2.721663795639441 0.14067766900901205 1520000.0
5.691085906230677 2.721663795639441 0.14067766900901205 1520000.0
5.691085906230677 2.721663795639441 0.14067766900901205 1520000.0
5.691085906230677 2.721663795639441 0.14067766900901205 1520000.0
5.691085906230677 2.721663795639441 0.14067766900901205 1520000.0
5.691085906230677 2.721663795639441 0.14067766900901205 1520000.0
5.691085906230677 2.721663795639441 0.14067766900901205 1520000.0
5.691085906230677 2.721663795639441 0.14067766900901205 1520000.0
5.691085906230677 2.721663795639441 0.14067766900901205 1520000.0
5.691085906230677 2.721663795639441 0.14067766900901205 1520000.0
5.691085906230677 2.721663795639441 0.14067766900901205 1520000.0
5.691085906230677 2.721663795639441 0.14067766900901205 1520000.0
5.691085906230677 2.721663795639441 0.14067766900901205 1520000.0
5.691085906230677 2.721663795639441 0.14067766900901205 1520000.0
5.691085906230677 2.721663795639441 0.14067766900901205 1520000.0
5.691085906230677 2.721663795639441 0.14067766900901205 1520000.0
5.691085906230677 2.721663795639441 0.14067766900901205 1520000.0
5.691085906230677 2.721663795639441 0.14067766900901205 1520000.0
5.691085906230677 2.721663795639441 0.14067766900901205 1520000.0
5.691085906230677 2.721663795639441 0.14067766900901205 1520000.0
5.691085906230677 2.721663795639441 0.14067766900901205 1520000.0
5.691085906230677 2.721663795639441 0.14067766900901205 1520000.0
5.691085906230677 2.721663795639441 0.14067766900901205 1520000.0
5.691085906230677 2.721663795639441 0.14067766900901205 1520000.0
5.691085906230677 2.721663795639441 0.14067766900901205 1520000.0
5.691085906230677 2.721663795639441 0.14067766900901205 1520000.0
5.691085906230677 2.721663795639441 0.14067766900901205 1520000.0
5.691085906230677 2.721663795639441 0.14067766900901205 1520000.0
5.691085906230677 2.721663795639441 0.14067766900901205 1520000.0
5.691085906230677 2.721663795639441 0.14067766900901205 1520000.0
5.691085906230677 2.721663795639441 0.14067766900901205 1520000.0
5.691085906230677 2.721663795639441 0.14067766900901205 1520000.0
5.691085906230677 2.721663795639441 0.14067766900901205 1520000.0
5.691085906230677 2.721663795639441 0.14067766900901205 1520000.0
5.691085906230677 2.721663795639441 0.14067766900901205 1520000.0
5.691085906230677 2.721663795639441 0.14067766900901205 1520000.0
5.763421104980109 2.7558271606514886 0.1413730199519604 0.0 3,0,0 coil/filament1/filament2
5.757698015489228 2.754525741569444 0.24306563791966104 1520000.0
5.685784246471007 2.720479798495055 0.23474196170241915 1520000.0
5.685784246471007 2.720479798495055 0.23474196170241915 1520000.0
5.685784246471007 2.720479798495055 0.23474196170241915 1520000.0
5.685784246471007 2.720479798495055 0.23474196170241915 1520000.0
5.685784246471007 2.720479798495055 0.23474196170241915 1520000.0
5.685784246471007 2.720479798495055 0.23474196170241915 1520000.0
5.685784246471007 2.720479798495055 0.23474196170241915 1520000.0
5.685784246471007 2.720479798495055 0.23474196170241915 1520000.0
5.685784246471007 2.720479798495055 0.23474196170241915 1520000.0
5.685784246471007 2.720479798495055 0.23474196170241915 1520000.0
5.685784246471007 2.720479798495055 0.23474196170241915 1520000.0
5.685784246471007 2.720479798495055 0.23474196170241915 1520000.0
5.685784246471007 2.720479798495055 0.23474196170241915 1520000.0
5.685784246471007 2.720479798495055 0.23474196170241915 1520000.0
5.685784246471007 2.720479798495055 0.23474196170241915 1520000.0
5.685784246471007 2.720479798495055 0.23474196170241915 1520000.0
5.685784246471007 2.720479798495055 0.23474196170241915 1520000.0
5.685784246471007 2.720479798495055 0.23474196170241915 1520000.0
5.685784246471007 2.720479798495055 0.23474196170241915 1520000.0
5.685784246471007 2.720479798495055 0.23474196170241915 1520000.0
5.685784246471007 2.720479798495055 0.23474196170241915 1520000.0
5.685784246471007 2.720479798495055 0.23474196170241915 1520000.0
5.685784246471007 2.720479798495055 0.23474196170241915 1520000.0
5.685784246471007 2.720479798495055 0.23474196170241915 1520000.0
5.685784246471007 2.720479798495055 0.23474196170241915 1520000.0
5.685784246471007 2.720479798495055 0.23474196170241915 1520000.0
5.685784246471007 2.720479798495055 0.23474196170241915 1520000.0
5.685784246471007 2.720479798495055 0.23474196170241915 1520000.0
5.685784246471007 2.720479798495055 0.23474196170241915 1520000.0
5.685784246471007 2.720479798495055 0.23474196170241915 1520000.0
5.685784246471007 2.720479798495055 0.23474196170241915 1520000.0
5.685784246471007 2.720479798495055 0.23474196170241915 1520000.0
5.685784246471007 2.720479798495055 0.23474196170241915 1520000.0
5.685784246471007 2.720479798495055 0.23474196170241915 1520000.0
5.685784246471007 2.720479798495055 0.23474196170241915 1520000.0
5.685784246471007 2.720479798495055 0.23474196170241915 1520000.0
5.685784246471007 2.720479798495055 0.23474196170241915 1520000.0
5.685784246471007 2.720479798495055 0.23474196170241915 1520000.0
5.685784246471007 2.720479798495055 0.23474196170241915 1520000.0
5.685784246471007 2.720479798495055 0.23474196170241915 1520000.0
5.685784246471007 2.720479798495055 0.23474196170241915 1520000.0
5.685784246471007 2.720479798495055 0.23474196170241915 1520000.0
5.685784246471007 2.720479798495055 0.23474196170241915 1520000.0
5.685784246471007 2.720479798495055 0.23474196170241915 1520000.0
5.685784246471007 2.720479798495055 0.23474196170241915 1520000.0
5.685784246471007 2.720479798495055 0.23474196170241915 1520000.0
5.685784246471007 2.720479798495055 0.23474196170241915 1520000.0
5.685784246471007 2.720479798495055 0.23474196170241915 1520000.0
5.685784246471007 2.720479798495055 0.23474196170241915 1520000.0
5.685784246471007 2.720479798495055 0.23474196170241915 1520000.0
5.685784246471007 2.720479798495055 0.23474196170241915 1520000.0
5.685784246471007 2.720479798495055 0.23474196170241915 1520000.0
5.685784246471007 2.720479798495055 0.23474196170241915 1520000.0
5.685784246471007 2.720479798495055 0.23474196170241915 1520000.0
5.685784246471007 2.720479798495055 0.23474196170241915 1520000.0
5.685784246471007 2.720479798495055 0.23474196170241915 1520000.0
5.685784246471007 2.720479798495055 0.23474196170241915 1520000.0
5.685784246471007 2.720479798495055 0.23474196170241915 1520000.0
5.685784246471007 2.720479798495055 0.23474196170241915 1520000.0
5.685784246471007 2.720479798495055 0.23474196170241915 1520000.0
5.685784246471007 2.720479798495055 0.23474196170241915 1520000.0
5.685784246471007 2.720479798495055 0.23474196170241915 1520000.0
5.685784246471007 2.720479798495055 0.23474196170241915 1520000.0
5.757698015489228 2.754525741569444 0.24306563791966104 0.0 3,0,1 coil/filament1/filament2
5.797574974876344 2.683491318419665 0.14239238236239468 1520000.0
5.725239776126912 2.6493279534076173 0.14169703141944634 1520000.0
5.725239776126912 2.6493279534076173 0.14169703141944634 1520000.0
5.725239776126912 2.6493279534076173 0.14169703141944634 1520000.0
5.725239776126912 2.6493279534076173 0.14169703141944634 1520000.0
5.725239776126912 2.6493279534076173 0.14169703141944634 1520000.0
5.725239776126912 2.6493279534076173 0.14169703141944634 1520000.0
5.725239776126912 2.6493279534076173 0.14169703141944634 1520000.0
5.725239776126912 2.6493279534076173 0.14169703141944634 1520000.0
5.725239776126912 2.6493279534076173 0.14169703141944634 1520000.0
5.725239776126912 2.6493279534076173 0.14169703141944634 1520000.0
5.725239776126912 2.6493279534076173 0.14169703141944634 1520000.0
5.725239776126912 2.6493279534076173 0.14169703141944634 1520000.0
5.725239776126912 2.6493279534076173 0.14169703141944634 1520000.0
5.725239776126912 2.6493279534076173 0.14169703141944634 1520000.0
5.725239776126912 2.6493279534076173 0.14169703141944634 1520000.0
5.725239776126912 2.6493279534076173 0.14169703141944634 1520000.0
5.725239776126912 2.6493279534076173 0.14169703141944634 1520000.0
5.725239776126912 2.6493279534076173 0.14169703141944634 1520000.0
5.725239776126912 2.6493279534076173 0.14169703141944634 1520000.0
5.725239776126912 2.6493279534076173 0.14169703141944634 1520000.0
5.725239776126912 2.6493279534076173 0.14169703141944634 1520000.0
5.725239776126912 2.6493279534076173 0.14169703141944634 1520000.0
5.725239776126912 2.6493279534076173 0.14169703141944634 1520000.0
5.725239776126912 2.6493279534076173 0.14169703141944634 1520000.0
5.725239776126912 2.6493279534076173 0.14169703141944634 1520000.0
5.725239776126912 2.6493279534076173 0.14169703141944634 1520000.0
5.725239776126912 2.6493279534076173 0.14169703141944634 1520000.0
5.725239776126912 2.6493279534076173 0.14169703141944634 1520000.0
5.725239776126912 2.6493279534076173 0.14169703141944634 1520000.0
5.725239776126912 2.6493279534076173 0.14169703141944634 1520000.0
5.725239776126912 2.6493279534076173 0.14169703141944634 1520000.0
5.725239776126912 2.6493279534076173 0.14169703141944634 1520000.0
5.725239776126912 2.6493279534076173 0.14169703141944634 1520000.0
5.725239776126912 2.6493279534076173 0.14169703141944634 1520000.0
5.725239776126912 2.6493279534076173 0.14169703141944634 1520000.0
5.725239776126912 2.6493279534076173 0.14169703141944634 1520000.0
5.725239776126912 2.6493279534076173 0.14169703141944634 1520000.0
5.725239776126912 2.6493279534076173 0.14169703141944634 1520000.0
5.725239776126912 2.6493279534076173 0.14169703141944634 1520000.0
5.725239776126912 2.6493279534076173 0.14169703141944634 1520000.0
5.725239776126912 2.6493279534076173 0.14169703141944634 1520000.0
5.725239776126912 2.6493279534076173 0.14169703141944634 1520000.0
5.725239776126912 2.6493279534076173 0.14169703141944634 1520000.0
5.725239776126912 2.6493279534076173 0.14169703141944634 1520000.0
5.725239776126912 2.6493279534076173 0.14169703141944634 1520000.0
5.725239776126912 2.6493279534076173 0.14169703141944634 1520000.0
5.725239776126912 2.6493279534076173 0.14169703141944634 1520000.0
5.725239776126912 2.6493279534076173 0.14169703141944634 1520000.0
5.725239776126912 2.6493279534076173 0.14169703141944634 1520000.0
5.725239776126912 2.6493279534076173 0.14169703141944634 1520000.0
5.725239776126912 2.6493279534076173 0.14169703141944634 1520000.0
5.725239776126912 2.6493279534076173 0.14169703141944634 1520000.0
5.725239776126912 2.6493279534076173 0.14169703141944634 1520000.0
5.725239776126912 2.6493279534076173 0.14169703141944634 1520000.0
5.725239776126912 2.6493279534076173 0.14169703141944634 1520000.0
5.725239776126912 2.6493279534076173 0.14169703141944634 1520000.0
5.725239776126912 2.6493279534076173 0.14169703141944634 1520000.0
5.725239776126912 2.6493279534076173 0.14169703141944634 1520000.0
5.725239776126912 2.6493279534076173 0.14169703141944634 1520000.0
5.725239776126912 2.6493279534076173 0.14169703141944634 1520000.0
5.725239776126912 2.6493279534076173 0.14169703141944634 1520000.0
5.725239776126912 2.6493279534076173 0.14169703141944634 1520000.0
5.725239776126912 2.6493279534076173 0.14169703141944634 1520000.0
5.797574974876344 2.683491318419665 0.14239238236239468 0.0 3,1,0 coil/filament1/filament2
5.7918346931239935 2.682181213372269 0.24404363586866054 1520000.0
5.7199209241057725 2.64813527029788 0.23571995965141865 1520000.0
5.7199209241057725 2.64813527029788 0.23571995965141865 1520000.0
5.7199209241057725 2.64813527029788 0.23571995965141865 1520000.0
5.7199209241057725 2.64813527029788 0.23571995965141865 1520000.0
5.7199209241057725 2.64813527029788 0.23571995965141865 1520000.0
5.7199209241057725 2.64813527029788 0.23571995965141865 1520000.0
5.7199209241057725 2.64813527029788 0.23571995965141865 1520000.0
5.7199209241057725 2.64813527029788 0.23571995965141865 1520000.0
5.7199209241057725 2.64813527029788 0.23571995965141865 1520000.0
5.7199209241057725 2.64813527029788 0.23571995965141865 1520000.0
5.7199209241057725 2.64813527029788 0.23571995965141865 1520000.0
5.7199209241057725 2.64813527029788 0.23571995965141865 1520000.0
5.7199209241057725 2.64813527029788 0.23571995965141865 1520000.0
5.7199209241057725 2.64813527029788 0.23571995965141865 1520000.0
5.7199209241057725 2.64813527029788 0.23571995965141865 1520000.0
5.7199209241057725 2.64813527029788 0.23571995965141865 1520000.0
5.7199209241057725 2.64813527029788 0.23571995965141865 1520000.0
5.7199209241057725 2.64813527029788 0.23571995965141865 1520000.0
5.7199209241057725 2.64813527029788 0.23571995965141865 1520000.0
5.7199209241057725 2.64813527029788 0.23571995965141865 1520000.0
5.7199209241057725 2.64813527029788 0.23571995965141865 1520000.0
5.7199209241057725 2.64813527029788 0.23571995965141865 1520000.0
5.7199209241057725 2.64813527029788 0.23571995965141865 1520000.0
5.7199209241057725 2.64813527029788 0.23571995965141865 1520000.0
5.7199209241057725 2.64813527029788 0.23571995965141865 1520000.0
5.7199209241057725 2.64813527029788 0.23571995965141865 1520000.0
5.7199209241057725 2.64813527029788 0.23571995965141865 1520000.0
5.7199209241057725 2.64813527029788 0.23571995965141865 1520000.0
5.7199209241057725 2.64813527029788 0.23571995965141865 1520000.0
5.7199209241057725 2.64813527029788 0.23571995965141865 1520000.0
5.7199209241057725 2.64813527029788 0.23571995965141865 1520000.0
5.7199209241057725 2.64813527029788 0.23571995965141865 1520000.0
5.7199209241057725 2.64813527029788 0.23571995965141865 1520000.0
5.7199209241057725 2.64813527029788 0.23571995965141865 1520000.0
5.7199209241057725 2.64813527029788 0.23571995965141865 1520000.0
5.7199209241057725 2.64813527029788 0.23571995965141865 1520000.0
5.7199209241057725 2.64813527029788 0.23571995965141865 1520000.0
5.7199209241057725 2.64813527029788 0.23571995965141865 1520000.0
5.7199209241057725 2.64813527029788 0.23571995965141865 1520000.0
5.7199209241057725 2.64813527029788 0.23571995965141865 1520000.0
5.7199209241057725 2.64813527029788 0.23571995965141865 1520000.0
5.7199209241057725 2.64813527029788 0.23571995965141865 1520000.0
5.7199209241057725 2.64813527029788 0.23571995965141865 1520000.0
5.7199209241057725 2.64813527029788 0.23571995965141865 1520000.0
5.7199209241057725 2.64813527029788 0.23571995965141865 1520000.0
5.7199209241057725 2.64813527029788 0.23571995965141865 1520000.0
5.7199209241057725 2.64813527029788 0.23571995965141865 1520000.0
5.7199209241057725 2.64813527029788 0.23571995965141865 1520000.0
5.7199209241057725 2.64813527029788 0.23571995965141865 1520000.0
5.7199209241057725 2.64813527029788 0.23571995965141865 1520000.0
5.7199209241057725 2.64813527029788 0.23571995965141865 1520000.0
5.7199209241057725 2.64813527029788 0.23571995965141865 1520000.0
5.7199209241057725 2.64813527029788 0.23571995965141865 1520000.0
5.7199209241057725 2.64813527029788 0.23571995965141865 1520000.0
5.7199209241057725 2.64813527029788 0.23571995965141865 1520000.0
5.7199209241057725 2.64813527029788 0.23571995965141865 1520000.0
5.7199209241057725 2.64813527029788 0.23571995965141865 1520000.0
5.7199209241057725 2.64813527029788 0.23571995965141865 1520000.0
5.7199209241057725 2.64813527029788 0.23571995965141865 1520000.0
5.7199209241057725 2.64813527029788 0.23571995965141865 1520000.0
5.7199209241057725 2.64813527029788 0.23571995965141865 1520000.0
5.7199209241057725 2.64813527029788 0.23571995965141865 1520000.0
5.7199209241057725 2.64813527029788 0.23571995965141865 1520000.0
5.7918346931239935 2.682181213372269 0.24404363586866054 0.0 3,1,1 coil/filament1/filament2
5.335472217456788 3.4302051453200644 0.047193908596148575 1520000.0
5.26786511213939 3.3874380946284575 0.04668529701180397 1520000.0
5.26786511213939 3.3874380946284575 0.04668529701180397 1520000.0
5.26786511213939 3.3874380946284575 0.04668529701180397 1520000.0
5.26786511213939 3.3874380946284575 0.04668529701180397 1520000.0
5.26786511213939 3.3874380946284575 0.04668529701180397 1520000.0
5.26786511213939 3.3874380946284575 0.04668529701180397 1520000.0
5.26786511213939 3.3874380946284575 0.04668529701180397 1520000.0
5.26786511213939 3.3874380946284575 0.04668529701180397 1520000.0
5.26786511213939 3.3874380946284575 0.04668529701180397 1520000.0
5.26786511213939 3.3874380946284575 0.04668529701180397 1520000.0
5.26786511213939 3.3874380946284575 0.04668529701180397 1520000.0
5.26786511213939 3.3874380946284575 0.04668529701180397 1520000.0
5.26786511213939 3.3874380946284575 0.04668529701180397 1520000.0
5.26786511213939 3.3874380946284575 0.04668529701180397 1520000.0
5.26786511213939 3.3874380946284575 0.04668529701180397 1520000.0
5.26786511213939 3.3874380946284575 0.04668529701180397 1520000.0
5.26786511213939 3.3874380946284575 0.04668529701180397 1520000.0
5.26786511213939 3.3874380946284575 0.04668529701180397 1520000.0
5.26786511213939 3.3874380946284575 0.04668529701180397 1520000.0
5.26786511213939 3.3874380946284575 0.04668529701180397 1520000.0
5.26786511213939 3.3874380946284575 0.04668529701180397 1520000.0
5.26786511213939 3.3874380946284575 0.04668529701180397 1520000.0
5.26786511213939 3.3874380946284575 0.04668529701180397 1520000.0
5.26786511213939 3.3874380946284575 0.04668529701180397 1520000.0
5.26786511213939 3.3874380946284575 0.04668529701180397 1520000.0
5.26786511213939 3.3874380946284575 0.04668529701180397 1520000.0
5.26786511213939 3.3874380946284575 0.04668529701180397 1520000.0
5.26786511213939 3.3874380946284575 0.04668529701180397 1520000.0
5.26786511213939 3.3874380946284575 0.04668529701180397 1520000.0
5.26786511213939 3.3874380946284575 0.04668529701180397 1520000.0
5.26786511213939 3.3874380946284575 0.04668529701180397 1520000.0
5.26786511213939 3.3874380946284575 0.04668529701180397 1520000.0
5.26786511213939 3.3874380946284575 0.04668529701180397 1520000.0
5.26786511213939 3.3874380946284575 0.04668529701180397 1520000.0
5.26786511213939 3.3874380946284575 0.04668529701180397 1520000.0
5.26786511213939 3.3874380946284575 0.04668529701180397 1520000.0
5.26786511213939 3.3874380946284575 0.04668529701180397 1520000.0
5.26786511213939 3.3874380946284575 0.04668529701180397 1520000.0
5.26786511213939 3.3874380946284575 0.04668529701180397 1520000.0
5.26786511213939 3.3874380946284575 0.04668529701180397 1520000.0
5.26786511213939 3.3874380946284575 0.04668529701180397 1520000.0
5.26786511213939 3.3874380946284575 0.04668529701180397 1520000.0
5.26786511213939 3.3874380946284575 0.04668529701180397 1520000.0
5.26786511213939 3.3874380946284575 0.04668529701180397 1520000.0
5.26786511213939 3.3874380946284575 0.04668529701180397 1520000.0
5.26786511213939 3.3874380946284575 0.04668529701180397 1520000.0
5.26786511213939 3.3874380946284575 0.04668529701180397 1520000.0
5.26786511213939 3.3874380946284575 0.04668529701180397 1520000.0
5.26786511213939 3.3874380946284575 0.04668529701180397 1520000.0
5.26786511213939 3.3874380946284575 0.04668529701180397 1520000.0
5.26786511213939 3.3874380946284575 0.04668529701180397 1520000.0
5.26786511213939 3.3874380946284575 0.04668529701180397 1520000.0
5.26786511213939 3.3874380946284575 0.04668529701180397 1520000.0
5.26786511213939 3.3874380946284575 0.04668529701180397 1520000.0
5.26786511213939 3.3874380946284575 0.04668529701180397 1520000.0
5.26786511213939 3.3874380946284575 0.04668529701180397 1520000.0
5.26786511213939 3.3874380946284575 0.04668529701180397 1520000.0
5.26786511213939 3.3874380946284575 0.04668529701180397 1520000.0
5.26786511213939 3.3874380946284575 0.04668529701180397 1520000.0
5.26786511213939 3.3874380946284575 0.04668529701180397 1520000.0
5.26786511213939 3.3874380946284575 0.04668529701180397 1520000.0
5.26786511213939 3.3874380946284575 0.04668529701180397 1520000.0
5.26786511213939 3.3874380946284575 0.04668529701180397 1520000.0
5.335472217456788 3.4302051453200644 0.047193908596148575 0.0 4,0,0 coil/filament1/filament2
5.331063488824811 3.4264263917709354 0.14873043284695245 1520000.0
5.263819504141627 3.383921774684524 0.1402685151999155 1520000.0
5.263819504141627 3.383921774684524 0.1402685151999155 1520000.0
5.263819504141627 3.383921774684524 0.1402685151999155 1520000.0
5.263819504141627 3.383921774684524 0.1402685151999155 1520000.0
5.263819504141627 3.383921774684524 0.1402685151999155 1520000.0
5.263819504141627 3.383921774684524 0.1402685151999155 1520000.0
5.263819504141627 3.383921774684524 0.1402685151999155 1520000.0
5.263819504141627 3.383921774684524 0.1402685151999155 1520000.0
5.263819504141627 3.383921774684524 0.1402685151999155 1520000.0
5.263819504141627 3.383921774684524 0.1402685151999155 1520000.0
5.263819504141627 3.383921774684524 0.1402685151999155 1520000.0
5.263819504141627 3.383921774684524 0.1402685151999155 1520000.0
5.263819504141627 3.383921774684524 0.1402685151999155 1520000.0
5.263819504141627 3.383921774684524 0.1402685151999155 1520000.0
5.263819504141627 3.383921774684524 0.1402685151999155 1520000.0
5.263819504141627 3.383921774684524 0.1402685151999155 1520000.0
5.263819504141627 3.383921774684524 0.1402685151999155 1520000.0
5.263819504141627 3.383921774684524 0.1402685151999155 1520000.0
5.263819504141627 3.383921774684524 0.1402685151999155 1520000.0
5.263819504141627 3.383921774684524 0.1402685151999155 1520000.0
5.263819504141627 3.383921774684524 0.1402685151999155 1520000.0
5.263819504141627 3.383921774684524 0.1402685151999155 1520000.0
5.263819504141627 3.383921774684524 0.1402685151999155 1520000.0
5.263819504141627 3.383921774684524 0.1402685151999155 1520000.0
5.263819504141627 3.383921774684524 0.1402685151999155 1520000.0
5.263819504141627 3.383921774684524 0.1402685151999155 1520000.0
5.263819504141627 3.383921774684524 0.1402685151999155 1520000.0
5.263819504141627 3.383921774684524 0.1402685151999155 1520000.0
5.263819504141627 3.383921774684524 0.1402685151999155 1520000.0
5.263819504141627 3.383921774684524 0.1402685151999155 1520000.0
5.263819504141627 3.383921774684524 0.1402685151999155 1520000.0
5.263819504141627 3.383921774684524 0.1402685151999155 1520000.0
5.263819504141627 3.383921774684524 0.1402685151999155 1520000.0
5.263819504141627 3.383921774684524 0.1402685151999155 1520000.0
5.263819504141627 3.383921774684524 0.1402685151999155 1520000.0
5.263819504141627 3.383921774684524 0.1402685151999155 1520000.0
5.263819504141627 3.383921774684524 0.1402685151999155 1520000.0
5.263819504141627 3.383921774684524 0.1402685151999155 1520000.0
5.263819504141627 3.383921774684524 0.1402685151999155 1520000.0
5.263819504141627 3.383921774684524 0.1402685151999155 1520000.0
5.263819504141627 3.383921774684524 0.1402685151999155 1520000.0
5.263819504141627 3.383921774684524 0.1402685151999155 1520000.0
5.263819504141627 3.383921774684524 0.1402685151999155 1520000.0
5.263819504141627 3.383921774684524 0.1402685151999155 1520000.0
5.263819504141627 3.383921774684524 0.1402685151999155 1520000.0
5.263819504141627 3.383921774684524 0.1402685151999155 1520000.0
5.263819504141627 3.383921774684524 0.1402685151999155 1520000.0
5.263819504141627 3.383921774684524 0.1402685151999155 1520000.0
5.263819504141627 3.383921774684524 0.1402685151999155 1520000.0
5.263819504141627 3.383921774684524 0.1402685151999155 1520000.0
5.263819504141627 3.383921774684524 0.1402685151999155 1520000.0
5.263819504141627 3.383921774684524 0.1402685151999155 1520000.0
5.263819504141627 3.383921774684524 0.1402685151999155 1520000.0
5.263819504141627 3.383921774684524 0.1402685151999155 1520000.0
5.263819504141627 3.383921774684524 0.1402685151999155 1520000.0
5.263819504141627 3.383921774684524 0.1402685151999155 1520000.0
5.263819504141627 3.383921774684524 0.1402685151999155 1520000.0
5.263819504141627 3.383921774684524 0.1402685151999155 1520000.0
5.263819504141627 3.383921774684524 0.1402685151999155 1520000.0
5.263819504141627 3.383921774684524 0.1402685151999155 1520000.0
5.263819504141627 3.383921774684524 0.1402685151999155 1520000.0
5.263819504141627 3.383921774684524 0.1402685151999155 1520000.0
5.263819504141627 3.383921774684524 0.1402685151999155 1520000.0
5.331063488824811 3.4264263917709354 0.14873043284695245 0.0 4,0,1 coil/filament1/filament2
5.378242011078093 3.3626067156228707 0.04609980802283394 1520000.0
5.310634905760695 3.319839664931264 0.045591196438489336 1520000.0
5.310634905760695 3.319839664931264 0.045591196438489336 1520000.0
5.310634905760695 3.319839664931264 0.045591196438489336 1520000.0
5.310634905760695 3.319839664931264 0.045591196438489336 1520000.0
5.310634905760695 3.319839664931264 0.045591196438489336 1520000.0
5.310634905760695 3.319839664931264 0.045591196438489336 1520000.0
5.310634905760695 3.319839664931264 0.045591196438489336 1520000.0
5.310634905760695 3.319839664931264 0.045591196438489336 1520000.0
5.310634905760695 3.319839664931264 0.045591196438489336 1520000.0
5.310634905760695 3.319839664931264 0.045591196438489336 1520000.0
5.310634905760695 3.319839664931264 0.045591196438489336 1520000.0
5.310634905760695 3.319839664931264 0.045591196438489336 1520000.0
5.310634905760695 3.319839664931264 0.045591196438489336 1520000.0
5.310634905760695 3.319839664931264 0.045591196438489336 1520000.0
5.310634905760695 3.319839664931264 0.045591196438489336 1520000.0
5.310634905760695 3.319839664931264 0.045591196438489336 1520000.0
5.310634905760695 3.319839664931264 0.045591196438489336 1520000.0
5.310634905760695 3.319839664931264 0.045591196438489336 1520000.0
5.310634905760695 3.319839664931264 0.045591196438489336 1520000.0
5.310634905760695 3.319839664931264 0.045591196438489336 1520000.0
5.310634905760695 3.319839664931264 0.045591196438489336 1520000.0
5.310634905760695 3.319839664931264 0.045591196438489336 1520000.0
5.310634905760695 3.319839664931264 0.045591196438489336 1520000.0
5.310634905760695 3.319839664931264 0.045591196438489336 1520000.0
5.310634905760695 3.319839664931264 0.045591196438489336 1520000.0
5.310634905760695 3.319839664931264 0.045591196438489336 1520000.0
5.310634905760695 3.319839664931264 0.045591196438489336 1520000.0
5.310634905760695 3.319839664931264 0.045591196438489336 1520000.0
5.310634905760695 3.319839664931264 0.045591196438489336 1520000.0
5.310634905760695 3.319839664931264 0.045591196438489336 1520000.0
5.310634905760695 3.319839664931264 0.045591196438489336 1520000.0
5.310634905760695 3.319839664931264 0.045591196438489336 1520000.0
5.310634905760695 3.319839664931264 0.045591196438489336 1520000.0
5.310634905760695 3.319839664931264 0.045591196438489336 1520000.0
5.310634905760695 3.319839664931264 0.045591196438489336 1520000.0
5.310634905760695 3.319839664931264 0.045591196438489336 1520000.0
5.310634905760695 3.319839664931264 0.045591196438489336 1520000.0
5.310634905760695 3.319839664931264 0.045591196438489336 1520000.0
5.310634905760695 3.319839664931264 0.045591196438489336 1520000.0
5.310634905760695 3.319839664931264 0.045591196438489336 1520000.0
5.310634905760695 3.319839664931264 0.045591196438489336 1520000.0
5.310634905760695 3.319839664931264 0.045591196438489336 1520000.0
5.310634905760695 3.319839664931264 0.045591196438489336 1520000.0
5.310634905760695 3.319839664931264 0.045591196438489336 1520000.0
5.310634905760695 3.319839664931264 0.045591196438489336 1520000.0
5.310634905760695 3.319839664931264 0.045591196438489336 1520000.0
5.310634905760695 3.319839664931264 0.045591196438489336 1520000.0
5.310634905760695 3.319839664931264 0.045591196438489336 1520000.0
5.310634905760695 3.319839664931264 0.045591196438489336 1520000.0
5.310634905760695 3.319839664931264 0.045591196438489336 1520000.0
5.310634905760695 3.319839664931264 0.045591196438489336 1520000.0
5.310634905760695 3.319839664931264 0.045591196438489336 1520000.0
5.310634905760695 3.319839664931264 0.045591196438489336 1520000.0
5.310634905760695 3.319839664931264 0.045591196438489336 1520000.0
5.310634905760695 3.319839664931264 0.045591196438489336 1520000.0
5.310634905760695 3.319839664931264 0.045591196438489336 1520000.0
5.310634905760695 3.319839664931264 0.045591196438489336 1520000.0
5.310634905760695 3.319839664931264 0.045591196438489336 1520000.0
5.310634905760695 3.319839664931264 0.045591196438489336 1520000.0
5.310634905760695 3.319839664931264 0.045591196438489336 1520000.0
5.310634905760695 3.319839664931264 0.045591196438489336 1520000.0
5.310634905760695 3.319839664931264 0.045591196438489336 1520000.0
5.310634905760695 3.319839664931264 0.045591196438489336 1520000.0
5.378242011078093 3.3626067156228707 0.04609980802283394 0.0 4,1,0 coil/filament1/filament2
5.373832653484226 3.3588192833156714 0.1484521512377463 1520000.0
5.306588668801042 3.31631466622926 0.13999023359070936 1520000.0
5.306588668801042 3.31631466622926 0.13999023359070936 1520000.0
5.306588668801042 3.31631466622926 0.13999023359070936 1520000.0
5.306588668801042 3.31631466622926 0.13999023359070936 1520000.0
5.306588668801042 3.31631466622926 0.13999023359070936 1520000.0
5.306588668801042 3.31631466622926 0.13999023359070936 1520000.0
5.306588668801042 3.31631466622926 0.13999023359070936 1520000.0
5.306588668801042 3.31631466622926 0.13999023359070936 1520000.0
5.306588668801042 3.31631466622926 0.13999023359070936 1520000.0
5.306588668801042 3.31631466622926 0.13999023359070936 1520000.0
5.306588668801042 3.31631466622926 0.13999023359070936 1520000.0
5.306588668801042 3.31631466622926 0.13999023359070936 1520000.0
5.306588668801042 3.31631466622926 0.13999023359070936 1520000.0
5.306588668801042 3.31631466622926 0.13999023359070936 1520000.0
5.306588668801042 3.31631466622926 0.13999023359070936 1520000.0
5.306588668801042 3.31631466622926 0.13999023359070936 1520000.0
5.306588668801042 3.31631466622926 0.13999023359070936 1520000.0
5.306588668801042 3.31631466622926 0.13999023359070936 1520000.0
5.306588668801042 3.31631466622926 0.13999023359070936 1520000.0
5.306588668801042 3.31631466622926 0.13999023359070936 1520000.0
5.306588668801042 3.31631466622926 0.13999023359070936 1520000.0
5.306588668801042 3.31631466622926 0.13999023359070936 1520000.0
5.306588668801042 3.31631466622926 0.13999023359070936 1520000.0
5.306588668801042 3.31631466622926 0.13999023359070936 1520000.0
5.306588668801042 3.31631466622926 0.13999023359070936 1520000.0
5.306588668801042 3.31631466622926 0.13999023359070936 1520000.0
5.306588668801042 3.31631466622926 0.13999023359070936 1520000.0
5.306588668801042 3.31631466622926 0.13999023359070936 1520000.0
5.306588668801042 3.31631466622926 0.13999023359070936 1520000.0
5.306588668801042 3.31631466622926 0.13999023359070936 1520000.0
5.306588668801042 3.31631466622926 0.13999023359070936 1520000.0
5.306588668801042 3.31631466622926 0.13999023359070936 1520000.0
5.306588668801042 3.31631466622926 0.13999023359070936 1520000.0
5.306588668801042 3.31631466622926 0.13999023359070936 1520000.0
5.306588668801042 3.31631466622926 0.13999023359070936 1520000.0
5.306588668801042 3.31631466622926 0.13999023359070936 1520000.0
5.306588668801042 3.31631466622926 0.13999023359070936 1520000.0
5.306588668801042 3.31631466622926 0.13999023359070936 1520000.0
5.306588668801042 3.31631466622926 0.13999023359070936 1520000.0
5.306588668801042 3.31631466622926 0.13999023359070936 1520000.0
5.306588668801042 3.31631466622926 0.13999023359070936 1520000.0
5.306588668801042 3.31631466622926 0.13999023359070936 1520000.0
5.306588668801042 3.31631466622926 0.13999023359070936 1520000.0
5.306588668801042 3.31631466622926 0.13999023359070936 1520000.0
5.306588668801042 3.31631466622926 0.13999023359070936 1520000.0
5.306588668801042 3.31631466622926 0.13999023359070936 1520000.0
5.306588668801042 3.31631466622926 0.13999023359070936 1520000.0
5.306588668801042 3.31631466622926 0.13999023359070936 1520000.0
5.306588668801042 3.31631466622926 0.13999023359070936 1520000.0
5.306588668801042 3.31631466622926 0.13999023359070936 1520000.0
5.306588668801042 3.31631466622926 0.13999023359070936 1520000.0
5.306588668801042 3.31631466622926 0.13999023359070936 1520000.0
5.306588668801042 3.31631466622926 0.13999023359070936 1520000.0
5.306588668801042 3.31631466622926 0.13999023359070936 1520000.0
5.306588668801042 3.31631466622926 0.13999023359070936 1520000.0
5.306588668801042 3.31631466622926 0.13999023359070936 1520000.0
5.306588668801042 3.31631466622926 0.13999023359070936 1520000.0
5.306588668801042 3.31631466622926 0.13999023359070936 1520000.0
5.306588668801042 3.31631466622926 0.13999023359070936 1520000.0
5.306588668801042 3.31631466622926 0.13999023359070936 1520000.0
5.306588668801042 3.31631466622926 0.13999023359070936 1520000.0
5.306588668801042 3.31631466622926 0.13999023359070936 1520000.0
5.306588668801042 3.31631466622926 0.13999023359070936 1520000.0
5.373832653484226 3.3588192833156714 0.1484521512377463 0.0 4,1,1 coil/filament1/filament2
