periods 0
begin filament
FOCUSADD Coils
6.864559144080593 0.4696859176943426 0.06209021695006288 1620000.0000002128
6.7849208209941665 0.46232345922931734 0.06021093481777023 1620000.0000002128
6.7849208209941665 0.46232345922931734 0.06021093481777023 1620000.0000002128
6.7849208209941665 0.46232345922931734 0.06021093481777023 1620000.0000002128
6.7849208209941665 0.46232345922931734 0.06021093481777023 1620000.0000002128
6.7849208209941665 0.46232345922931734 0.06021093481777023 1620000.0000002128
6.7849208209941665 0.46232345922931734 0.06021093481777023 1620000.0000002128
6.7849208209941665 0.46232345922931734 0.06021093481777023 1620000.0000002128
6.7849208209941665 0.46232345922931734 0.06021093481777023 1620000.0000002128
6.7849208209941665 0.46232345922931734 0.06021093481777023 1620000.0000002128
6.7849208209941665 0.46232345922931734 0.06021093481777023 1620000.0000002128
6.7849208209941665 0.46232345922931734 0.06021093481777023 1620000.0000002128
6.7849208209941665 0.46232345922931734 0.06021093481777023 1620000.0000002128
6.7849208209941665 0.46232345922931734 0.06021093481777023 1620000.0000002128
6.7849208209941665 0.46232345922931734 0.06021093481777023 1620000.0000002128
6.7849208209941665 0.46232345922931734 0.06021093481777023 1620000.0000002128
6.7849208209941665 0.46232345922931734 0.06021093481777023 1620000.0000002128
6.7849208209941665 0.46232345922931734 0.06021093481777023 1620000.0000002128
6.7849208209941665 0.46232345922931734 0.06021093481777023 1620000.0000002128
6.7849208209941665 0.46232345922931734 0.06021093481777023 1620000.0000002128
6.7849208209941665 0.46232345922931734 0.06021093481777023 1620000.0000002128
6.7849208209941665 0.46232345922931734 0.06021093481777023 1620000.0000002128
6.7849208209941665 0.46232345922931734 0.06021093481777023 1620000.0000002128
6.7849208209941665 0.46232345922931734 0.06021093481777023 1620000.0000002128
6.7849208209941665 0.46232345922931734 0.06021093481777023 1620000.0000002128
6.7849208209941665 0.46232345922931734 0.06021093481777023 1620000.0000002128
6.7849208209941665 0.46232345922931734 0.06021093481777023 1620000.0000002128
6.7849208209941665 0.46232345922931734 0.06021093481777023 1620000.0000002128
6.7849208209941665 0.46232345922931734 0.06021093481777023 1620000.0000002128
6.7849208209941665 0.46232345922931734 0.06021093481777023 1620000.0000002128
6.7849208209941665 0.46232345922931734 0.06021093481777023 1620000.0000002128
6.7849208209941665 0.46232345922931734 0.06021093481777023 1620000.0000002128
6.7849208209941665 0.46232345922931734 0.06021093481777023 1620000.0000002128
6.7849208209941665 0.46232345922931734 0.06021093481777023 1620000.0000002128
6.7849208209941665 0.46232345922931734 0.06021093481777023 1620000.0000002128
6.7849208209941665 0.46232345922931734 0.06021093481777023 1620000.0000002128
6.7849208209941665 0.46232345922931734 0.06021093481777023 1620000.0000002128
6.7849208209941665 0.46232345922931734 0.06021093481777023 1620000.0000002128
6.7849208209941665 0.46232345922931734 0.06021093481777023 1620000.0000002128
6.7849208209941665 0.46232345922931734 0.06021093481777023 1620000.0000002128
6.7849208209941665 0.46232345922931734 0.06021093481777023 1620000.0000002128
6.7849208209941665 0.46232345922931734 0.06021093481777023 1620000.0000002128
6.7849208209941665 0.46232345922931734 0.06021093481777023 1620000.0000002128
6.7849208209941665 0.46232345922931734 0.06021093481777023 1620000.0000002128
6.7849208209941665 0.46232345922931734 0.06021093481777023 1620000.0000002128
6.7849208209941665 0.46232345922931734 0.06021093481777023 1620000.0000002128
6.7849208209941665 0.46232345922931734 0.06021093481777023 1620000.0000002128
6.7849208209941665 0.46232345922931734 0.06021093481777023 1620000.0000002128
6.7849208209941665 0.46232345922931734 0.06021093481777023 1620000.0000002128
6.7849208209941665 0.46232345922931734 0.06021093481777023 1620000.0000002128
6.7849208209941665 0.46232345922931734 0.06021093481777023 1620000.0000002128
6.7849208209941665 0.46232345922931734 0.06021093481777023 1620000.0000002128
6.7849208209941665 0.46232345922931734 0.06021093481777023 1620000.0000002128
6.7849208209941665 0.46232345922931734 0.06021093481777023 1620000.0000002128
6.7849208209941665 0.46232345922931734 0.06021093481777023 1620000.0000002128
6.7849208209941665 0.46232345922931734 0.06021093481777023 1620000.0000002128
6.7849208209941665 0.46232345922931734 0.06021093481777023 1620000.0000002128
6.7849208209941665 0.46232345922931734 0.06021093481777023 1620000.0000002128
6.7849208209941665 0.46232345922931734 0.06021093481777023 1620000.0000002128
6.7849208209941665 0.46232345922931734 0.06021093481777023 1620000.0000002128
6.7849208209941665 0.46232345922931734 0.06021093481777023 1620000.0000002128
6.7849208209941665 0.46232345922931734 0.06021093481777023 1620000.0000002128
6.7849208209941665 0.46232345922931734 0.06021093481777023 1620000.0000002128
6.7849208209941665 0.46232345922931734 0.06021093481777023 1620000.0000002128
6.864559144080593 0.4696859176943426 0.06209021695006288 0.0 0,0,0 coil/filament1/filament2
6.860680821196196 0.4625265924069969 0.15416446795368438 1620000.0000002128
6.781223437023021 0.45552452620124906 0.1480411380420363 1620000.0000002128
6.781223437023021 0.45552452620124906 0.1480411380420363 1620000.0000002128
6.781223437023021 0.45552452620124906 0.1480411380420363 1620000.0000002128
6.781223437023021 0.45552452620124906 0.1480411380420363 1620000.0000002128
6.781223437023021 0.45552452620124906 0.1480411380420363 1620000.0000002128
6.781223437023021 0.45552452620124906 0.1480411380420363 1620000.0000002128
6.781223437023021 0.45552452620124906 0.1480411380420363 1620000.0000002128
6.781223437023021 0.45552452620124906 0.1480411380420363 1620000.0000002128
6.781223437023021 0.45552452620124906 0.1480411380420363 1620000.0000002128
6.781223437023021 0.45552452620124906 0.1480411380420363 1620000.0000002128
6.781223437023021 0.45552452620124906 0.1480411380420363 1620000.0000002128
6.781223437023021 0.45552452620124906 0.1480411380420363 1620000.0000002128
6.781223437023021 0.45552452620124906 0.1480411380420363 1620000.0000002128
6.781223437023021 0.45552452620124906 0.1480411380420363 1620000.0000002128
6.781223437023021 0.45552452620124906 0.1480411380420363 1620000.0000002128
6.781223437023021 0.45552452620124906 0.1480411380420363 1620000.0000002128
6.781223437023021 0.45552452620124906 0.1480411380420363 1620000.0000002128
6.781223437023021 0.45552452620124906 0.1480411380420363 1620000.0000002128
6.781223437023021 0.45552452620124906 0.1480411380420363 1620000.0000002128
6.781223437023021 0.45552452620124906 0.1480411380420363 1620000.0000002128
6.781223437023021 0.45552452620124906 0.1480411380420363 1620000.0000002128
6.781223437023021 0.45552452620124906 0.1480411380420363 1620000.0000002128
6.781223437023021 0.45552452620124906 0.1480411380420363 1620000.0000002128
6.781223437023021 0.45552452620124906 0.1480411380420363 1620000.0000002128
6.781223437023021 0.45552452620124906 0.1480411380420363 1620000.0000002128
6.781223437023021 0.45552452620124906 0.1480411380420363 1620000.0000002128
6.781223437023021 0.45552452620124906 0.1480411380420363 1620000.0000002128
6.781223437023021 0.45552452620124906 0.1480411380420363 1620000.0000002128
6.781223437023021 0.45552452620124906 0.1480411380420363 1620000.0000002128
6.781223437023021 0.45552452620124906 0.1480411380420363 1620000.0000002128
6.781223437023021 0.45552452620124906 0.1480411380420363 1620000.0000002128
6.781223437023021 0.45552452620124906 0.1480411380420363 1620000.0000002128
6.781223437023021 0.45552452620124906 0.1480411380420363 1620000.0000002128
6.781223437023021 0.45552452620124906 0.1480411380420363 1620000.0000002128
6.781223437023021 0.45552452620124906 0.1480411380420363 1620000.0000002128
6.781223437023021 0.45552452620124906 0.1480411380420363 1620000.0000002128
6.781223437023021 0.45552452620124906 0.1480411380420363 1620000.0000002128
6.781223437023021 0.45552452620124906 0.1480411380420363 1620000.0000002128
6.781223437023021 0.45552452620124906 0.1480411380420363 1620000.0000002128
6.781223437023021 0.45552452620124906 0.1480411380420363 1620000.0000002128
6.781223437023021 0.45552452620124906 0.1480411380420363 1620000.0000002128
6.781223437023021 0.45552452620124906 0.1480411380420363 1620000.0000002128
6.781223437023021 0.45552452620124906 0.1480411380420363 1620000.0000002128
6.781223437023021 0.45552452620124906 0.1480411380420363 1620000.0000002128
6.781223437023021 0.45552452620124906 0.1480411380420363 1620000.0000002128
6.781223437023021 0.45552452620124906 0.1480411380420363 1620000.0000002128
6.781223437023021 0.45552452620124906 0.1480411380420363 1620000.0000002128
6.781223437023021 0.45552452620124906 0.1480411380420363 1620000.0000002128
6.781223437023021 0.45552452620124906 0.1480411380420363 1620000.0000002128
6.781223437023021 0.45552452620124906 0.1480411380420363 1620000.0000002128
6.781223437023021 0.45552452620124906 0.1480411380420363 1620000.0000002128
6.781223437023021 0.45552452620124906 0.1480411380420363 1620000.0000002128
6.781223437023021 0.45552452620124906 0.1480411380420363 1620000.0000002128
6.781223437023021 0.45552452620124906 0.1480411380420363 1620000.0000002128
6.781223437023021 0.45552452620124906 0.1480411380420363 1620000.0000002128
6.781223437023021 0.45552452620124906 0.1480411380420363 1620000.0000002128
6.781223437023021 0.45552452620124906 0.1480411380420363 1620000.0000002128
6.781223437023021 0.45552452620124906 0.1480411380420363 1620000.0000002128
6.781223437023021 0.45552452620124906 0.1480411380420363 1620000.0000002128
6.781223437023021 0.45552452620124906 0.1480411380420363 1620000.0000002128
6.781223437023021 0.45552452620124906 0.1480411380420363 1620000.0000002128
6.781223437023021 0.45552452620124906 0.1480411380420363 1620000.0000002128
6.781223437023021 0.45552452620124906 0.1480411380420363 1620000.0000002128
6.860680821196196 0.4625265924069969 0.15416446795368438 0.0 0,0,1 coil/filament1/filament2
6.872044622139208 0.39026947569755416 0.056007753731536235 1620000.0000002128
6.792406299052782 0.3829070172325289 0.05412847159924358 1620000.0000002128
6.792406299052782 0.3829070172325289 0.05412847159924358 1620000.0000002128
6.792406299052782 0.3829070172325289 0.05412847159924358 1620000.0000002128
6.792406299052782 0.3829070172325289 0.05412847159924358 1620000.0000002128
6.792406299052782 0.3829070172325289 0.05412847159924358 1620000.0000002128
6.792406299052782 0.3829070172325289 0.05412847159924358 1620000.0000002128
6.792406299052782 0.3829070172325289 0.05412847159924358 1620000.0000002128
6.792406299052782 0.3829070172325289 0.05412847159924358 1620000.0000002128
6.792406299052782 0.3829070172325289 0.05412847159924358 1620000.0000002128
6.792406299052782 0.3829070172325289 0.05412847159924358 1620000.0000002128
6.792406299052782 0.3829070172325289 0.05412847159924358 1620000.0000002128
6.792406299052782 0.3829070172325289 0.05412847159924358 1620000.0000002128
6.792406299052782 0.3829070172325289 0.05412847159924358 1620000.0000002128
6.792406299052782 0.3829070172325289 0.05412847159924358 1620000.0000002128
6.792406299052782 0.3829070172325289 0.05412847159924358 1620000.0000002128
6.792406299052782 0.3829070172325289 0.05412847159924358 1620000.0000002128
6.792406299052782 0.3829070172325289 0.05412847159924358 1620000.0000002128
6.792406299052782 0.3829070172325289 0.05412847159924358 1620000.0000002128
6.792406299052782 0.3829070172325289 0.05412847159924358 1620000.0000002128
6.792406299052782 0.3829070172325289 0.05412847159924358 1620000.0000002128
6.792406299052782 0.3829070172325289 0.05412847159924358 1620000.0000002128
6.792406299052782 0.3829070172325289 0.05412847159924358 1620000.0000002128
6.792406299052782 0.3829070172325289 0.05412847159924358 1620000.0000002128
6.792406299052782 0.3829070172325289 0.05412847159924358 1620000.0000002128
6.792406299052782 0.3829070172325289 0.05412847159924358 1620000.0000002128
6.792406299052782 0.3829070172325289 0.05412847159924358 1620000.0000002128
6.792406299052782 0.3829070172325289 0.05412847159924358 1620000.0000002128
6.792406299052782 0.3829070172325289 0.05412847159924358 1620000.0000002128
6.792406299052782 0.3829070172325289 0.05412847159924358 1620000.0000002128
6.792406299052782 0.3829070172325289 0.05412847159924358 1620000.0000002128
6.792406299052782 0.3829070172325289 0.05412847159924358 1620000.0000002128
6.792406299052782 0.3829070172325289 0.05412847159924358 1620000.0000002128
6.792406299052782 0.3829070172325289 0.05412847159924358 1620000.0000002128
6.792406299052782 0.3829070172325289 0.05412847159924358 1620000.0000002128
6.792406299052782 0.3829070172325289 0.05412847159924358 1620000.0000002128
6.792406299052782 0.3829070172325289 0.05412847159924358 1620000.0000002128
6.792406299052782 0.3829070172325289 0.05412847159924358 1620000.0000002128
6.792406299052782 0.3829070172325289 0.05412847159924358 1620000.0000002128
6.792406299052782 0.3829070172325289 0.05412847159924358 1620000.0000002128
6.792406299052782 0.3829070172325289 0.05412847159924358 1620000.0000002128
6.792406299052782 0.3829070172325289 0.05412847159924358 1620000.0000002128
6.792406299052782 0.3829070172325289 0.05412847159924358 1620000.0000002128
6.792406299052782 0.3829070172325289 0.05412847159924358 1620000.0000002128
6.792406299052782 0.3829070172325289 0.05412847159924358 1620000.0000002128
6.792406299052782 0.3829070172325289 0.05412847159924358 1620000.0000002128
6.792406299052782 0.3829070172325289 0.05412847159924358 1620000.0000002128
6.792406299052782 0.3829070172325289 0.05412847159924358 1620000.0000002128
6.792406299052782 0.3829070172325289 0.05412847159924358 1620000.0000002128
6.792406299052782 0.3829070172325289 0.05412847159924358 1620000.0000002128
6.792406299052782 0.3829070172325289 0.05412847159924358 1620000.0000002128
6.792406299052782 0.3829070172325289 0.05412847159924358 1620000.0000002128
6.792406299052782 0.3829070172325289 0.05412847159924358 1620000.0000002128
6.792406299052782 0.3829070172325289 0.05412847159924358 1620000.0000002128
6.792406299052782 0.3829070172325289 0.05412847159924358 1620000.0000002128
6.792406299052782 0.3829070172325289 0.05412847159924358 1620000.0000002128
6.792406299052782 0.3829070172325289 0.05412847159924358 1620000.0000002128
6.792406299052782 0.3829070172325289 0.05412847159924358 1620000.0000002128
6.792406299052782 0.3829070172325289 0.05412847159924358 1620000.0000002128
6.792406299052782 0.3829070172325289 0.05412847159924358 1620000.0000002128
6.792406299052782 0.3829070172325289 0.05412847159924358 1620000.0000002128
6.792406299052782 0.3829070172325289 0.05412847159924358 1620000.0000002128
6.792406299052782 0.3829070172325289 0.05412847159924358 1620000.0000002128
6.792406299052782 0.3829070172325289 0.05412847159924358 1620000.0000002128
6.872044622139208 0.39026947569755416 0.056007753731536235 0.0 0,1,0 coil/filament1/filament2
6.868104940973899 0.3830595576416389 0.14869886358383635 1620000.0000002128
6.788647556800724 0.37605749143589107 0.14257553367218828 1620000.0000002128
6.788647556800724 0.37605749143589107 0.14257553367218828 1620000.0000002128
6.788647556800724 0.37605749143589107 0.14257553367218828 1620000.0000002128
6.788647556800724 0.37605749143589107 0.14257553367218828 1620000.0000002128
6.788647556800724 0.37605749143589107 0.14257553367218828 1620000.0000002128
6.788647556800724 0.37605749143589107 0.14257553367218828 1620000.0000002128
6.788647556800724 0.37605749143589107 0.14257553367218828 1620000.0000002128
6.788647556800724 0.37605749143589107 0.14257553367218828 1620000.0000002128
6.788647556800724 0.37605749143589107 0.14257553367218828 1620000.0000002128
6.788647556800724 0.37605749143589107 0.14257553367218828 1620000.0000002128
6.788647556800724 0.37605749143589107 0.14257553367218828 1620000.0000002128
6.788647556800724 0.37605749143589107 0.14257553367218828 1620000.0000002128
6.788647556800724 0.37605749143589107 0.14257553367218828 1620000.0000002128
6.788647556800724 0.37605749143589107 0.14257553367218828 1620000.0000002128
6.788647556800724 0.37605749143589107 0.14257553367218828 1620000.0000002128
6.788647556800724 0.37605749143589107 0.14257553367218828 1620000.0000002128
6.788647556800724 0.37605749143589107 0.14257553367218828 1620000.0000002128
6.788647556800724 0.37605749143589107 0.14257553367218828 1620000.0000002128
6.788647556800724 0.37605749143589107 0.14257553367218828 1620000.0000002128
6.788647556800724 0.37605749143589107 0.14257553367218828 1620000.0000002128
6.788647556800724 0.37605749143589107 0.14257553367218828 1620000.0000002128
6.788647556800724 0.37605749143589107 0.14257553367218828 1620000.0000002128
6.788647556800724 0.37605749143589107 0.14257553367218828 1620000.0000002128
6.788647556800724 0.37605749143589107 0.14257553367218828 1620000.0000002128
6.788647556800724 0.37605749143589107 0.14257553367218828 1620000.0000002128
6.788647556800724 0.37605749143589107 0.14257553367218828 1620000.0000002128
6.788647556800724 0.37605749143589107 0.14257553367218828 1620000.0000002128
6.788647556800724 0.37605749143589107 0.14257553367218828 1620000.0000002128
6.788647556800724 0.37605749143589107 0.14257553367218828 1620000.0000002128
6.788647556800724 0.37605749143589107 0.14257553367218828 1620000.0000002128
6.788647556800724 0.37605749143589107 0.14257553367218828 1620000.0000002128
6.788647556800724 0.37605749143589107 0.14257553367218828 1620000.0000002128
6.788647556800724 0.37605749143589107 0.14257553367218828 1620000.0000002128
6.788647556800724 0.37605749143589107 0.14257553367218828 1620000.0000002128
6.788647556800724 0.37605749143589107 0.14257553367218828 1620000.0000002128
6.788647556800724 0.37605749143589107 0.14257553367218828 1620000.0000002128
6.788647556800724 0.37605749143589107 0.14257553367218828 1620000.0000002128
6.788647556800724 0.37605749143589107 0.14257553367218828 1620000.0000002128
6.788647556800724 0.37605749143589107 0.14257553367218828 1620000.0000002128
6.788647556800724 0.37605749143589107 0.14257553367218828 1620000.0000002128
6.788647556800724 0.37605749143589107 0.14257553367218828 1620000.0000002128
6.788647556800724 0.37605749143589107 0.14257553367218828 1620000.0000002128
6.788647556800724 0.37605749143589107 0.14257553367218828 1620000.0000002128
6.788647556800724 0.37605749143589107 0.14257553367218828 1620000.0000002128
6.788647556800724 0.37605749143589107 0.14257553367218828 1620000.0000002128
6.788647556800724 0.37605749143589107 0.14257553367218828 1620000.0000002128
6.788647556800724 0.37605749143589107 0.14257553367218828 1620000.0000002128
6.788647556800724 0.37605749143589107 0.14257553367218828 1620000.0000002128
6.788647556800724 0.37605749143589107 0.14257553367218828 1620000.0000002128
6.788647556800724 0.37605749143589107 0.14257553367218828 1620000.0000002128
6.788647556800724 0.37605749143589107 0.14257553367218828 1620000.0000002128
6.788647556800724 0.37605749143589107 0.14257553367218828 1620000.0000002128
6.788647556800724 0.37605749143589107 0.14257553367218828 1620000.0000002128
6.788647556800724 0.37605749143589107 0.14257553367218828 1620000.0000002128
6.788647556800724 0.37605749143589107 0.14257553367218828 1620000.0000002128
6.788647556800724 0.37605749143589107 0.14257553367218828 1620000.0000002128
6.788647556800724 0.37605749143589107 0.14257553367218828 1620000.0000002128
6.788647556800724 0.37605749143589107 0.14257553367218828 1620000.0000002128
6.788647556800724 0.37605749143589107 0.14257553367218828 1620000.0000002128
6.788647556800724 0.37605749143589107 0.14257553367218828 1620000.0000002128
6.788647556800724 0.37605749143589107 0.14257553367218828 1620000.0000002128
6.788647556800724 0.37605749143589107 0.14257553367218828 1620000.0000002128
6.788647556800724 0.37605749143589107 0.14257553367218828 1620000.0000002128
6.868104940973899 0.3830595576416389 0.14869886358383635 0.0 0,1,1 coil/filament1/filament2
6.653721006123677 1.4001224699321528 0.22383228506476968 1620000.0000001288
6.579101173886681 1.3765457051902632 0.2072185316890825 1620000.0000001288
6.579101173886681 1.3765457051902632 0.2072185316890825 1620000.0000001288
6.579101173886681 1.3765457051902632 0.2072185316890825 1620000.0000001288
6.579101173886681 1.3765457051902632 0.2072185316890825 1620000.0000001288
6.579101173886681 1.3765457051902632 0.2072185316890825 1620000.0000001288
6.579101173886681 1.3765457051902632 0.2072185316890825 1620000.0000001288
6.579101173886681 1.3765457051902632 0.2072185316890825 1620000.0000001288
6.579101173886681 1.3765457051902632 0.2072185316890825 1620000.0000001288
6.579101173886681 1.3765457051902632 0.2072185316890825 1620000.0000001288
6.579101173886681 1.3765457051902632 0.2072185316890825 1620000.0000001288
6.579101173886681 1.3765457051902632 0.2072185316890825 1620000.0000001288
6.579101173886681 1.3765457051902632 0.2072185316890825 1620000.0000001288
6.579101173886681 1.3765457051902632 0.2072185316890825 1620000.0000001288
6.579101173886681 1.3765457051902632 0.2072185316890825 1620000.0000001288
6.579101173886681 1.3765457051902632 0.2072185316890825 1620000.0000001288
6.579101173886681 1.3765457051902632 0.2072185316890825 1620000.0000001288
6.579101173886681 1.3765457051902632 0.2072185316890825 1620000.0000001288
6.579101173886681 1.3765457051902632 0.2072185316890825 1620000.0000001288
6.579101173886681 1.3765457051902632 0.2072185316890825 1620000.0000001288
6.579101173886681 1.3765457051902632 0.2072185316890825 1620000.0000001288
6.579101173886681 1.3765457051902632 0.2072185316890825 1620000.0000001288
6.579101173886681 1.3765457051902632 0.2072185316890825 1620000.0000001288
6.579101173886681 1.3765457051902632 0.2072185316890825 1620000.0000001288
6.579101173886681 1.3765457051902632 0.2072185316890825 1620000.0000001288
6.579101173886681 1.3765457051902632 0.2072185316890825 1620000.0000001288
6.579101173886681 1.3765457051902632 0.2072185316890825 1620000.0000001288
6.579101173886681 1.3765457051902632 0.2072185316890825 1620000.0000001288
6.579101173886681 1.3765457051902632 0.2072185316890825 1620000.0000001288
6.579101173886681 1.3765457051902632 0.2072185316890825 1620000.0000001288
6.579101173886681 1.3765457051902632 0.2072185316890825 1620000.0000001288
6.579101173886681 1.3765457051902632 0.2072185316890825 1620000.0000001288
6.579101173886681 1.3765457051902632 0.2072185316890825 1620000.0000001288
6.579101173886681 1.3765457051902632 0.2072185316890825 1620000.0000001288
6.579101173886681 1.3765457051902632 0.2072185316890825 1620000.0000001288
6.579101173886681 1.3765457051902632 0.2072185316890825 1620000.0000001288
6.579101173886681 1.3765457051902632 0.2072185316890825 1620000.0000001288
6.579101173886681 1.3765457051902632 0.2072185316890825 1620000.0000001288
6.579101173886681 1.3765457051902632 0.2072185316890825 1620000.0000001288
6.579101173886681 1.3765457051902632 0.2072185316890825 1620000.0000001288
6.579101173886681 1.3765457051902632 0.2072185316890825 1620000.0000001288
6.579101173886681 1.3765457051902632 0.2072185316890825 1620000.0000001288
6.579101173886681 1.3765457051902632 0.2072185316890825 1620000.0000001288
6.579101173886681 1.3765457051902632 0.2072185316890825 1620000.0000001288
6.579101173886681 1.3765457051902632 0.2072185316890825 1620000.0000001288
6.579101173886681 1.3765457051902632 0.2072185316890825 1620000.0000001288
6.579101173886681 1.3765457051902632 0.2072185316890825 1620000.0000001288
6.579101173886681 1.3765457051902632 0.2072185316890825 1620000.0000001288
6.579101173886681 1.3765457051902632 0.2072185316890825 1620000.0000001288
6.579101173886681 1.3765457051902632 0.2072185316890825 1620000.0000001288
6.579101173886681 1.3765457051902632 0.2072185316890825 1620000.0000001288
6.579101173886681 1.3765457051902632 0.2072185316890825 1620000.0000001288
6.579101173886681 1.3765457051902632 0.2072185316890825 1620000.0000001288
6.579101173886681 1.3765457051902632 0.2072185316890825 1620000.0000001288
6.579101173886681 1.3765457051902632 0.2072185316890825 1620000.0000001288
6.579101173886681 1.3765457051902632 0.2072185316890825 1620000.0000001288
6.579101173886681 1.3765457051902632 0.2072185316890825 1620000.0000001288
6.579101173886681 1.3765457051902632 0.2072185316890825 1620000.0000001288
6.579101173886681 1.3765457051902632 0.2072185316890825 1620000.0000001288
6.579101173886681 1.3765457051902632 0.2072185316890825 1620000.0000001288
6.579101173886681 1.3765457051902632 0.2072185316890825 1620000.0000001288
6.579101173886681 1.3765457051902632 0.2072185316890825 1620000.0000001288
6.579101173886681 1.3765457051902632 0.2072185316890825 1620000.0000001288
6.579101173886681 1.3765457051902632 0.2072185316890825 1620000.0000001288
6.653721006123677 1.4001224699321528 0.22383228506476968 0.0 1,0,0 coil/filament1/filament2
6.639700994185207 1.3744752331461736 0.310727702658689 1620000.0000001288
6.565847862642766 1.3515576320294012 0.2902216420807194 1620000.0000001288
6.565847862642766 1.3515576320294012 0.2902216420807194 1620000.0000001288
6.565847862642766 1.3515576320294012 0.2902216420807194 1620000.0000001288
6.565847862642766 1.3515576320294012 0.2902216420807194 1620000.0000001288
6.565847862642766 1.3515576320294012 0.2902216420807194 1620000.0000001288
6.565847862642766 1.3515576320294012 0.2902216420807194 1620000.0000001288
6.565847862642766 1.3515576320294012 0.2902216420807194 1620000.0000001288
6.565847862642766 1.3515576320294012 0.2902216420807194 1620000.0000001288
6.565847862642766 1.3515576320294012 0.2902216420807194 1620000.0000001288
6.565847862642766 1.3515576320294012 0.2902216420807194 1620000.0000001288
6.565847862642766 1.3515576320294012 0.2902216420807194 1620000.0000001288
6.565847862642766 1.3515576320294012 0.2902216420807194 1620000.0000001288
6.565847862642766 1.3515576320294012 0.2902216420807194 1620000.0000001288
6.565847862642766 1.3515576320294012 0.2902216420807194 1620000.0000001288
6.565847862642766 1.3515576320294012 0.2902216420807194 1620000.0000001288
6.565847862642766 1.3515576320294012 0.2902216420807194 1620000.0000001288
6.565847862642766 1.3515576320294012 0.2902216420807194 1620000.0000001288
6.565847862642766 1.3515576320294012 0.2902216420807194 1620000.0000001288
6.565847862642766 1.3515576320294012 0.2902216420807194 1620000.0000001288
6.565847862642766 1.3515576320294012 0.2902216420807194 1620000.0000001288
6.565847862642766 1.3515576320294012 0.2902216420807194 1620000.0000001288
6.565847862642766 1.3515576320294012 0.2902216420807194 1620000.0000001288
6.565847862642766 1.3515576320294012 0.2902216420807194 1620000.0000001288
6.565847862642766 1.3515576320294012 0.2902216420807194 1620000.0000001288
6.565847862642766 1.3515576320294012 0.2902216420807194 1620000.0000001288
6.565847862642766 1.3515576320294012 0.2902216420807194 1620000.0000001288
6.565847862642766 1.3515576320294012 0.2902216420807194 1620000.0000001288
6.565847862642766 1.3515576320294012 0.2902216420807194 1620000.0000001288
6.565847862642766 1.3515576320294012 0.2902216420807194 1620000.0000001288
6.565847862642766 1.3515576320294012 0.2902216420807194 1620000.0000001288
6.565847862642766 1.3515576320294012 0.2902216420807194 1620000.0000001288
6.565847862642766 1.3515576320294012 0.2902216420807194 1620000.0000001288
6.565847862642766 1.3515576320294012 0.2902216420807194 1620000.0000001288
6.565847862642766 1.3515576320294012 0.2902216420807194 1620000.0000001288
6.565847862642766 1.3515576320294012 0.2902216420807194 1620000.0000001288
6.565847862642766 1.3515576320294012 0.2902216420807194 1620000.0000001288
6.565847862642766 1.3515576320294012 0.2902216420807194 1620000.0000001288
6.565847862642766 1.3515576320294012 0.2902216420807194 1620000.0000001288
6.565847862642766 1.3515576320294012 0.2902216420807194 1620000.0000001288
6.565847862642766 1.3515576320294012 0.2902216420807194 1620000.0000001288
6.565847862642766 1.3515576320294012 0.2902216420807194 1620000.0000001288
6.565847862642766 1.3515576320294012 0.2902216420807194 1620000.0000001288
6.565847862642766 1.3515576320294012 0.2902216420807194 1620000.0000001288
6.565847862642766 1.3515576320294012 0.2902216420807194 1620000.0000001288
6.565847862642766 1.3515576320294012 0.2902216420807194 1620000.0000001288
6.565847862642766 1.3515576320294012 0.2902216420807194 1620000.0000001288
6.565847862642766 1.3515576320294012 0.2902216420807194 1620000.0000001288
6.565847862642766 1.3515576320294012 0.2902216420807194 1620000.0000001288
6.565847862642766 1.3515576320294012 0.2902216420807194 1620000.0000001288
6.565847862642766 1.3515576320294012 0.2902216420807194 1620000.0000001288
6.565847862642766 1.3515576320294012 0.2902216420807194 1620000.0000001288
6.565847862642766 1.3515576320294012 0.2902216420807194 1620000.0000001288
6.565847862642766 1.3515576320294012 0.2902216420807194 1620000.0000001288
6.565847862642766 1.3515576320294012 0.2902216420807194 1620000.0000001288
6.565847862642766 1.3515576320294012 0.2902216420807194 1620000.0000001288
6.565847862642766 1.3515576320294012 0.2902216420807194 1620000.0000001288
6.565847862642766 1.3515576320294012 0.2902216420807194 1620000.0000001288
6.565847862642766 1.3515576320294012 0.2902216420807194 1620000.0000001288
6.565847862642766 1.3515576320294012 0.2902216420807194 1620000.0000001288
6.565847862642766 1.3515576320294012 0.2902216420807194 1620000.0000001288
6.565847862642766 1.3515576320294012 0.2902216420807194 1620000.0000001288
6.565847862642766 1.3515576320294012 0.2902216420807194 1620000.0000001288
6.565847862642766 1.3515576320294012 0.2902216420807194 1620000.0000001288
6.639700994185207 1.3744752331461736 0.310727702658689 0.0 1,0,1 coil/filament1/filament2
6.680873177418421 1.3271569869589732 0.20542582183927532 1620000.0000001288
6.606253345181425 1.3035802222170836 0.18881206846358814 1620000.0000001288
6.606253345181425 1.3035802222170836 0.18881206846358814 1620000.0000001288
6.606253345181425 1.3035802222170836 0.18881206846358814 1620000.0000001288
6.606253345181425 1.3035802222170836 0.18881206846358814 1620000.0000001288
6.606253345181425 1.3035802222170836 0.18881206846358814 1620000.0000001288
6.606253345181425 1.3035802222170836 0.18881206846358814 1620000.0000001288
6.606253345181425 1.3035802222170836 0.18881206846358814 1620000.0000001288
6.606253345181425 1.3035802222170836 0.18881206846358814 1620000.0000001288
6.606253345181425 1.3035802222170836 0.18881206846358814 1620000.0000001288
6.606253345181425 1.3035802222170836 0.18881206846358814 1620000.0000001288
6.606253345181425 1.3035802222170836 0.18881206846358814 1620000.0000001288
6.606253345181425 1.3035802222170836 0.18881206846358814 1620000.0000001288
6.606253345181425 1.3035802222170836 0.18881206846358814 1620000.0000001288
6.606253345181425 1.3035802222170836 0.18881206846358814 1620000.0000001288
6.606253345181425 1.3035802222170836 0.18881206846358814 1620000.0000001288
6.606253345181425 1.3035802222170836 0.18881206846358814 1620000.0000001288
6.606253345181425 1.3035802222170836 0.18881206846358814 1620000.0000001288
6.606253345181425 1.3035802222170836 0.18881206846358814 1620000.0000001288
6.606253345181425 1.3035802222170836 0.18881206846358814 1620000.0000001288
6.606253345181425 1.3035802222170836 0.18881206846358814 1620000.0000001288
6.606253345181425 1.3035802222170836 0.18881206846358814 1620000.0000001288
6.606253345181425 1.3035802222170836 0.18881206846358814 1620000.0000001288
6.606253345181425 1.3035802222170836 0.18881206846358814 1620000.0000001288
6.606253345181425 1.3035802222170836 0.18881206846358814 1620000.0000001288
6.606253345181425 1.3035802222170836 0.18881206846358814 1620000.0000001288
6.606253345181425 1.3035802222170836 0.18881206846358814 1620000.0000001288
6.606253345181425 1.3035802222170836 0.18881206846358814 1620000.0000001288
6.606253345181425 1.3035802222170836 0.18881206846358814 1620000.0000001288
6.606253345181425 1.3035802222170836 0.18881206846358814 1620000.0000001288
6.606253345181425 1.3035802222170836 0.18881206846358814 1620000.0000001288
6.606253345181425 1.3035802222170836 0.18881206846358814 1620000.0000001288
6.606253345181425 1.3035802222170836 0.18881206846358814 1620000.0000001288
6.606253345181425 1.3035802222170836 0.18881206846358814 1620000.0000001288
6.606253345181425 1.3035802222170836 0.18881206846358814 1620000.0000001288
6.606253345181425 1.3035802222170836 0.18881206846358814 1620000.0000001288
6.606253345181425 1.3035802222170836 0.18881206846358814 1620000.0000001288
6.606253345181425 1.3035802222170836 0.18881206846358814 1620000.0000001288
6.606253345181425 1.3035802222170836 0.18881206846358814 1620000.0000001288
6.606253345181425 1.3035802222170836 0.18881206846358814 1620000.0000001288
6.606253345181425 1.3035802222170836 0.18881206846358814 1620000.0000001288
6.606253345181425 1.3035802222170836 0.18881206846358814 1620000.0000001288
6.606253345181425 1.3035802222170836 0.18881206846358814 1620000.0000001288
6.606253345181425 1.3035802222170836 0.18881206846358814 1620000.0000001288
6.606253345181425 1.3035802222170836 0.18881206846358814 1620000.0000001288
6.606253345181425 1.3035802222170836 0.18881206846358814 1620000.0000001288
6.606253345181425 1.3035802222170836 0.18881206846358814 1620000.0000001288
6.606253345181425 1.3035802222170836 0.18881206846358814 1620000.0000001288
6.606253345181425 1.3035802222170836 0.18881206846358814 1620000.0000001288
6.606253345181425 1.3035802222170836 0.18881206846358814 1620000.0000001288
6.606253345181425 1.3035802222170836 0.18881206846358814 1620000.0000001288
6.606253345181425 1.3035802222170836 0.18881206846358814 1620000.0000001288
6.606253345181425 1.3035802222170836 0.18881206846358814 1620000.0000001288
6.606253345181425 1.3035802222170836 0.18881206846358814 1620000.0000001288
6.606253345181425 1.3035802222170836 0.18881206846358814 1620000.0000001288
6.606253345181425 1.3035802222170836 0.18881206846358814 1620000.0000001288
6.606253345181425 1.3035802222170836 0.18881206846358814 1620000.0000001288
6.606253345181425 1.3035802222170836 0.18881206846358814 1620000.0000001288
6.606253345181425 1.3035802222170836 0.18881206846358814 1620000.0000001288
6.606253345181425 1.3035802222170836 0.18881206846358814 1620000.0000001288
6.606253345181425 1.3035802222170836 0.18881206846358814 1620000.0000001288
6.606253345181425 1.3035802222170836 0.18881206846358814 1620000.0000001288
6.606253345181425 1.3035802222170836 0.18881206846358814 1620000.0000001288
6.606253345181425 1.3035802222170836 0.18881206846358814 1620000.0000001288
6.680873177418421 1.3271569869589732 0.20542582183927532 0.0 1,1,0 coil/filament1/filament2
6.66697358407731 1.3010165706862635 0.294602233667736 1620000.0000001288
6.593120452534868 1.278098969569491 0.2740961730897664 1620000.0000001288
6.593120452534868 1.278098969569491 0.2740961730897664 1620000.0000001288
6.593120452534868 1.278098969569491 0.2740961730897664 1620000.0000001288
6.593120452534868 1.278098969569491 0.2740961730897664 1620000.0000001288
6.593120452534868 1.278098969569491 0.2740961730897664 1620000.0000001288
6.593120452534868 1.278098969569491 0.2740961730897664 1620000.0000001288
6.593120452534868 1.278098969569491 0.2740961730897664 1620000.0000001288
6.593120452534868 1.278098969569491 0.2740961730897664 1620000.0000001288
6.593120452534868 1.278098969569491 0.2740961730897664 1620000.0000001288
6.593120452534868 1.278098969569491 0.2740961730897664 1620000.0000001288
6.593120452534868 1.278098969569491 0.2740961730897664 1620000.0000001288
6.593120452534868 1.278098969569491 0.2740961730897664 1620000.0000001288
6.593120452534868 1.278098969569491 0.2740961730897664 1620000.0000001288
6.593120452534868 1.278098969569491 0.2740961730897664 1620000.0000001288
6.593120452534868 1.278098969569491 0.2740961730897664 1620000.0000001288
6.593120452534868 1.278098969569491 0.2740961730897664 1620000.0000001288
6.593120452534868 1.278098969569491 0.2740961730897664 1620000.0000001288
6.593120452534868 1.278098969569491 0.2740961730897664 1620000.0000001288
6.593120452534868 1.278098969569491 0.2740961730897664 1620000.0000001288
6.593120452534868 1.278098969569491 0.2740961730897664 1620000.0000001288
6.593120452534868 1.278098969569491 0.2740961730897664 1620000.0000001288
6.593120452534868 1.278098969569491 0.2740961730897664 1620000.0000001288
6.593120452534868 1.278098969569491 0.2740961730897664 1620000.0000001288
6.593120452534868 1.278098969569491 0.2740961730897664 1620000.0000001288
6.593120452534868 1.278098969569491 0.2740961730897664 1620000.0000001288
6.593120452534868 1.278098969569491 0.2740961730897664 1620000.0000001288
6.593120452534868 1.278098969569491 0.2740961730897664 1620000.0000001288
6.593120452534868 1.278098969569491 0.2740961730897664 1620000.0000001288
6.593120452534868 1.278098969569491 0.2740961730897664 1620000.0000001288
6.593120452534868 1.278098969569491 0.2740961730897664 1620000.0000001288
6.593120452534868 1.278098969569491 0.2740961730897664 1620000.0000001288
6.593120452534868 1.278098969569491 0.2740961730897664 1620000.0000001288
6.593120452534868 1.278098969569491 0.2740961730897664 1620000.0000001288
6.593120452534868 1.278098969569491 0.2740961730897664 1620000.0000001288
6.593120452534868 1.278098969569491 0.2740961730897664 1620000.0000001288
6.593120452534868 1.278098969569491 0.2740961730897664 1620000.0000001288
6.593120452534868 1.278098969569491 0.2740961730897664 1620000.0000001288
6.593120452534868 1.278098969569491 0.2740961730897664 1620000.0000001288
6.593120452534868 1.278098969569491 0.2740961730897664 1620000.0000001288
6.593120452534868 1.278098969569491 0.2740961730897664 1620000.0000001288
6.593120452534868 1.278098969569491 0.2740961730897664 1620000.0000001288
6.593120452534868 1.278098969569491 0.2740961730897664 1620000.0000001288
6.593120452534868 1.278098969569491 0.2740961730897664 1620000.0000001288
6.593120452534868 1.278098969569491 0.2740961730897664 1620000.0000001288
6.593120452534868 1.278098969569491 0.2740961730897664 1620000.0000001288
6.593120452534868 1.278098969569491 0.2740961730897664 1620000.0000001288
6.593120452534868 1.278098969569491 0.2740961730897664 1620000.0000001288
6.593120452534868 1.278098969569491 0.2740961730897664 1620000.0000001288
6.593120452534868 1.278098969569491 0.2740961730897664 1620000.0000001288
6.593120452534868 1.278098969569491 0.2740961730897664 1620000.0000001288
6.593120452534868 1.278098969569491 0.2740961730897664 1620000.0000001288
6.593120452534868 1.278098969569491 0.2740961730897664 1620000.0000001288
6.593120452534868 1.278098969569491 0.2740961730897664 1620000.0000001288
6.593120452534868 1.278098969569491 0.2740961730897664 1620000.0000001288
6.593120452534868 1.278098969569491 0.2740961730897664 1620000.0000001288
6.593120452534868 1.278098969569491 0.2740961730897664 1620000.0000001288
6.593120452534868 1.278098969569491 0.2740961730897664 1620000.0000001288
6.593120452534868 1.278098969569491 0.2740961730897664 1620000.0000001288
6.593120452534868 1.278098969569491 0.2740961730897664 1620000.0000001288
6.593120452534868 1.278098969569491 0.2740961730897664 1620000.0000001288
6.593120452534868 1.278098969569491 0.2740961730897664 1620000.0000001288
6.593120452534868 1.278098969569491 0.2740961730897664 1620000.0000001288
6.593120452534868 1.278098969569491 0.2740961730897664 1620000.0000001288
6.66697358407731 1.3010165706862635 0.294602233667736 0.0 1,1,1 coil/filament1/filament2
6.290668697287747 2.2314735900951894 0.2700137758647526 1619999.9999999981
6.225796915447567 2.1867639180525513 0.25613223608273117 1619999.9999999981
6.225796915447567 2.1867639180525513 0.25613223608273117 1619999.9999999981
6.225796915447567 2.1867639180525513 0.25613223608273117 1619999.9999999981
6.225796915447567 2.1867639180525513 0.25613223608273117 1619999.9999999981
6.225796915447567 2.1867639180525513 0.25613223608273117 1619999.9999999981
6.225796915447567 2.1867639180525513 0.25613223608273117 1619999.9999999981
6.225796915447567 2.1867639180525513 0.25613223608273117 1619999.9999999981
6.225796915447567 2.1867639180525513 0.25613223608273117 1619999.9999999981
6.225796915447567 2.1867639180525513 0.25613223608273117 1619999.9999999981
6.225796915447567 2.1867639180525513 0.25613223608273117 1619999.9999999981
6.225796915447567 2.1867639180525513 0.25613223608273117 1619999.9999999981
6.225796915447567 2.1867639180525513 0.25613223608273117 1619999.9999999981
6.225796915447567 2.1867639180525513 0.25613223608273117 1619999.9999999981
6.225796915447567 2.1867639180525513 0.25613223608273117 1619999.9999999981
6.225796915447567 2.1867639180525513 0.25613223608273117 1619999.9999999981
6.225796915447567 2.1867639180525513 0.25613223608273117 1619999.9999999981
6.225796915447567 2.1867639180525513 0.25613223608273117 1619999.9999999981
6.225796915447567 2.1867639180525513 0.25613223608273117 1619999.9999999981
6.225796915447567 2.1867639180525513 0.25613223608273117 1619999.9999999981
6.225796915447567 2.1867639180525513 0.25613223608273117 1619999.9999999981
6.225796915447567 2.1867639180525513 0.25613223608273117 1619999.9999999981
6.225796915447567 2.1867639180525513 0.25613223608273117 1619999.9999999981
6.225796915447567 2.1867639180525513 0.25613223608273117 1619999.9999999981
6.225796915447567 2.1867639180525513 0.25613223608273117 1619999.9999999981
6.225796915447567 2.1867639180525513 0.25613223608273117 1619999.9999999981
6.225796915447567 2.1867639180525513 0.25613223608273117 1619999.9999999981
6.225796915447567 2.1867639180525513 0.25613223608273117 1619999.9999999981
6.225796915447567 2.1867639180525513 0.25613223608273117 1619999.9999999981
6.225796915447567 2.1867639180525513 0.25613223608273117 1619999.9999999981
6.225796915447567 2.1867639180525513 0.25613223608273117 1619999.9999999981
6.225796915447567 2.1867639180525513 0.25613223608273117 1619999.9999999981
6.225796915447567 2.1867639180525513 0.25613223608273117 1619999.9999999981
6.225796915447567 2.1867639180525513 0.25613223608273117 1619999.9999999981
6.225796915447567 2.1867639180525513 0.25613223608273117 1619999.9999999981
6.225796915447567 2.1867639180525513 0.25613223608273117 1619999.9999999981
6.225796915447567 2.1867639180525513 0.25613223608273117 1619999.9999999981
6.225796915447567 2.1867639180525513 0.25613223608273117 1619999.9999999981
6.225796915447567 2.1867639180525513 0.25613223608273117 1619999.9999999981
6.225796915447567 2.1867639180525513 0.25613223608273117 1619999.9999999981
6.225796915447567 2.1867639180525513 0.25613223608273117 1619999.9999999981
6.225796915447567 2.1867639180525513 0.25613223608273117 1619999.9999999981
6.225796915447567 2.1867639180525513 0.25613223608273117 1619999.9999999981
6.225796915447567 2.1867639180525513 0.25613223608273117 1619999.9999999981
6.225796915447567 2.1867639180525513 0.25613223608273117 1619999.9999999981
6.225796915447567 2.1867639180525513 0.25613223608273117 1619999.9999999981
6.225796915447567 2.1867639180525513 0.25613223608273117 1619999.9999999981
6.225796915447567 2.1867639180525513 0.25613223608273117 1619999.9999999981
6.225796915447567 2.1867639180525513 0.25613223608273117 1619999.9999999981
6.225796915447567 2.1867639180525513 0.25613223608273117 1619999.9999999981
6.225796915447567 2.1867639180525513 0.25613223608273117 1619999.9999999981
6.225796915447567 2.1867639180525513 0.25613223608273117 1619999.9999999981
6.225796915447567 2.1867639180525513 0.25613223608273117 1619999.9999999981
6.225796915447567 2.1867639180525513 0.25613223608273117 1619999.9999999981
6.225796915447567 2.1867639180525513 0.25613223608273117 1619999.9999999981
6.225796915447567 2.1867639180525513 0.25613223608273117 1619999.9999999981
6.225796915447567 2.1867639180525513 0.25613223608273117 1619999.9999999981
6.225796915447567 2.1867639180525513 0.25613223608273117 1619999.9999999981
6.225796915447567 2.1867639180525513 0.25613223608273117 1619999.9999999981
6.225796915447567 2.1867639180525513 0.25613223608273117 1619999.9999999981
6.225796915447567 2.1867639180525513 0.25613223608273117 1619999.9999999981
6.225796915447567 2.1867639180525513 0.25613223608273117 1619999.9999999981
6.225796915447567 2.1867639180525513 0.25613223608273117 1619999.9999999981
6.225796915447567 2.1867639180525513 0.25613223608273117 1619999.9999999981
6.290668697287747 2.2314735900951894 0.2700137758647526 0.0 2,0,0 coil/filament1/filament2
6.247855398263685 2.243687493531178 0.4053881891637405 1619999.9999999981
6.184192436394909 2.199384181645013 0.3857860504535883 1619999.9999999981
6.184192436394909 2.199384181645013 0.3857860504535883 1619999.9999999981
6.184192436394909 2.199384181645013 0.3857860504535883 1619999.9999999981
6.184192436394909 2.199384181645013 0.3857860504535883 1619999.9999999981
6.184192436394909 2.199384181645013 0.3857860504535883 1619999.9999999981
6.184192436394909 2.199384181645013 0.3857860504535883 1619999.9999999981
6.184192436394909 2.199384181645013 0.3857860504535883 1619999.9999999981
6.184192436394909 2.199384181645013 0.3857860504535883 1619999.9999999981
6.184192436394909 2.199384181645013 0.3857860504535883 1619999.9999999981
6.184192436394909 2.199384181645013 0.3857860504535883 1619999.9999999981
6.184192436394909 2.199384181645013 0.3857860504535883 1619999.9999999981
6.184192436394909 2.199384181645013 0.3857860504535883 1619999.9999999981
6.184192436394909 2.199384181645013 0.3857860504535883 1619999.9999999981
6.184192436394909 2.199384181645013 0.3857860504535883 1619999.9999999981
6.184192436394909 2.199384181645013 0.3857860504535883 1619999.9999999981
6.184192436394909 2.199384181645013 0.3857860504535883 1619999.9999999981
6.184192436394909 2.199384181645013 0.3857860504535883 1619999.9999999981
6.184192436394909 2.199384181645013 0.3857860504535883 1619999.9999999981
6.184192436394909 2.199384181645013 0.3857860504535883 1619999.9999999981
6.184192436394909 2.199384181645013 0.3857860504535883 1619999.9999999981
6.184192436394909 2.199384181645013 0.3857860504535883 1619999.9999999981
6.184192436394909 2.199384181645013 0.3857860504535883 1619999.9999999981
6.184192436394909 2.199384181645013 0.3857860504535883 1619999.9999999981
6.184192436394909 2.199384181645013 0.3857860504535883 1619999.9999999981
6.184192436394909 2.199384181645013 0.3857860504535883 1619999.9999999981
6.184192436394909 2.199384181645013 0.3857860504535883 1619999.9999999981
6.184192436394909 2.199384181645013 0.3857860504535883 1619999.9999999981
6.184192436394909 2.199384181645013 0.3857860504535883 1619999.9999999981
6.184192436394909 2.199384181645013 0.3857860504535883 1619999.9999999981
6.184192436394909 2.199384181645013 0.3857860504535883 1619999.9999999981
6.184192436394909 2.199384181645013 0.3857860504535883 1619999.9999999981
6.184192436394909 2.199384181645013 0.3857860504535883 1619999.9999999981
6.184192436394909 2.199384181645013 0.3857860504535883 1619999.9999999981
6.184192436394909 2.199384181645013 0.3857860504535883 1619999.9999999981
6.184192436394909 2.199384181645013 0.3857860504535883 1619999.9999999981
6.184192436394909 2.199384181645013 0.3857860504535883 1619999.9999999981
6.184192436394909 2.199384181645013 0.3857860504535883 1619999.9999999981
6.184192436394909 2.199384181645013 0.3857860504535883 1619999.9999999981
6.184192436394909 2.199384181645013 0.3857860504535883 1619999.9999999981
6.184192436394909 2.199384181645013 0.3857860504535883 1619999.9999999981
6.184192436394909 2.199384181645013 0.3857860504535883 1619999.9999999981
6.184192436394909 2.199384181645013 0.3857860504535883 1619999.9999999981
6.184192436394909 2.199384181645013 0.3857860504535883 1619999.9999999981
6.184192436394909 2.199384181645013 0.3857860504535883 1619999.9999999981
6.184192436394909 2.199384181645013 0.3857860504535883 1619999.9999999981
6.184192436394909 2.199384181645013 0.3857860504535883 1619999.9999999981
6.184192436394909 2.199384181645013 0.3857860504535883 1619999.9999999981
6.184192436394909 2.199384181645013 0.3857860504535883 1619999.9999999981
6.184192436394909 2.199384181645013 0.3857860504535883 1619999.9999999981
6.184192436394909 2.199384181645013 0.3857860504535883 1619999.9999999981
6.184192436394909 2.199384181645013 0.3857860504535883 1619999.9999999981
6.184192436394909 2.199384181645013 0.3857860504535883 1619999.9999999981
6.184192436394909 2.199384181645013 0.3857860504535883 1619999.9999999981
6.184192436394909 2.199384181645013 0.3857860504535883 1619999.9999999981
6.184192436394909 2.199384181645013 0.3857860504535883 1619999.9999999981
6.184192436394909 2.199384181645013 0.3857860504535883 1619999.9999999981
6.184192436394909 2.199384181645013 0.3857860504535883 1619999.9999999981
6.184192436394909 2.199384181645013 0.3857860504535883 1619999.9999999981
6.184192436394909 2.199384181645013 0.3857860504535883 1619999.9999999981
6.184192436394909 2.199384181645013 0.3857860504535883 1619999.9999999981
6.184192436394909 2.199384181645013 0.3857860504535883 1619999.9999999981
6.184192436394909 2.199384181645013 0.3857860504535883 1619999.9999999981
6.184192436394909 2.199384181645013 0.3857860504535883 1619999.9999999981
6.247855398263685 2.243687493531178 0.4053881891637405 0.0 2,0,1 coil/filament1/filament2
6.331004754118716 2.1660529357597342 0.29222054297862354 1619999.9999999981
6.266132972278537 2.121343263717096 0.2783390031966021 1619999.9999999981
6.266132972278537 2.121343263717096 0.2783390031966021 1619999.9999999981
6.266132972278537 2.121343263717096 0.2783390031966021 1619999.9999999981
6.266132972278537 2.121343263717096 0.2783390031966021 1619999.9999999981
6.266132972278537 2.121343263717096 0.2783390031966021 1619999.9999999981
6.266132972278537 2.121343263717096 0.2783390031966021 1619999.9999999981
6.266132972278537 2.121343263717096 0.2783390031966021 1619999.9999999981
6.266132972278537 2.121343263717096 0.2783390031966021 1619999.9999999981
6.266132972278537 2.121343263717096 0.2783390031966021 1619999.9999999981
6.266132972278537 2.121343263717096 0.2783390031966021 1619999.9999999981
6.266132972278537 2.121343263717096 0.2783390031966021 1619999.9999999981
6.266132972278537 2.121343263717096 0.2783390031966021 1619999.9999999981
6.266132972278537 2.121343263717096 0.2783390031966021 1619999.9999999981
6.266132972278537 2.121343263717096 0.2783390031966021 1619999.9999999981
6.266132972278537 2.121343263717096 0.2783390031966021 1619999.9999999981
6.266132972278537 2.121343263717096 0.2783390031966021 1619999.9999999981
6.266132972278537 2.121343263717096 0.2783390031966021 1619999.9999999981
6.266132972278537 2.121343263717096 0.2783390031966021 1619999.9999999981
6.266132972278537 2.121343263717096 0.2783390031966021 1619999.9999999981
6.266132972278537 2.121343263717096 0.2783390031966021 1619999.9999999981
6.266132972278537 2.121343263717096 0.2783390031966021 1619999.9999999981
6.266132972278537 2.121343263717096 0.2783390031966021 1619999.9999999981
6.266132972278537 2.121343263717096 0.2783390031966021 1619999.9999999981
6.266132972278537 2.121343263717096 0.2783390031966021 1619999.9999999981
6.266132972278537 2.121343263717096 0.2783390031966021 1619999.9999999981
6.266132972278537 2.121343263717096 0.2783390031966021 1619999.9999999981
6.266132972278537 2.121343263717096 0.2783390031966021 1619999.9999999981
6.266132972278537 2.121343263717096 0.2783390031966021 1619999.9999999981
6.266132972278537 2.121343263717096 0.2783390031966021 1619999.9999999981
6.266132972278537 2.121343263717096 0.2783390031966021 1619999.9999999981
6.266132972278537 2.121343263717096 0.2783390031966021 1619999.9999999981
6.266132972278537 2.121343263717096 0.2783390031966021 1619999.9999999981
6.266132972278537 2.121343263717096 0.2783390031966021 1619999.9999999981
6.266132972278537 2.121343263717096 0.2783390031966021 1619999.9999999981
6.266132972278537 2.121343263717096 0.2783390031966021 1619999.9999999981
6.266132972278537 2.121343263717096 0.2783390031966021 1619999.9999999981
6.266132972278537 2.121343263717096 0.2783390031966021 1619999.9999999981
6.266132972278537 2.121343263717096 0.2783390031966021 1619999.9999999981
6.266132972278537 2.121343263717096 0.2783390031966021 1619999.9999999981
6.266132972278537 2.121343263717096 0.2783390031966021 1619999.9999999981
6.266132972278537 2.121343263717096 0.2783390031966021 1619999.9999999981
6.266132972278537 2.121343263717096 0.2783390031966021 1619999.9999999981
6.266132972278537 2.121343263717096 0.2783390031966021 1619999.9999999981
6.266132972278537 2.121343263717096 0.2783390031966021 1619999.9999999981
6.266132972278537 2.121343263717096 0.2783390031966021 1619999.9999999981
6.266132972278537 2.121343263717096 0.2783390031966021 1619999.9999999981
6.266132972278537 2.121343263717096 0.2783390031966021 1619999.9999999981
6.266132972278537 2.121343263717096 0.2783390031966021 1619999.9999999981
6.266132972278537 2.121343263717096 0.2783390031966021 1619999.9999999981
6.266132972278537 2.121343263717096 0.2783390031966021 1619999.9999999981
6.266132972278537 2.121343263717096 0.2783390031966021 1619999.9999999981
6.266132972278537 2.121343263717096 0.2783390031966021 1619999.9999999981
6.266132972278537 2.121343263717096 0.2783390031966021 1619999.9999999981
6.266132972278537 2.121343263717096 0.2783390031966021 1619999.9999999981
6.266132972278537 2.121343263717096 0.2783390031966021 1619999.9999999981
6.266132972278537 2.121343263717096 0.2783390031966021 1619999.9999999981
6.266132972278537 2.121343263717096 0.2783390031966021 1619999.9999999981
6.266132972278537 2.121343263717096 0.2783390031966021 1619999.9999999981
6.266132972278537 2.121343263717096 0.2783390031966021 1619999.9999999981
6.266132972278537 2.121343263717096 0.2783390031966021 1619999.9999999981
6.266132972278537 2.121343263717096 0.2783390031966021 1619999.9999999981
6.266132972278537 2.121343263717096 0.2783390031966021 1619999.9999999981
6.266132972278537 2.121343263717096 0.2783390031966021 1619999.9999999981
6.331004754118716 2.1660529357597342 0.29222054297862354 0.0 2,1,0 coil/filament1/filament2
6.289373079749156 2.1771134863476593 0.42101456723416225 1619999.9999999981
6.22571011788038 2.1328101744614942 0.4014124285240101 1619999.9999999981
6.22571011788038 2.1328101744614942 0.4014124285240101 1619999.9999999981
6.22571011788038 2.1328101744614942 0.4014124285240101 1619999.9999999981
6.22571011788038 2.1328101744614942 0.4014124285240101 1619999.9999999981
6.22571011788038 2.1328101744614942 0.4014124285240101 1619999.9999999981
6.22571011788038 2.1328101744614942 0.4014124285240101 1619999.9999999981
6.22571011788038 2.1328101744614942 0.4014124285240101 1619999.9999999981
6.22571011788038 2.1328101744614942 0.4014124285240101 1619999.9999999981
6.22571011788038 2.1328101744614942 0.4014124285240101 1619999.9999999981
6.22571011788038 2.1328101744614942 0.4014124285240101 1619999.9999999981
6.22571011788038 2.1328101744614942 0.4014124285240101 1619999.9999999981
6.22571011788038 2.1328101744614942 0.4014124285240101 1619999.9999999981
6.22571011788038 2.1328101744614942 0.4014124285240101 1619999.9999999981
6.22571011788038 2.1328101744614942 0.4014124285240101 1619999.9999999981
6.22571011788038 2.1328101744614942 0.4014124285240101 1619999.9999999981
6.22571011788038 2.1328101744614942 0.4014124285240101 1619999.9999999981
6.22571011788038 2.1328101744614942 0.4014124285240101 1619999.9999999981
6.22571011788038 2.1328101744614942 0.4014124285240101 1619999.9999999981
6.22571011788038 2.1328101744614942 0.4014124285240101 1619999.9999999981
6.22571011788038 2.1328101744614942 0.4014124285240101 1619999.9999999981
6.22571011788038 2.1328101744614942 0.4014124285240101 1619999.9999999981
6.22571011788038 2.1328101744614942 0.4014124285240101 1619999.9999999981
6.22571011788038 2.1328101744614942 0.4014124285240101 1619999.9999999981
6.22571011788038 2.1328101744614942 0.4014124285240101 1619999.9999999981
6.22571011788038 2.1328101744614942 0.4014124285240101 1619999.9999999981
6.22571011788038 2.1328101744614942 0.4014124285240101 1619999.9999999981
6.22571011788038 2.1328101744614942 0.4014124285240101 1619999.9999999981
6.22571011788038 2.1328101744614942 0.4014124285240101 1619999.9999999981
6.22571011788038 2.1328101744614942 0.4014124285240101 1619999.9999999981
6.22571011788038 2.1328101744614942 0.4014124285240101 1619999.9999999981
6.22571011788038 2.1328101744614942 0.4014124285240101 1619999.9999999981
6.22571011788038 2.1328101744614942 0.4014124285240101 1619999.9999999981
6.22571011788038 2.1328101744614942 0.4014124285240101 1619999.9999999981
6.22571011788038 2.1328101744614942 0.4014124285240101 1619999.9999999981
6.22571011788038 2.1328101744614942 0.4014124285240101 1619999.9999999981
6.22571011788038 2.1328101744614942 0.4014124285240101 1619999.9999999981
6.22571011788038 2.1328101744614942 0.4014124285240101 1619999.9999999981
6.22571011788038 2.1328101744614942 0.4014124285240101 1619999.9999999981
6.22571011788038 2.1328101744614942 0.4014124285240101 1619999.9999999981
6.22571011788038 2.1328101744614942 0.4014124285240101 1619999.9999999981
6.22571011788038 2.1328101744614942 0.4014124285240101 1619999.9999999981
6.22571011788038 2.1328101744614942 0.4014124285240101 1619999.9999999981
6.22571011788038 2.1328101744614942 0.4014124285240101 1619999.9999999981
6.22571011788038 2.1328101744614942 0.4014124285240101 1619999.9999999981
6.22571011788038 2.1328101744614942 0.4014124285240101 1619999.9999999981
6.22571011788038 2.1328101744614942 0.4014124285240101 1619999.9999999981
6.22571011788038 2.1328101744614942 0.4014124285240101 1619999.9999999981
6.22571011788038 2.1328101744614942 0.4014124285240101 1619999.9999999981
6.22571011788038 2.1328101744614942 0.4014124285240101 1619999.9999999981
6.22571011788038 2.1328101744614942 0.4014124285240101 1619999.9999999981
6.22571011788038 2.1328101744614942 0.4014124285240101 1619999.9999999981
6.22571011788038 2.1328101744614942 0.4014124285240101 1619999.9999999981
6.22571011788038 2.1328101744614942 0.4014124285240101 1619999.9999999981
6.22571011788038 2.1328101744614942 0.4014124285240101 1619999.9999999981
6.22571011788038 2.1328101744614942 0.4014124285240101 1619999.9999999981
6.22571011788038 2.1328101744614942 0.4014124285240101 1619999.9999999981
6.22571011788038 2.1328101744614942 0.4014124285240101 1619999.9999999981
6.22571011788038 2.1328101744614942 0.4014124285240101 1619999.9999999981
6.22571011788038 2.1328101744614942 0.4014124285240101 1619999.9999999981
6.22571011788038 2.1328101744614942 0.4014124285240101 1619999.9999999981
6.22571011788038 2.1328101744614942 0.4014124285240101 1619999.9999999981
6.22571011788038 2.1328101744614942 0.4014124285240101 1619999.9999999981
6.22571011788038 2.1328101744614942 0.4014124285240101 1619999.9999999981
6.289373079749156 2.1771134863476593 0.42101456723416225 0.0 2,1,1 coil/filament1/filament2
6.129707484616424 2.6943426792995364 0.019732992683943393 1619999.999999874
6.062946371896046 2.6554710060146283 -0.0010503382417826473 1619999.999999874
6.062946371896046 2.6554710060146283 -0.0010503382417826473 1619999.999999874
6.062946371896046 2.6554710060146283 -0.0010503382417826473 1619999.999999874
6.062946371896046 2.6554710060146283 -0.0010503382417826473 1619999.999999874
6.062946371896046 2.6554710060146283 -0.0010503382417826473 1619999.999999874
6.062946371896046 2.6554710060146283 -0.0010503382417826473 1619999.999999874
6.062946371896046 2.6554710060146283 -0.0010503382417826473 1619999.999999874
6.062946371896046 2.6554710060146283 -0.0010503382417826473 1619999.999999874
6.062946371896046 2.6554710060146283 -0.0010503382417826473 1619999.999999874
6.062946371896046 2.6554710060146283 -0.0010503382417826473 1619999.999999874
6.062946371896046 2.6554710060146283 -0.0010503382417826473 1619999.999999874
6.062946371896046 2.6554710060146283 -0.0010503382417826473 1619999.999999874
6.062946371896046 2.6554710060146283 -0.0010503382417826473 1619999.999999874
6.062946371896046 2.6554710060146283 -0.0010503382417826473 1619999.999999874
6.062946371896046 2.6554710060146283 -0.0010503382417826473 1619999.999999874
6.062946371896046 2.6554710060146283 -0.0010503382417826473 1619999.999999874
6.062946371896046 2.6554710060146283 -0.0010503382417826473 1619999.999999874
6.062946371896046 2.6554710060146283 -0.0010503382417826473 1619999.999999874
6.062946371896046 2.6554710060146283 -0.0010503382417826473 1619999.999999874
6.062946371896046 2.6554710060146283 -0.0010503382417826473 1619999.999999874
6.062946371896046 2.6554710060146283 -0.0010503382417826473 1619999.999999874
6.062946371896046 2.6554710060146283 -0.0010503382417826473 1619999.999999874
6.062946371896046 2.6554710060146283 -0.0010503382417826473 1619999.999999874
6.062946371896046 2.6554710060146283 -0.0010503382417826473 1619999.999999874
6.062946371896046 2.6554710060146283 -0.0010503382417826473 1619999.999999874
6.062946371896046 2.6554710060146283 -0.0010503382417826473 1619999.999999874
6.062946371896046 2.6554710060146283 -0.0010503382417826473 1619999.999999874
6.062946371896046 2.6554710060146283 -0.0010503382417826473 1619999.999999874
6.062946371896046 2.6554710060146283 -0.0010503382417826473 1619999.999999874
6.062946371896046 2.6554710060146283 -0.0010503382417826473 1619999.999999874
6.062946371896046 2.6554710060146283 -0.0010503382417826473 1619999.999999874
6.062946371896046 2.6554710060146283 -0.0010503382417826473 1619999.999999874
6.062946371896046 2.6554710060146283 -0.0010503382417826473 1619999.999999874
6.062946371896046 2.6554710060146283 -0.0010503382417826473 1619999.999999874
6.062946371896046 2.6554710060146283 -0.0010503382417826473 1619999.999999874
6.062946371896046 2.6554710060146283 -0.0010503382417826473 1619999.999999874
6.062946371896046 2.6554710060146283 -0.0010503382417826473 1619999.999999874
6.062946371896046 2.6554710060146283 -0.0010503382417826473 1619999.999999874
6.062946371896046 2.6554710060146283 -0.0010503382417826473 1619999.999999874
6.062946371896046 2.6554710060146283 -0.0010503382417826473 1619999.999999874
6.062946371896046 2.6554710060146283 -0.0010503382417826473 1619999.999999874
6.062946371896046 2.6554710060146283 -0.0010503382417826473 1619999.999999874
6.062946371896046 2.6554710060146283 -0.0010503382417826473 1619999.999999874
6.062946371896046 2.6554710060146283 -0.0010503382417826473 1619999.999999874
6.062946371896046 2.6554710060146283 -0.0010503382417826473 1619999.999999874
6.062946371896046 2.6554710060146283 -0.0010503382417826473 1619999.999999874
6.062946371896046 2.6554710060146283 -0.0010503382417826473 1619999.999999874
6.062946371896046 2.6554710060146283 -0.0010503382417826473 1619999.999999874
6.062946371896046 2.6554710060146283 -0.0010503382417826473 1619999.999999874
6.062946371896046 2.6554710060146283 -0.0010503382417826473 1619999.999999874
6.062946371896046 2.6554710060146283 -0.0010503382417826473 1619999.999999874
6.062946371896046 2.6554710060146283 -0.0010503382417826473 1619999.999999874
6.062946371896046 2.6554710060146283 -0.0010503382417826473 1619999.999999874
6.062946371896046 2.6554710060146283 -0.0010503382417826473 1619999.999999874
6.062946371896046 2.6554710060146283 -0.0010503382417826473 1619999.999999874
6.062946371896046 2.6554710060146283 -0.0010503382417826473 1619999.999999874
6.062946371896046 2.6554710060146283 -0.0010503382417826473 1619999.999999874
6.062946371896046 2.6554710060146283 -0.0010503382417826473 1619999.999999874
6.062946371896046 2.6554710060146283 -0.0010503382417826473 1619999.999999874
6.062946371896046 2.6554710060146283 -0.0010503382417826473 1619999.999999874
6.062946371896046 2.6554710060146283 -0.0010503382417826473 1619999.999999874
6.062946371896046 2.6554710060146283 -0.0010503382417826473 1619999.999999874
6.062946371896046 2.6554710060146283 -0.0010503382417826473 1619999.999999874
6.129707484616424 2.6943426792995364 0.019732992683943393 0.0 3,0,0 coil/filament1/filament2
6.035167386313321 2.7371962154745897 0.20374640597346744 1619999.999999874
5.9721053723109305 2.695405659578309 0.1777323361680309 1619999.999999874
5.9721053723109305 2.695405659578309 0.1777323361680309 1619999.999999874
5.9721053723109305 2.695405659578309 0.1777323361680309 1619999.999999874
5.9721053723109305 2.695405659578309 0.1777323361680309 1619999.999999874
5.9721053723109305 2.695405659578309 0.1777323361680309 1619999.999999874
5.9721053723109305 2.695405659578309 0.1777323361680309 1619999.999999874
5.9721053723109305 2.695405659578309 0.1777323361680309 1619999.999999874
5.9721053723109305 2.695405659578309 0.1777323361680309 1619999.999999874
5.9721053723109305 2.695405659578309 0.1777323361680309 1619999.999999874
5.9721053723109305 2.695405659578309 0.1777323361680309 1619999.999999874
5.9721053723109305 2.695405659578309 0.1777323361680309 1619999.999999874
5.9721053723109305 2.695405659578309 0.1777323361680309 1619999.999999874
5.9721053723109305 2.695405659578309 0.1777323361680309 1619999.999999874
5.9721053723109305 2.695405659578309 0.1777323361680309 1619999.999999874
5.9721053723109305 2.695405659578309 0.1777323361680309 1619999.999999874
5.9721053723109305 2.695405659578309 0.1777323361680309 1619999.999999874
5.9721053723109305 2.695405659578309 0.1777323361680309 1619999.999999874
5.9721053723109305 2.695405659578309 0.1777323361680309 1619999.999999874
5.9721053723109305 2.695405659578309 0.1777323361680309 1619999.999999874
5.9721053723109305 2.695405659578309 0.1777323361680309 1619999.999999874
5.9721053723109305 2.695405659578309 0.1777323361680309 1619999.999999874
5.9721053723109305 2.695405659578309 0.1777323361680309 1619999.999999874
5.9721053723109305 2.695405659578309 0.1777323361680309 1619999.999999874
5.9721053723109305 2.695405659578309 0.1777323361680309 1619999.999999874
5.9721053723109305 2.695405659578309 0.1777323361680309 1619999.999999874
5.9721053723109305 2.695405659578309 0.1777323361680309 1619999.999999874
5.9721053723109305 2.695405659578309 0.1777323361680309 1619999.999999874
5.9721053723109305 2.695405659578309 0.1777323361680309 1619999.999999874
5.9721053723109305 2.695405659578309 0.1777323361680309 1619999.999999874
5.9721053723109305 2.695405659578309 0.1777323361680309 1619999.999999874
5.9721053723109305 2.695405659578309 0.1777323361680309 1619999.999999874
5.9721053723109305 2.695405659578309 0.1777323361680309 1619999.999999874
5.9721053723109305 2.695405659578309 0.1777323361680309 1619999.999999874
5.9721053723109305 2.695405659578309 0.1777323361680309 1619999.999999874
5.9721053723109305 2.695405659578309 0.1777323361680309 1619999.999999874
5.9721053723109305 2.695405659578309 0.1777323361680309 1619999.999999874
5.9721053723109305 2.695405659578309 0.1777323361680309 1619999.999999874
5.9721053723109305 2.695405659578309 0.1777323361680309 1619999.999999874
5.9721053723109305 2.695405659578309 0.1777323361680309 1619999.999999874
5.9721053723109305 2.695405659578309 0.1777323361680309 1619999.999999874
5.9721053723109305 2.695405659578309 0.1777323361680309 1619999.999999874
5.9721053723109305 2.695405659578309 0.1777323361680309 1619999.999999874
5.9721053723109305 2.695405659578309 0.1777323361680309 1619999.999999874
5.9721053723109305 2.695405659578309 0.1777323361680309 1619999.999999874
5.9721053723109305 2.695405659578309 0.1777323361680309 1619999.999999874
5.9721053723109305 2.695405659578309 0.1777323361680309 1619999.999999874
5.9721053723109305 2.695405659578309 0.1777323361680309 1619999.999999874
5.9721053723109305 2.695405659578309 0.1777323361680309 1619999.999999874
5.9721053723109305 2.695405659578309 0.1777323361680309 1619999.999999874
5.9721053723109305 2.695405659578309 0.1777323361680309 1619999.999999874
5.9721053723109305 2.695405659578309 0.1777323361680309 1619999.999999874
5.9721053723109305 2.695405659578309 0.1777323361680309 1619999.999999874
5.9721053723109305 2.695405659578309 0.1777323361680309 1619999.999999874
5.9721053723109305 2.695405659578309 0.1777323361680309 1619999.999999874
5.9721053723109305 2.695405659578309 0.1777323361680309 1619999.999999874
5.9721053723109305 2.695405659578309 0.1777323361680309 1619999.999999874
5.9721053723109305 2.695405659578309 0.1777323361680309 1619999.999999874
5.9721053723109305 2.695405659578309 0.1777323361680309 1619999.999999874
5.9721053723109305 2.695405659578309 0.1777323361680309 1619999.999999874
5.9721053723109305 2.695405659578309 0.1777323361680309 1619999.999999874
5.9721053723109305 2.695405659578309 0.1777323361680309 1619999.999999874
5.9721053723109305 2.695405659578309 0.1777323361680309 1619999.999999874
5.9721053723109305 2.695405659578309 0.1777323361680309 1619999.999999874
6.035167386313321 2.7371962154745897 0.20374640597346744 0.0 3,0,1 coil/filament1/filament2
6.160423043479809 2.626263014661861 0.04839854180709073 1619999.999999874
6.09366193075943 2.5873913413769527 0.02761521088136469 1619999.999999874
6.09366193075943 2.5873913413769527 0.02761521088136469 1619999.999999874
6.09366193075943 2.5873913413769527 0.02761521088136469 1619999.999999874
6.09366193075943 2.5873913413769527 0.02761521088136469 1619999.999999874
6.09366193075943 2.5873913413769527 0.02761521088136469 1619999.999999874
6.09366193075943 2.5873913413769527 0.02761521088136469 1619999.999999874
6.09366193075943 2.5873913413769527 0.02761521088136469 1619999.999999874
6.09366193075943 2.5873913413769527 0.02761521088136469 1619999.999999874
6.09366193075943 2.5873913413769527 0.02761521088136469 1619999.999999874
6.09366193075943 2.5873913413769527 0.02761521088136469 1619999.999999874
6.09366193075943 2.5873913413769527 0.02761521088136469 1619999.999999874
6.09366193075943 2.5873913413769527 0.02761521088136469 1619999.999999874
6.09366193075943 2.5873913413769527 0.02761521088136469 1619999.999999874
6.09366193075943 2.5873913413769527 0.02761521088136469 1619999.999999874
6.09366193075943 2.5873913413769527 0.02761521088136469 1619999.999999874
6.09366193075943 2.5873913413769527 0.02761521088136469 1619999.999999874
6.09366193075943 2.5873913413769527 0.02761521088136469 1619999.999999874
6.09366193075943 2.5873913413769527 0.02761521088136469 1619999.999999874
6.09366193075943 2.5873913413769527 0.02761521088136469 1619999.999999874
6.09366193075943 2.5873913413769527 0.02761521088136469 1619999.999999874
6.09366193075943 2.5873913413769527 0.02761521088136469 1619999.999999874
6.09366193075943 2.5873913413769527 0.02761521088136469 1619999.999999874
6.09366193075943 2.5873913413769527 0.02761521088136469 1619999.999999874
6.09366193075943 2.5873913413769527 0.02761521088136469 1619999.999999874
6.09366193075943 2.5873913413769527 0.02761521088136469 1619999.999999874
6.09366193075943 2.5873913413769527 0.02761521088136469 1619999.999999874
6.09366193075943 2.5873913413769527 0.02761521088136469 1619999.999999874
6.09366193075943 2.5873913413769527 0.02761521088136469 1619999.999999874
6.09366193075943 2.5873913413769527 0.02761521088136469 1619999.999999874
6.09366193075943 2.5873913413769527 0.02761521088136469 1619999.999999874
6.09366193075943 2.5873913413769527 0.02761521088136469 1619999.999999874
6.09366193075943 2.5873913413769527 0.02761521088136469 1619999.999999874
6.09366193075943 2.5873913413769527 0.02761521088136469 1619999.999999874
6.09366193075943 2.5873913413769527 0.02761521088136469 1619999.999999874
6.09366193075943 2.5873913413769527 0.02761521088136469 1619999.999999874
6.09366193075943 2.5873913413769527 0.02761521088136469 1619999.999999874
6.09366193075943 2.5873913413769527 0.02761521088136469 1619999.999999874
6.09366193075943 2.5873913413769527 0.02761521088136469 1619999.999999874
6.09366193075943 2.5873913413769527 0.02761521088136469 1619999.999999874
6.09366193075943 2.5873913413769527 0.02761521088136469 1619999.999999874
6.09366193075943 2.5873913413769527 0.02761521088136469 1619999.999999874
6.09366193075943 2.5873913413769527 0.02761521088136469 1619999.999999874
6.09366193075943 2.5873913413769527 0.02761521088136469 1619999.999999874
6.09366193075943 2.5873913413769527 0.02761521088136469 1619999.999999874
6.09366193075943 2.5873913413769527 0.02761521088136469 1619999.999999874
6.09366193075943 2.5873913413769527 0.02761521088136469 1619999.999999874
6.09366193075943 2.5873913413769527 0.02761521088136469 1619999.999999874
6.09366193075943 2.5873913413769527 0.02761521088136469 1619999.999999874
6.09366193075943 2.5873913413769527 0.02761521088136469 1619999.999999874
6.09366193075943 2.5873913413769527 0.02761521088136469 1619999.999999874
6.09366193075943 2.5873913413769527 0.02761521088136469 1619999.999999874
6.09366193075943 2.5873913413769527 0.02761521088136469 1619999.999999874
6.09366193075943 2.5873913413769527 0.02761521088136469 1619999.999999874
6.09366193075943 2.5873913413769527 0.02761521088136469 1619999.999999874
6.09366193075943 2.5873913413769527 0.02761521088136469 1619999.999999874
6.09366193075943 2.5873913413769527 0.02761521088136469 1619999.999999874
6.09366193075943 2.5873913413769527 0.02761521088136469 1619999.999999874
6.09366193075943 2.5873913413769527 0.02761521088136469 1619999.999999874
6.09366193075943 2.5873913413769527 0.02761521088136469 1619999.999999874
6.09366193075943 2.5873913413769527 0.02761521088136469 1619999.999999874
6.09366193075943 2.5873913413769527 0.02761521088136469 1619999.999999874
6.09366193075943 2.5873913413769527 0.02761521088136469 1619999.999999874
6.09366193075943 2.5873913413769527 0.02761521088136469 1619999.999999874
6.160423043479809 2.626263014661861 0.04839854180709073 0.0 3,1,0 coil/filament1/filament2
6.065626256788202 2.6708577368856816 0.23647962255698435 1619999.999999874
6.0025642427858115 2.629067180989401 0.21046555275154782 1619999.999999874
6.0025642427858115 2.629067180989401 0.21046555275154782 1619999.999999874
6.0025642427858115 2.629067180989401 0.21046555275154782 1619999.999999874
6.0025642427858115 2.629067180989401 0.21046555275154782 1619999.999999874
6.0025642427858115 2.629067180989401 0.21046555275154782 1619999.999999874
6.0025642427858115 2.629067180989401 0.21046555275154782 1619999.999999874
6.0025642427858115 2.629067180989401 0.21046555275154782 1619999.999999874
6.0025642427858115 2.629067180989401 0.21046555275154782 1619999.999999874
6.0025642427858115 2.629067180989401 0.21046555275154782 1619999.999999874
6.0025642427858115 2.629067180989401 0.21046555275154782 1619999.999999874
6.0025642427858115 2.629067180989401 0.21046555275154782 1619999.999999874
6.0025642427858115 2.629067180989401 0.21046555275154782 1619999.999999874
6.0025642427858115 2.629067180989401 0.21046555275154782 1619999.999999874
6.0025642427858115 2.629067180989401 0.21046555275154782 1619999.999999874
6.0025642427858115 2.629067180989401 0.21046555275154782 1619999.999999874
6.0025642427858115 2.629067180989401 0.21046555275154782 1619999.999999874
6.0025642427858115 2.629067180989401 0.21046555275154782 1619999.999999874
6.0025642427858115 2.629067180989401 0.21046555275154782 1619999.999999874
6.0025642427858115 2.629067180989401 0.21046555275154782 1619999.999999874
6.0025642427858115 2.629067180989401 0.21046555275154782 1619999.999999874
6.0025642427858115 2.629067180989401 0.21046555275154782 1619999.999999874
6.0025642427858115 2.629067180989401 0.21046555275154782 1619999.999999874
6.0025642427858115 2.629067180989401 0.21046555275154782 1619999.999999874
6.0025642427858115 2.629067180989401 0.21046555275154782 1619999.999999874
6.0025642427858115 2.629067180989401 0.21046555275154782 1619999.999999874
6.0025642427858115 2.629067180989401 0.21046555275154782 1619999.999999874
6.0025642427858115 2.629067180989401 0.21046555275154782 1619999.999999874
6.0025642427858115 2.629067180989401 0.21046555275154782 1619999.999999874
6.0025642427858115 2.629067180989401 0.21046555275154782 1619999.999999874
6.0025642427858115 2.629067180989401 0.21046555275154782 1619999.999999874
6.0025642427858115 2.629067180989401 0.21046555275154782 1619999.999999874
6.0025642427858115 2.629067180989401 0.21046555275154782 1619999.999999874
6.0025642427858115 2.629067180989401 0.21046555275154782 1619999.999999874
6.0025642427858115 2.629067180989401 0.21046555275154782 1619999.999999874
6.0025642427858115 2.629067180989401 0.21046555275154782 1619999.999999874
6.0025642427858115 2.629067180989401 0.21046555275154782 1619999.999999874
6.0025642427858115 2.629067180989401 0.21046555275154782 1619999.999999874
6.0025642427858115 2.629067180989401 0.21046555275154782 1619999.999999874
6.0025642427858115 2.629067180989401 0.21046555275154782 1619999.999999874
6.0025642427858115 2.629067180989401 0.21046555275154782 1619999.999999874
6.0025642427858115 2.629067180989401 0.21046555275154782 1619999.999999874
6.0025642427858115 2.629067180989401 0.21046555275154782 1619999.999999874
6.0025642427858115 2.629067180989401 0.21046555275154782 1619999.999999874
6.0025642427858115 2.629067180989401 0.21046555275154782 1619999.999999874
6.0025642427858115 2.629067180989401 0.21046555275154782 1619999.999999874
6.0025642427858115 2.629067180989401 0.21046555275154782 1619999.999999874
6.0025642427858115 2.629067180989401 0.21046555275154782 1619999.999999874
6.0025642427858115 2.629067180989401 0.21046555275154782 1619999.999999874
6.0025642427858115 2.629067180989401 0.21046555275154782 1619999.999999874
6.0025642427858115 2.629067180989401 0.21046555275154782 1619999.999999874
6.0025642427858115 2.629067180989401 0.21046555275154782 1619999.999999874
6.0025642427858115 2.629067180989401 0.21046555275154782 1619999.999999874
6.0025642427858115 2.629067180989401 0.21046555275154782 1619999.999999874
6.0025642427858115 2.629067180989401 0.21046555275154782 1619999.999999874
6.0025642427858115 2.629067180989401 0.21046555275154782 1619999.999999874
6.0025642427858115 2.629067180989401 0.21046555275154782 1619999.999999874
6.0025642427858115 2.629067180989401 0.21046555275154782 1619999.999999874
6.0025642427858115 2.629067180989401 0.21046555275154782 1619999.999999874
6.0025642427858115 2.629067180989401 0.21046555275154782 1619999.999999874
6.0025642427858115 2.629067180989401 0.21046555275154782 1619999.999999874
6.0025642427858115 2.629067180989401 0.21046555275154782 1619999.999999874
6.0025642427858115 2.629067180989401 0.21046555275154782 1619999.999999874
6.0025642427858115 2.629067180989401 0.21046555275154782 1619999.999999874
6.065626256788202 2.6708577368856816 0.23647962255698435 0.0 3,1,1 coil/filament1/filament2
5.755840921690505 3.3653806343232837 -0.016331799391465077 1619999.9999997804
5.6837695124771495 3.3323208334040464 -0.005712875849911522 1619999.9999997804
5.6837695124771495 3.3323208334040464 -0.005712875849911522 1619999.9999997804
5.6837695124771495 3.3323208334040464 -0.005712875849911522 1619999.9999997804
5.6837695124771495 3.3323208334040464 -0.005712875849911522 1619999.9999997804
5.6837695124771495 3.3323208334040464 -0.005712875849911522 1619999.9999997804
5.6837695124771495 3.3323208334040464 -0.005712875849911522 1619999.9999997804
5.6837695124771495 3.3323208334040464 -0.005712875849911522 1619999.9999997804
5.6837695124771495 3.3323208334040464 -0.005712875849911522 1619999.9999997804
5.6837695124771495 3.3323208334040464 -0.005712875849911522 1619999.9999997804
5.6837695124771495 3.3323208334040464 -0.005712875849911522 1619999.9999997804
5.6837695124771495 3.3323208334040464 -0.005712875849911522 1619999.9999997804
5.6837695124771495 3.3323208334040464 -0.005712875849911522 1619999.9999997804
5.6837695124771495 3.3323208334040464 -0.005712875849911522 1619999.9999997804
5.6837695124771495 3.3323208334040464 -0.005712875849911522 1619999.9999997804
5.6837695124771495 3.3323208334040464 -0.005712875849911522 1619999.9999997804
5.6837695124771495 3.3323208334040464 -0.005712875849911522 1619999.9999997804
5.6837695124771495 3.3323208334040464 -0.005712875849911522 1619999.9999997804
5.6837695124771495 3.3323208334040464 -0.005712875849911522 1619999.9999997804
5.6837695124771495 3.3323208334040464 -0.005712875849911522 1619999.9999997804
5.6837695124771495 3.3323208334040464 -0.005712875849911522 1619999.9999997804
5.6837695124771495 3.3323208334040464 -0.005712875849911522 1619999.9999997804
5.6837695124771495 3.3323208334040464 -0.005712875849911522 1619999.9999997804
5.6837695124771495 3.3323208334040464 -0.005712875849911522 1619999.9999997804
5.6837695124771495 3.3323208334040464 -0.005712875849911522 1619999.9999997804
5.6837695124771495 3.3323208334040464 -0.005712875849911522 1619999.9999997804
5.6837695124771495 3.3323208334040464 -0.005712875849911522 1619999.9999997804
5.6837695124771495 3.3323208334040464 -0.005712875849911522 1619999.9999997804
5.6837695124771495 3.3323208334040464 -0.005712875849911522 1619999.9999997804
5.6837695124771495 3.3323208334040464 -0.005712875849911522 1619999.9999997804
5.6837695124771495 3.3323208334040464 -0.005712875849911522 1619999.9999997804
5.6837695124771495 3.3323208334040464 -0.005712875849911522 1619999.9999997804
5.6837695124771495 3.3323208334040464 -0.005712875849911522 1619999.9999997804
5.6837695124771495 3.3323208334040464 -0.005712875849911522 1619999.9999997804
5.6837695124771495 3.3323208334040464 -0.005712875849911522 1619999.9999997804
5.6837695124771495 3.3323208334040464 -0.005712875849911522 1619999.9999997804
5.6837695124771495 3.3323208334040464 -0.005712875849911522 1619999.9999997804
5.6837695124771495 3.3323208334040464 -0.005712875849911522 1619999.9999997804
5.6837695124771495 3.3323208334040464 -0.005712875849911522 1619999.9999997804
5.6837695124771495 3.3323208334040464 -0.005712875849911522 1619999.9999997804
5.6837695124771495 3.3323208334040464 -0.005712875849911522 1619999.9999997804
5.6837695124771495 3.3323208334040464 -0.005712875849911522 1619999.9999997804
5.6837695124771495 3.3323208334040464 -0.005712875849911522 1619999.9999997804
5.6837695124771495 3.3323208334040464 -0.005712875849911522 1619999.9999997804
5.6837695124771495 3.3323208334040464 -0.005712875849911522 1619999.9999997804
5.6837695124771495 3.3323208334040464 -0.005712875849911522 1619999.9999997804
5.6837695124771495 3.3323208334040464 -0.005712875849911522 1619999.9999997804
5.6837695124771495 3.3323208334040464 -0.005712875849911522 1619999.9999997804
5.6837695124771495 3.3323208334040464 -0.005712875849911522 1619999.9999997804
5.6837695124771495 3.3323208334040464 -0.005712875849911522 1619999.9999997804
5.6837695124771495 3.3323208334040464 -0.005712875849911522 1619999.9999997804
5.6837695124771495 3.3323208334040464 -0.005712875849911522 1619999.9999997804
5.6837695124771495 3.3323208334040464 -0.005712875849911522 1619999.9999997804
5.6837695124771495 3.3323208334040464 -0.005712875849911522 1619999.9999997804
5.6837695124771495 3.3323208334040464 -0.005712875849911522 1619999.9999997804
5.6837695124771495 3.3323208334040464 -0.005712875849911522 1619999.9999997804
5.6837695124771495 3.3323208334040464 -0.005712875849911522 1619999.9999997804
5.6837695124771495 3.3323208334040464 -0.005712875849911522 1619999.9999997804
5.6837695124771495 3.3323208334040464 -0.005712875849911522 1619999.9999997804
5.6837695124771495 3.3323208334040464 -0.005712875849911522 1619999.9999997804
5.6837695124771495 3.3323208334040464 -0.005712875849911522 1619999.9999997804
5.6837695124771495 3.3323208334040464 -0.005712875849911522 1619999.9999997804
5.6837695124771495 3.3323208334040464 -0.005712875849911522 1619999.9999997804
5.6837695124771495 3.3323208334040464 -0.005712875849911522 1619999.9999997804
5.755840921690505 3.3653806343232837 -0.016331799391465077 0.0 4,0,0 coil/filament1/filament2
5.789322822136313 3.2867509071268275 0.09947464589206467 1619999.9999997804
5.712819640162413 3.2641721744465912 0.09335386339120597 1619999.9999997804
5.712819640162413 3.2641721744465912 0.09335386339120597 1619999.9999997804
5.712819640162413 3.2641721744465912 0.09335386339120597 1619999.9999997804
5.712819640162413 3.2641721744465912 0.09335386339120597 1619999.9999997804
5.712819640162413 3.2641721744465912 0.09335386339120597 1619999.9999997804
5.712819640162413 3.2641721744465912 0.09335386339120597 1619999.9999997804
5.712819640162413 3.2641721744465912 0.09335386339120597 1619999.9999997804
5.712819640162413 3.2641721744465912 0.09335386339120597 1619999.9999997804
5.712819640162413 3.2641721744465912 0.09335386339120597 1619999.9999997804
5.712819640162413 3.2641721744465912 0.09335386339120597 1619999.9999997804
5.712819640162413 3.2641721744465912 0.09335386339120597 1619999.9999997804
5.712819640162413 3.2641721744465912 0.09335386339120597 1619999.9999997804
5.712819640162413 3.2641721744465912 0.09335386339120597 1619999.9999997804
5.712819640162413 3.2641721744465912 0.09335386339120597 1619999.9999997804
5.712819640162413 3.2641721744465912 0.09335386339120597 1619999.9999997804
5.712819640162413 3.2641721744465912 0.09335386339120597 1619999.9999997804
5.712819640162413 3.2641721744465912 0.09335386339120597 1619999.9999997804
5.712819640162413 3.2641721744465912 0.09335386339120597 1619999.9999997804
5.712819640162413 3.2641721744465912 0.09335386339120597 1619999.9999997804
5.712819640162413 3.2641721744465912 0.09335386339120597 1619999.9999997804
5.712819640162413 3.2641721744465912 0.09335386339120597 1619999.9999997804
5.712819640162413 3.2641721744465912 0.09335386339120597 1619999.9999997804
5.712819640162413 3.2641721744465912 0.09335386339120597 1619999.9999997804
5.712819640162413 3.2641721744465912 0.09335386339120597 1619999.9999997804
5.712819640162413 3.2641721744465912 0.09335386339120597 1619999.9999997804
5.712819640162413 3.2641721744465912 0.09335386339120597 1619999.9999997804
5.712819640162413 3.2641721744465912 0.09335386339120597 1619999.9999997804
5.712819640162413 3.2641721744465912 0.09335386339120597 1619999.9999997804
5.712819640162413 3.2641721744465912 0.09335386339120597 1619999.9999997804
5.712819640162413 3.2641721744465912 0.09335386339120597 1619999.9999997804
5.712819640162413 3.2641721744465912 0.09335386339120597 1619999.9999997804
5.712819640162413 3.2641721744465912 0.09335386339120597 1619999.9999997804
5.712819640162413 3.2641721744465912 0.09335386339120597 1619999.9999997804
5.712819640162413 3.2641721744465912 0.09335386339120597 1619999.9999997804
5.712819640162413 3.2641721744465912 0.09335386339120597 1619999.9999997804
5.712819640162413 3.2641721744465912 0.09335386339120597 1619999.9999997804
5.712819640162413 3.2641721744465912 0.09335386339120597 1619999.9999997804
5.712819640162413 3.2641721744465912 0.09335386339120597 1619999.9999997804
5.712819640162413 3.2641721744465912 0.09335386339120597 1619999.9999997804
5.712819640162413 3.2641721744465912 0.09335386339120597 1619999.9999997804
5.712819640162413 3.2641721744465912 0.09335386339120597 1619999.9999997804
5.712819640162413 3.2641721744465912 0.09335386339120597 1619999.9999997804
5.712819640162413 3.2641721744465912 0.09335386339120597 1619999.9999997804
5.712819640162413 3.2641721744465912 0.09335386339120597 1619999.9999997804
5.712819640162413 3.2641721744465912 0.09335386339120597 1619999.9999997804
5.712819640162413 3.2641721744465912 0.09335386339120597 1619999.9999997804
5.712819640162413 3.2641721744465912 0.09335386339120597 1619999.9999997804
5.712819640162413 3.2641721744465912 0.09335386339120597 1619999.9999997804
5.712819640162413 3.2641721744465912 0.09335386339120597 1619999.9999997804
5.712819640162413 3.2641721744465912 0.09335386339120597 1619999.9999997804
5.712819640162413 3.2641721744465912 0.09335386339120597 1619999.9999997804
5.712819640162413 3.2641721744465912 0.09335386339120597 1619999.9999997804
5.712819640162413 3.2641721744465912 0.09335386339120597 1619999.9999997804
5.712819640162413 3.2641721744465912 0.09335386339120597 1619999.9999997804
5.712819640162413 3.2641721744465912 0.09335386339120597 1619999.9999997804
5.712819640162413 3.2641721744465912 0.09335386339120597 1619999.9999997804
5.712819640162413 3.2641721744465912 0.09335386339120597 1619999.9999997804
5.712819640162413 3.2641721744465912 0.09335386339120597 1619999.9999997804
5.712819640162413 3.2641721744465912 0.09335386339120597 1619999.9999997804
5.712819640162413 3.2641721744465912 0.09335386339120597 1619999.9999997804
5.712819640162413 3.2641721744465912 0.09335386339120597 1619999.9999997804
5.712819640162413 3.2641721744465912 0.09335386339120597 1619999.9999997804
5.712819640162413 3.2641721744465912 0.09335386339120597 1619999.9999997804
5.789322822136313 3.2867509071268275 0.09947464589206467 0.0 4,0,1 coil/filament1/filament2
5.773751274275724 3.3090275736765085 -0.07021641524807133 1619999.9999997804
5.701679865062368 3.275967772757271 -0.05959749170651778 1619999.9999997804
5.701679865062368 3.275967772757271 -0.05959749170651778 1619999.9999997804
5.701679865062368 3.275967772757271 -0.05959749170651778 1619999.9999997804
5.701679865062368 3.275967772757271 -0.05959749170651778 1619999.9999997804
5.701679865062368 3.275967772757271 -0.05959749170651778 1619999.9999997804
5.701679865062368 3.275967772757271 -0.05959749170651778 1619999.9999997804
5.701679865062368 3.275967772757271 -0.05959749170651778 1619999.9999997804
5.701679865062368 3.275967772757271 -0.05959749170651778 1619999.9999997804
5.701679865062368 3.275967772757271 -0.05959749170651778 1619999.9999997804
5.701679865062368 3.275967772757271 -0.05959749170651778 1619999.9999997804
5.701679865062368 3.275967772757271 -0.05959749170651778 1619999.9999997804
5.701679865062368 3.275967772757271 -0.05959749170651778 1619999.9999997804
5.701679865062368 3.275967772757271 -0.05959749170651778 1619999.9999997804
5.701679865062368 3.275967772757271 -0.05959749170651778 1619999.9999997804
5.701679865062368 3.275967772757271 -0.05959749170651778 1619999.9999997804
5.701679865062368 3.275967772757271 -0.05959749170651778 1619999.9999997804
5.701679865062368 3.275967772757271 -0.05959749170651778 1619999.9999997804
5.701679865062368 3.275967772757271 -0.05959749170651778 1619999.9999997804
5.701679865062368 3.275967772757271 -0.05959749170651778 1619999.9999997804
5.701679865062368 3.275967772757271 -0.05959749170651778 1619999.9999997804
5.701679865062368 3.275967772757271 -0.05959749170651778 1619999.9999997804
5.701679865062368 3.275967772757271 -0.05959749170651778 1619999.9999997804
5.701679865062368 3.275967772757271 -0.05959749170651778 1619999.9999997804
5.701679865062368 3.275967772757271 -0.05959749170651778 1619999.9999997804
5.701679865062368 3.275967772757271 -0.05959749170651778 1619999.9999997804
5.701679865062368 3.275967772757271 -0.05959749170651778 1619999.9999997804
5.701679865062368 3.275967772757271 -0.05959749170651778 1619999.9999997804
5.701679865062368 3.275967772757271 -0.05959749170651778 1619999.9999997804
5.701679865062368 3.275967772757271 -0.05959749170651778 1619999.9999997804
5.701679865062368 3.275967772757271 -0.05959749170651778 1619999.9999997804
5.701679865062368 3.275967772757271 -0.05959749170651778 1619999.9999997804
5.701679865062368 3.275967772757271 -0.05959749170651778 1619999.9999997804
5.701679865062368 3.275967772757271 -0.05959749170651778 1619999.9999997804
5.701679865062368 3.275967772757271 -0.05959749170651778 1619999.9999997804
5.701679865062368 3.275967772757271 -0.05959749170651778 1619999.9999997804
5.701679865062368 3.275967772757271 -0.05959749170651778 1619999.9999997804
5.701679865062368 3.275967772757271 -0.05959749170651778 1619999.9999997804
5.701679865062368 3.275967772757271 -0.05959749170651778 1619999.9999997804
5.701679865062368 3.275967772757271 -0.05959749170651778 1619999.9999997804
5.701679865062368 3.275967772757271 -0.05959749170651778 1619999.9999997804
5.701679865062368 3.275967772757271 -0.05959749170651778 1619999.9999997804
5.701679865062368 3.275967772757271 -0.05959749170651778 1619999.9999997804
5.701679865062368 3.275967772757271 -0.05959749170651778 1619999.9999997804
5.701679865062368 3.275967772757271 -0.05959749170651778 1619999.9999997804
5.701679865062368 3.275967772757271 -0.05959749170651778 1619999.9999997804
5.701679865062368 3.275967772757271 -0.05959749170651778 1619999.9999997804
5.701679865062368 3.275967772757271 -0.05959749170651778 1619999.9999997804
5.701679865062368 3.275967772757271 -0.05959749170651778 1619999.9999997804
5.701679865062368 3.275967772757271 -0.05959749170651778 1619999.9999997804
5.701679865062368 3.275967772757271 -0.05959749170651778 1619999.9999997804
5.701679865062368 3.275967772757271 -0.05959749170651778 1619999.9999997804
5.701679865062368 3.275967772757271 -0.05959749170651778 1619999.9999997804
5.701679865062368 3.275967772757271 -0.05959749170651778 1619999.9999997804
5.701679865062368 3.275967772757271 -0.05959749170651778 1619999.9999997804
5.701679865062368 3.275967772757271 -0.05959749170651778 1619999.9999997804
5.701679865062368 3.275967772757271 -0.05959749170651778 1619999.9999997804
5.701679865062368 3.275967772757271 -0.05959749170651778 1619999.9999997804
5.701679865062368 3.275967772757271 -0.05959749170651778 1619999.9999997804
5.701679865062368 3.275967772757271 -0.05959749170651778 1619999.9999997804
5.701679865062368 3.275967772757271 -0.05959749170651778 1619999.9999997804
5.701679865062368 3.275967772757271 -0.05959749170651778 1619999.9999997804
5.701679865062368 3.275967772757271 -0.05959749170651778 1619999.9999997804
5.701679865062368 3.275967772757271 -0.05959749170651778 1619999.9999997804
5.773751274275724 3.3090275736765085 -0.07021641524807133 0.0 4,1,0 coil/filament1/filament2
5.811884906524881 3.2210686631929213 0.05976576552696324 1619999.9999997804
5.735381724550981 3.198489930512685 0.05364498302610455 1619999.9999997804
5.735381724550981 3.198489930512685 0.05364498302610455 1619999.9999997804
5.735381724550981 3.198489930512685 0.05364498302610455 1619999.9999997804
5.735381724550981 3.198489930512685 0.05364498302610455 1619999.9999997804
5.735381724550981 3.198489930512685 0.05364498302610455 1619999.9999997804
5.735381724550981 3.198489930512685 0.05364498302610455 1619999.9999997804
5.735381724550981 3.198489930512685 0.05364498302610455 1619999.9999997804
5.735381724550981 3.198489930512685 0.05364498302610455 1619999.9999997804
5.735381724550981 3.198489930512685 0.05364498302610455 1619999.9999997804
5.735381724550981 3.198489930512685 0.05364498302610455 1619999.9999997804
5.735381724550981 3.198489930512685 0.05364498302610455 1619999.9999997804
5.735381724550981 3.198489930512685 0.05364498302610455 1619999.9999997804
5.735381724550981 3.198489930512685 0.05364498302610455 1619999.9999997804
5.735381724550981 3.198489930512685 0.05364498302610455 1619999.9999997804
5.735381724550981 3.198489930512685 0.05364498302610455 1619999.9999997804
5.735381724550981 3.198489930512685 0.05364498302610455 1619999.9999997804
5.735381724550981 3.198489930512685 0.05364498302610455 1619999.9999997804
5.735381724550981 3.198489930512685 0.05364498302610455 1619999.9999997804
5.735381724550981 3.198489930512685 0.05364498302610455 1619999.9999997804
5.735381724550981 3.198489930512685 0.05364498302610455 1619999.9999997804
5.735381724550981 3.198489930512685 0.05364498302610455 1619999.9999997804
5.735381724550981 3.198489930512685 0.05364498302610455 1619999.9999997804
5.735381724550981 3.198489930512685 0.05364498302610455 1619999.9999997804
5.735381724550981 3.198489930512685 0.05364498302610455 1619999.9999997804
5.735381724550981 3.198489930512685 0.05364498302610455 1619999.9999997804
5.735381724550981 3.198489930512685 0.05364498302610455 1619999.9999997804
5.735381724550981 3.198489930512685 0.05364498302610455 1619999.9999997804
5.735381724550981 3.198489930512685 0.05364498302610455 1619999.9999997804
5.735381724550981 3.198489930512685 0.05364498302610455 1619999.9999997804
5.735381724550981 3.198489930512685 0.05364498302610455 1619999.9999997804
5.735381724550981 3.198489930512685 0.05364498302610455 1619999.9999997804
5.735381724550981 3.198489930512685 0.05364498302610455 1619999.9999997804
5.735381724550981 3.198489930512685 0.05364498302610455 1619999.9999997804
5.735381724550981 3.198489930512685 0.05364498302610455 1619999.9999997804
5.735381724550981 3.198489930512685 0.05364498302610455 1619999.9999997804
5.735381724550981 3.198489930512685 0.05364498302610455 1619999.9999997804
5.735381724550981 3.198489930512685 0.05364498302610455 1619999.9999997804
5.735381724550981 3.198489930512685 0.05364498302610455 1619999.9999997804
5.735381724550981 3.198489930512685 0.05364498302610455 1619999.9999997804
5.735381724550981 3.198489930512685 0.05364498302610455 1619999.9999997804
5.735381724550981 3.198489930512685 0.05364498302610455 1619999.9999997804
5.735381724550981 3.198489930512685 0.05364498302610455 1619999.9999997804
5.735381724550981 3.198489930512685 0.05364498302610455 1619999.9999997804
5.735381724550981 3.198489930512685 0.05364498302610455 1619999.9999997804
5.735381724550981 3.198489930512685 0.05364498302610455 1619999.9999997804
5.735381724550981 3.198489930512685 0.05364498302610455 1619999.9999997804
5.735381724550981 3.198489930512685 0.05364498302610455 1619999.9999997804
5.735381724550981 3.198489930512685 0.05364498302610455 1619999.9999997804
5.735381724550981 3.198489930512685 0.05364498302610455 1619999.9999997804
5.735381724550981 3.198489930512685 0.05364498302610455 1619999.9999997804
5.735381724550981 3.198489930512685 0.05364498302610455 1619999.9999997804
5.735381724550981 3.198489930512685 0.05364498302610455 1619999.9999997804
5.735381724550981 3.198489930512685 0.05364498302610455 1619999.9999997804
5.735381724550981 3.198489930512685 0.05364498302610455 1619999.9999997804
5.735381724550981 3.198489930512685 0.05364498302610455 1619999.9999997804
5.735381724550981 3.198489930512685 0.05364498302610455 1619999.9999997804
5.735381724550981 3.198489930512685 0.05364498302610455 1619999.9999997804
5.735381724550981 3.198489930512685 0.05364498302610455 1619999.9999997804
5.735381724550981 3.198489930512685 0.05364498302610455 1619999.9999997804
5.735381724550981 3.198489930512685 0.05364498302610455 1619999.9999997804
5.735381724550981 3.198489930512685 0.05364498302610455 1619999.9999997804
5.735381724550981 3.198489930512685 0.05364498302610455 1619999.9999997804
5.735381724550981 3.198489930512685 0.05364498302610455 1619999.9999997804
5.811884906524881 3.2210686631929213 0.05976576552696324 0.0 4,1,1 coil/filament1/filament2
