periods 0
begin filament
FOCUSADD Coils
2.243400037128575 0.36168679273221344 0.007351470603391698 600000.0
2.243400037128575 0.36168679273221344 0.007351470603391698 600000.0
2.243400037128575 0.36168679273221344 0.007351470603391698 600000.0
2.243400037128575 0.36168679273221344 0.007351470603391698 600000.0
2.243400037128575 0.36168679273221344 0.007351470603391698 600000.0
2.243400037128575 0.36168679273221344 0.007351470603391698 600000.0
2.243400037128575 0.36168679273221344 0.007351470603391698 600000.0
2.243400037128575 0.36168679273221344 0.007351470603391698 600000.0
2.243400037128575 0.36168679273221344 0.007351470603391698 600000.0
2.243400037128575 0.36168679273221344 0.007351470603391698 600000.0
2.243400037128575 0.36168679273221344 0.007351470603391698 600000.0
2.243400037128575 0.36168679273221344 0.007351470603391698 600000.0
2.243400037128575 0.36168679273221344 0.007351470603391698 600000.0
2.243400037128575 0.36168679273221344 0.007351470603391698 600000.0
2.243400037128575 0.36168679273221344 0.007351470603391698 600000.0
2.243400037128575 0.36168679273221344 0.007351470603391698 600000.0
2.243400037128575 0.36168679273221344 0.007351470603391698 600000.0
2.243400037128575 0.36168679273221344 0.007351470603391698 600000.0
2.243400037128575 0.36168679273221344 0.007351470603391698 600000.0
2.243400037128575 0.36168679273221344 0.007351470603391698 600000.0
2.243400037128575 0.36168679273221344 0.007351470603391698 600000.0
2.243400037128575 0.36168679273221344 0.007351470603391698 600000.0
2.243400037128575 0.36168679273221344 0.007351470603391698 600000.0
2.243400037128575 0.36168679273221344 0.007351470603391698 600000.0
2.243400037128575 0.36168679273221344 0.007351470603391698 600000.0
2.243400037128575 0.36168679273221344 0.007351470603391698 600000.0
2.243400037128575 0.36168679273221344 0.007351470603391698 600000.0
2.243400037128575 0.36168679273221344 0.007351470603391698 600000.0
2.243400037128575 0.36168679273221344 0.007351470603391698 600000.0
2.243400037128575 0.36168679273221344 0.007351470603391698 600000.0
2.243400037128575 0.36168679273221344 0.007351470603391698 600000.0
2.243400037128575 0.36168679273221344 0.007351470603391698 600000.0
2.243400037128575 0.36168679273221344 0.007351470603391698 600000.0
2.243400037128575 0.36168679273221344 0.007351470603391698 600000.0
2.243400037128575 0.36168679273221344 0.007351470603391698 600000.0
2.243400037128575 0.36168679273221344 0.007351470603391698 600000.0
2.243400037128575 0.36168679273221344 0.007351470603391698 600000.0
2.243400037128575 0.36168679273221344 0.007351470603391698 600000.0
2.243400037128575 0.36168679273221344 0.007351470603391698 600000.0
2.243400037128575 0.36168679273221344 0.007351470603391698 600000.0
2.243400037128575 0.36168679273221344 0.007351470603391698 600000.0
2.243400037128575 0.36168679273221344 0.007351470603391698 600000.0
2.243400037128575 0.36168679273221344 0.007351470603391698 600000.0
2.243400037128575 0.36168679273221344 0.007351470603391698 600000.0
2.243400037128575 0.36168679273221344 0.007351470603391698 600000.0
2.243400037128575 0.36168679273221344 0.007351470603391698 600000.0
2.243400037128575 0.36168679273221344 0.007351470603391698 600000.0
2.243400037128575 0.36168679273221344 0.007351470603391698 600000.0
2.243400037128575 0.36168679273221344 0.007351470603391698 600000.0
2.243400037128575 0.36168679273221344 0.007351470603391698 600000.0
2.243400037128575 0.36168679273221344 0.007351470603391698 600000.0
2.243400037128575 0.36168679273221344 0.007351470603391698 600000.0
2.243400037128575 0.36168679273221344 0.007351470603391698 600000.0
2.243400037128575 0.36168679273221344 0.007351470603391698 600000.0
2.243400037128575 0.36168679273221344 0.007351470603391698 600000.0
2.243400037128575 0.36168679273221344 0.007351470603391698 600000.0
2.243400037128575 0.36168679273221344 0.007351470603391698 600000.0
2.243400037128575 0.36168679273221344 0.007351470603391698 600000.0
2.243400037128575 0.36168679273221344 0.007351470603391698 600000.0
2.243400037128575 0.36168679273221344 0.007351470603391698 600000.0
2.243400037128575 0.36168679273221344 0.007351470603391698 600000.0
2.243400037128575 0.36168679273221344 0.007351470603391698 600000.0
2.243400037128575 0.36168679273221344 0.007351470603391698 600000.0
2.243400037128575 0.36168679273221344 0.007351470603391698 600000.0
2.243400037128575 0.36168679273221344 0.007351470603391698 0.0 0,0,0 coil/filament1/filament2
1.8666144936595483 1.044342103016558 -0.14175382367847383 600000.0
1.8666144936595483 1.044342103016558 -0.14175382367847383 600000.0
1.8666144936595483 1.044342103016558 -0.14175382367847383 600000.0
1.8666144936595483 1.044342103016558 -0.14175382367847383 600000.0
1.8666144936595483 1.044342103016558 -0.14175382367847383 600000.0
1.8666144936595483 1.044342103016558 -0.14175382367847383 600000.0
1.8666144936595483 1.044342103016558 -0.14175382367847383 600000.0
1.8666144936595483 1.044342103016558 -0.14175382367847383 600000.0
1.8666144936595483 1.044342103016558 -0.14175382367847383 600000.0
1.8666144936595483 1.044342103016558 -0.14175382367847383 600000.0
1.8666144936595483 1.044342103016558 -0.14175382367847383 600000.0
1.8666144936595483 1.044342103016558 -0.14175382367847383 600000.0
1.8666144936595483 1.044342103016558 -0.14175382367847383 600000.0
1.8666144936595483 1.044342103016558 -0.14175382367847383 600000.0
1.8666144936595483 1.044342103016558 -0.14175382367847383 600000.0
1.8666144936595483 1.044342103016558 -0.14175382367847383 600000.0
1.8666144936595483 1.044342103016558 -0.14175382367847383 600000.0
1.8666144936595483 1.044342103016558 -0.14175382367847383 600000.0
1.8666144936595483 1.044342103016558 -0.14175382367847383 600000.0
1.8666144936595483 1.044342103016558 -0.14175382367847383 600000.0
1.8666144936595483 1.044342103016558 -0.14175382367847383 600000.0
1.8666144936595483 1.044342103016558 -0.14175382367847383 600000.0
1.8666144936595483 1.044342103016558 -0.14175382367847383 600000.0
1.8666144936595483 1.044342103016558 -0.14175382367847383 600000.0
1.8666144936595483 1.044342103016558 -0.14175382367847383 600000.0
1.8666144936595483 1.044342103016558 -0.14175382367847383 600000.0
1.8666144936595483 1.044342103016558 -0.14175382367847383 600000.0
1.8666144936595483 1.044342103016558 -0.14175382367847383 600000.0
1.8666144936595483 1.044342103016558 -0.14175382367847383 600000.0
1.8666144936595483 1.044342103016558 -0.14175382367847383 600000.0
1.8666144936595483 1.044342103016558 -0.14175382367847383 600000.0
1.8666144936595483 1.044342103016558 -0.14175382367847383 600000.0
1.8666144936595483 1.044342103016558 -0.14175382367847383 600000.0
1.8666144936595483 1.044342103016558 -0.14175382367847383 600000.0
1.8666144936595483 1.044342103016558 -0.14175382367847383 600000.0
1.8666144936595483 1.044342103016558 -0.14175382367847383 600000.0
1.8666144936595483 1.044342103016558 -0.14175382367847383 600000.0
1.8666144936595483 1.044342103016558 -0.14175382367847383 600000.0
1.8666144936595483 1.044342103016558 -0.14175382367847383 600000.0
1.8666144936595483 1.044342103016558 -0.14175382367847383 600000.0
1.8666144936595483 1.044342103016558 -0.14175382367847383 600000.0
1.8666144936595483 1.044342103016558 -0.14175382367847383 600000.0
1.8666144936595483 1.044342103016558 -0.14175382367847383 600000.0
1.8666144936595483 1.044342103016558 -0.14175382367847383 600000.0
1.8666144936595483 1.044342103016558 -0.14175382367847383 600000.0
1.8666144936595483 1.044342103016558 -0.14175382367847383 600000.0
1.8666144936595483 1.044342103016558 -0.14175382367847383 600000.0
1.8666144936595483 1.044342103016558 -0.14175382367847383 600000.0
1.8666144936595483 1.044342103016558 -0.14175382367847383 600000.0
1.8666144936595483 1.044342103016558 -0.14175382367847383 600000.0
1.8666144936595483 1.044342103016558 -0.14175382367847383 600000.0
1.8666144936595483 1.044342103016558 -0.14175382367847383 600000.0
1.8666144936595483 1.044342103016558 -0.14175382367847383 600000.0
1.8666144936595483 1.044342103016558 -0.14175382367847383 600000.0
1.8666144936595483 1.044342103016558 -0.14175382367847383 600000.0
1.8666144936595483 1.044342103016558 -0.14175382367847383 600000.0
1.8666144936595483 1.044342103016558 -0.14175382367847383 600000.0
1.8666144936595483 1.044342103016558 -0.14175382367847383 600000.0
1.8666144936595483 1.044342103016558 -0.14175382367847383 600000.0
1.8666144936595483 1.044342103016558 -0.14175382367847383 600000.0
1.8666144936595483 1.044342103016558 -0.14175382367847383 600000.0
1.8666144936595483 1.044342103016558 -0.14175382367847383 600000.0
1.8666144936595483 1.044342103016558 -0.14175382367847383 600000.0
1.8666144936595483 1.044342103016558 -0.14175382367847383 600000.0
1.8666144936595483 1.044342103016558 -0.14175382367847383 0.0 1,0,0 coil/filament1/filament2
1.7764423204023412 1.3653625684910249 -0.3360305036978325 600000.0
1.7764423204023412 1.3653625684910249 -0.3360305036978325 600000.0
1.7764423204023412 1.3653625684910249 -0.3360305036978325 600000.0
1.7764423204023412 1.3653625684910249 -0.3360305036978325 600000.0
1.7764423204023412 1.3653625684910249 -0.3360305036978325 600000.0
1.7764423204023412 1.3653625684910249 -0.3360305036978325 600000.0
1.7764423204023412 1.3653625684910249 -0.3360305036978325 600000.0
1.7764423204023412 1.3653625684910249 -0.3360305036978325 600000.0
1.7764423204023412 1.3653625684910249 -0.3360305036978325 600000.0
1.7764423204023412 1.3653625684910249 -0.3360305036978325 600000.0
1.7764423204023412 1.3653625684910249 -0.3360305036978325 600000.0
1.7764423204023412 1.3653625684910249 -0.3360305036978325 600000.0
1.7764423204023412 1.3653625684910249 -0.3360305036978325 600000.0
1.7764423204023412 1.3653625684910249 -0.3360305036978325 600000.0
1.7764423204023412 1.3653625684910249 -0.3360305036978325 600000.0
1.7764423204023412 1.3653625684910249 -0.3360305036978325 600000.0
1.7764423204023412 1.3653625684910249 -0.3360305036978325 600000.0
1.7764423204023412 1.3653625684910249 -0.3360305036978325 600000.0
1.7764423204023412 1.3653625684910249 -0.3360305036978325 600000.0
1.7764423204023412 1.3653625684910249 -0.3360305036978325 600000.0
1.7764423204023412 1.3653625684910249 -0.3360305036978325 600000.0
1.7764423204023412 1.3653625684910249 -0.3360305036978325 600000.0
1.7764423204023412 1.3653625684910249 -0.3360305036978325 600000.0
1.7764423204023412 1.3653625684910249 -0.3360305036978325 600000.0
1.7764423204023412 1.3653625684910249 -0.3360305036978325 600000.0
1.7764423204023412 1.3653625684910249 -0.3360305036978325 600000.0
1.7764423204023412 1.3653625684910249 -0.3360305036978325 600000.0
1.7764423204023412 1.3653625684910249 -0.3360305036978325 600000.0
1.7764423204023412 1.3653625684910249 -0.3360305036978325 600000.0
1.7764423204023412 1.3653625684910249 -0.3360305036978325 600000.0
1.7764423204023412 1.3653625684910249 -0.3360305036978325 600000.0
1.7764423204023412 1.3653625684910249 -0.3360305036978325 600000.0
1.7764423204023412 1.3653625684910249 -0.3360305036978325 600000.0
1.7764423204023412 1.3653625684910249 -0.3360305036978325 600000.0
1.7764423204023412 1.3653625684910249 -0.3360305036978325 600000.0
1.7764423204023412 1.3653625684910249 -0.3360305036978325 600000.0
1.7764423204023412 1.3653625684910249 -0.3360305036978325 600000.0
1.7764423204023412 1.3653625684910249 -0.3360305036978325 600000.0
1.7764423204023412 1.3653625684910249 -0.3360305036978325 600000.0
1.7764423204023412 1.3653625684910249 -0.3360305036978325 600000.0
1.7764423204023412 1.3653625684910249 -0.3360305036978325 600000.0
1.7764423204023412 1.3653625684910249 -0.3360305036978325 600000.0
1.7764423204023412 1.3653625684910249 -0.3360305036978325 600000.0
1.7764423204023412 1.3653625684910249 -0.3360305036978325 600000.0
1.7764423204023412 1.3653625684910249 -0.3360305036978325 600000.0
1.7764423204023412 1.3653625684910249 -0.3360305036978325 600000.0
1.7764423204023412 1.3653625684910249 -0.3360305036978325 600000.0
1.7764423204023412 1.3653625684910249 -0.3360305036978325 600000.0
1.7764423204023412 1.3653625684910249 -0.3360305036978325 600000.0
1.7764423204023412 1.3653625684910249 -0.3360305036978325 600000.0
1.7764423204023412 1.3653625684910249 -0.3360305036978325 600000.0
1.7764423204023412 1.3653625684910249 -0.3360305036978325 600000.0
1.7764423204023412 1.3653625684910249 -0.3360305036978325 600000.0
1.7764423204023412 1.3653625684910249 -0.3360305036978325 600000.0
1.7764423204023412 1.3653625684910249 -0.3360305036978325 600000.0
1.7764423204023412 1.3653625684910249 -0.3360305036978325 600000.0
1.7764423204023412 1.3653625684910249 -0.3360305036978325 600000.0
1.7764423204023412 1.3653625684910249 -0.3360305036978325 600000.0
1.7764423204023412 1.3653625684910249 -0.3360305036978325 600000.0
1.7764423204023412 1.3653625684910249 -0.3360305036978325 600000.0
1.7764423204023412 1.3653625684910249 -0.3360305036978325 600000.0
1.7764423204023412 1.3653625684910249 -0.3360305036978325 600000.0
1.7764423204023412 1.3653625684910249 -0.3360305036978325 600000.0
1.7764423204023412 1.3653625684910249 -0.3360305036978325 600000.0
1.7764423204023412 1.3653625684910249 -0.3360305036978325 0.0 2,0,0 coil/filament1/filament2
