periods 0
begin filament
FOCUSADD Coils
4.335311176605516 0.7854203718190168 0.032012736704143264 999999.9987089358
4.335311176605516 0.7854203718190168 0.032012736704143264 999999.9987089358
4.335311176605516 0.7854203718190168 0.032012736704143264 999999.9987089358
4.335311176605516 0.7854203718190168 0.032012736704143264 999999.9987089358
4.335311176605516 0.7854203718190168 0.032012736704143264 999999.9987089358
4.335311176605516 0.7854203718190168 0.032012736704143264 999999.9987089358
4.335311176605516 0.7854203718190168 0.032012736704143264 999999.9987089358
4.335311176605516 0.7854203718190168 0.032012736704143264 999999.9987089358
4.335311176605516 0.7854203718190168 0.032012736704143264 999999.9987089358
4.335311176605516 0.7854203718190168 0.032012736704143264 999999.9987089358
4.335311176605516 0.7854203718190168 0.032012736704143264 999999.9987089358
4.335311176605516 0.7854203718190168 0.032012736704143264 999999.9987089358
4.335311176605516 0.7854203718190168 0.032012736704143264 999999.9987089358
4.335311176605516 0.7854203718190168 0.032012736704143264 999999.9987089358
4.335311176605516 0.7854203718190168 0.032012736704143264 999999.9987089358
4.335311176605516 0.7854203718190168 0.032012736704143264 999999.9987089358
4.335311176605516 0.7854203718190168 0.032012736704143264 999999.9987089358
4.335311176605516 0.7854203718190168 0.032012736704143264 999999.9987089358
4.335311176605516 0.7854203718190168 0.032012736704143264 999999.9987089358
4.335311176605516 0.7854203718190168 0.032012736704143264 999999.9987089358
4.335311176605516 0.7854203718190168 0.032012736704143264 999999.9987089358
4.335311176605516 0.7854203718190168 0.032012736704143264 999999.9987089358
4.335311176605516 0.7854203718190168 0.032012736704143264 999999.9987089358
4.335311176605516 0.7854203718190168 0.032012736704143264 999999.9987089358
4.335311176605516 0.7854203718190168 0.032012736704143264 999999.9987089358
4.335311176605516 0.7854203718190168 0.032012736704143264 999999.9987089358
4.335311176605516 0.7854203718190168 0.032012736704143264 999999.9987089358
4.335311176605516 0.7854203718190168 0.032012736704143264 999999.9987089358
4.335311176605516 0.7854203718190168 0.032012736704143264 999999.9987089358
4.335311176605516 0.7854203718190168 0.032012736704143264 999999.9987089358
4.335311176605516 0.7854203718190168 0.032012736704143264 999999.9987089358
4.335311176605516 0.7854203718190168 0.032012736704143264 999999.9987089358
4.335311176605516 0.7854203718190168 0.032012736704143264 999999.9987089358
4.335311176605516 0.7854203718190168 0.032012736704143264 999999.9987089358
4.335311176605516 0.7854203718190168 0.032012736704143264 999999.9987089358
4.335311176605516 0.7854203718190168 0.032012736704143264 999999.9987089358
4.335311176605516 0.7854203718190168 0.032012736704143264 999999.9987089358
4.335311176605516 0.7854203718190168 0.032012736704143264 999999.9987089358
4.335311176605516 0.7854203718190168 0.032012736704143264 999999.9987089358
4.335311176605516 0.7854203718190168 0.032012736704143264 999999.9987089358
4.335311176605516 0.7854203718190168 0.032012736704143264 999999.9987089358
4.335311176605516 0.7854203718190168 0.032012736704143264 999999.9987089358
4.335311176605516 0.7854203718190168 0.032012736704143264 999999.9987089358
4.335311176605516 0.7854203718190168 0.032012736704143264 999999.9987089358
4.335311176605516 0.7854203718190168 0.032012736704143264 999999.9987089358
4.335311176605516 0.7854203718190168 0.032012736704143264 999999.9987089358
4.335311176605516 0.7854203718190168 0.032012736704143264 999999.9987089358
4.335311176605516 0.7854203718190168 0.032012736704143264 999999.9987089358
4.335311176605516 0.7854203718190168 0.032012736704143264 999999.9987089358
4.335311176605516 0.7854203718190168 0.032012736704143264 999999.9987089358
4.335311176605516 0.7854203718190168 0.032012736704143264 999999.9987089358
4.335311176605516 0.7854203718190168 0.032012736704143264 999999.9987089358
4.335311176605516 0.7854203718190168 0.032012736704143264 999999.9987089358
4.335311176605516 0.7854203718190168 0.032012736704143264 999999.9987089358
4.335311176605516 0.7854203718190168 0.032012736704143264 999999.9987089358
4.335311176605516 0.7854203718190168 0.032012736704143264 999999.9987089358
4.335311176605516 0.7854203718190168 0.032012736704143264 999999.9987089358
4.335311176605516 0.7854203718190168 0.032012736704143264 999999.9987089358
4.335311176605516 0.7854203718190168 0.032012736704143264 999999.9987089358
4.335311176605516 0.7854203718190168 0.032012736704143264 999999.9987089358
4.335311176605516 0.7854203718190168 0.032012736704143264 999999.9987089358
4.335311176605516 0.7854203718190168 0.032012736704143264 999999.9987089358
4.335311176605516 0.7854203718190168 0.032012736704143264 999999.9987089358
4.335311176605516 0.7854203718190168 0.032012736704143264 999999.9987089358
4.335311176605516 0.7854203718190168 0.032012736704143264 0.0 0,0,0 coil/filament1/filament2
3.7807962455359028 2.307881668041174 -0.11750725918200752 999999.999733532
3.7807962455359028 2.307881668041174 -0.11750725918200752 999999.999733532
3.7807962455359028 2.307881668041174 -0.11750725918200752 999999.999733532
3.7807962455359028 2.307881668041174 -0.11750725918200752 999999.999733532
3.7807962455359028 2.307881668041174 -0.11750725918200752 999999.999733532
3.7807962455359028 2.307881668041174 -0.11750725918200752 999999.999733532
3.7807962455359028 2.307881668041174 -0.11750725918200752 999999.999733532
3.7807962455359028 2.307881668041174 -0.11750725918200752 999999.999733532
3.7807962455359028 2.307881668041174 -0.11750725918200752 999999.999733532
3.7807962455359028 2.307881668041174 -0.11750725918200752 999999.999733532
3.7807962455359028 2.307881668041174 -0.11750725918200752 999999.999733532
3.7807962455359028 2.307881668041174 -0.11750725918200752 999999.999733532
3.7807962455359028 2.307881668041174 -0.11750725918200752 999999.999733532
3.7807962455359028 2.307881668041174 -0.11750725918200752 999999.999733532
3.7807962455359028 2.307881668041174 -0.11750725918200752 999999.999733532
3.7807962455359028 2.307881668041174 -0.11750725918200752 999999.999733532
3.7807962455359028 2.307881668041174 -0.11750725918200752 999999.999733532
3.7807962455359028 2.307881668041174 -0.11750725918200752 999999.999733532
3.7807962455359028 2.307881668041174 -0.11750725918200752 999999.999733532
3.7807962455359028 2.307881668041174 -0.11750725918200752 999999.999733532
3.7807962455359028 2.307881668041174 -0.11750725918200752 999999.999733532
3.7807962455359028 2.307881668041174 -0.11750725918200752 999999.999733532
3.7807962455359028 2.307881668041174 -0.11750725918200752 999999.999733532
3.7807962455359028 2.307881668041174 -0.11750725918200752 999999.999733532
3.7807962455359028 2.307881668041174 -0.11750725918200752 999999.999733532
3.7807962455359028 2.307881668041174 -0.11750725918200752 999999.999733532
3.7807962455359028 2.307881668041174 -0.11750725918200752 999999.999733532
3.7807962455359028 2.307881668041174 -0.11750725918200752 999999.999733532
3.7807962455359028 2.307881668041174 -0.11750725918200752 999999.999733532
3.7807962455359028 2.307881668041174 -0.11750725918200752 999999.999733532
3.7807962455359028 2.307881668041174 -0.11750725918200752 999999.999733532
3.7807962455359028 2.307881668041174 -0.11750725918200752 999999.999733532
3.7807962455359028 2.307881668041174 -0.11750725918200752 999999.999733532
3.7807962455359028 2.307881668041174 -0.11750725918200752 999999.999733532
3.7807962455359028 2.307881668041174 -0.11750725918200752 999999.999733532
3.7807962455359028 2.307881668041174 -0.11750725918200752 999999.999733532
3.7807962455359028 2.307881668041174 -0.11750725918200752 999999.999733532
3.7807962455359028 2.307881668041174 -0.11750725918200752 999999.999733532
3.7807962455359028 2.307881668041174 -0.11750725918200752 999999.999733532
3.7807962455359028 2.307881668041174 -0.11750725918200752 999999.999733532
3.7807962455359028 2.307881668041174 -0.11750725918200752 999999.999733532
3.7807962455359028 2.307881668041174 -0.11750725918200752 999999.999733532
3.7807962455359028 2.307881668041174 -0.11750725918200752 999999.999733532
3.7807962455359028 2.307881668041174 -0.11750725918200752 999999.999733532
3.7807962455359028 2.307881668041174 -0.11750725918200752 999999.999733532
3.7807962455359028 2.307881668041174 -0.11750725918200752 999999.999733532
3.7807962455359028 2.307881668041174 -0.11750725918200752 999999.999733532
3.7807962455359028 2.307881668041174 -0.11750725918200752 999999.999733532
3.7807962455359028 2.307881668041174 -0.11750725918200752 999999.999733532
3.7807962455359028 2.307881668041174 -0.11750725918200752 999999.999733532
3.7807962455359028 2.307881668041174 -0.11750725918200752 999999.999733532
3.7807962455359028 2.307881668041174 -0.11750725918200752 999999.999733532
3.7807962455359028 2.307881668041174 -0.11750725918200752 999999.999733532
3.7807962455359028 2.307881668041174 -0.11750725918200752 999999.999733532
3.7807962455359028 2.307881668041174 -0.11750725918200752 999999.999733532
3.7807962455359028 2.307881668041174 -0.11750725918200752 999999.999733532
3.7807962455359028 2.307881668041174 -0.11750725918200752 999999.999733532
3.7807962455359028 2.307881668041174 -0.11750725918200752 999999.999733532
3.7807962455359028 2.307881668041174 -0.11750725918200752 999999.999733532
3.7807962455359028 2.307881668041174 -0.11750725918200752 999999.999733532
3.7807962455359028 2.307881668041174 -0.11750725918200752 999999.999733532
3.7807962455359028 2.307881668041174 -0.11750725918200752 999999.999733532
3.7807962455359028 2.307881668041174 -0.11750725918200752 999999.999733532
3.7807962455359028 2.307881668041174 -0.11750725918200752 999999.999733532
3.7807962455359028 2.307881668041174 -0.11750725918200752 0.0 1,0,0 coil/filament1/filament2
2.711436730450435 3.6065432986967623 -0.16386206867258202 1000000.000399795
2.711436730450435 3.6065432986967623 -0.16386206867258202 1000000.000399795
2.711436730450435 3.6065432986967623 -0.16386206867258202 1000000.000399795
2.711436730450435 3.6065432986967623 -0.16386206867258202 1000000.000399795
2.711436730450435 3.6065432986967623 -0.16386206867258202 1000000.000399795
2.711436730450435 3.6065432986967623 -0.16386206867258202 1000000.000399795
2.711436730450435 3.6065432986967623 -0.16386206867258202 1000000.000399795
2.711436730450435 3.6065432986967623 -0.16386206867258202 1000000.000399795
2.711436730450435 3.6065432986967623 -0.16386206867258202 1000000.000399795
2.711436730450435 3.6065432986967623 -0.16386206867258202 1000000.000399795
2.711436730450435 3.6065432986967623 -0.16386206867258202 1000000.000399795
2.711436730450435 3.6065432986967623 -0.16386206867258202 1000000.000399795
2.711436730450435 3.6065432986967623 -0.16386206867258202 1000000.000399795
2.711436730450435 3.6065432986967623 -0.16386206867258202 1000000.000399795
2.711436730450435 3.6065432986967623 -0.16386206867258202 1000000.000399795
2.711436730450435 3.6065432986967623 -0.16386206867258202 1000000.000399795
2.711436730450435 3.6065432986967623 -0.16386206867258202 1000000.000399795
2.711436730450435 3.6065432986967623 -0.16386206867258202 1000000.000399795
2.711436730450435 3.6065432986967623 -0.16386206867258202 1000000.000399795
2.711436730450435 3.6065432986967623 -0.16386206867258202 1000000.000399795
2.711436730450435 3.6065432986967623 -0.16386206867258202 1000000.000399795
2.711436730450435 3.6065432986967623 -0.16386206867258202 1000000.000399795
2.711436730450435 3.6065432986967623 -0.16386206867258202 1000000.000399795
2.711436730450435 3.6065432986967623 -0.16386206867258202 1000000.000399795
2.711436730450435 3.6065432986967623 -0.16386206867258202 1000000.000399795
2.711436730450435 3.6065432986967623 -0.16386206867258202 1000000.000399795
2.711436730450435 3.6065432986967623 -0.16386206867258202 1000000.000399795
2.711436730450435 3.6065432986967623 -0.16386206867258202 1000000.000399795
2.711436730450435 3.6065432986967623 -0.16386206867258202 1000000.000399795
2.711436730450435 3.6065432986967623 -0.16386206867258202 1000000.000399795
2.711436730450435 3.6065432986967623 -0.16386206867258202 1000000.000399795
2.711436730450435 3.6065432986967623 -0.16386206867258202 1000000.000399795
2.711436730450435 3.6065432986967623 -0.16386206867258202 1000000.000399795
2.711436730450435 3.6065432986967623 -0.16386206867258202 1000000.000399795
2.711436730450435 3.6065432986967623 -0.16386206867258202 1000000.000399795
2.711436730450435 3.6065432986967623 -0.16386206867258202 1000000.000399795
2.711436730450435 3.6065432986967623 -0.16386206867258202 1000000.000399795
2.711436730450435 3.6065432986967623 -0.16386206867258202 1000000.000399795
2.711436730450435 3.6065432986967623 -0.16386206867258202 1000000.000399795
2.711436730450435 3.6065432986967623 -0.16386206867258202 1000000.000399795
2.711436730450435 3.6065432986967623 -0.16386206867258202 1000000.000399795
2.711436730450435 3.6065432986967623 -0.16386206867258202 1000000.000399795
2.711436730450435 3.6065432986967623 -0.16386206867258202 1000000.000399795
2.711436730450435 3.6065432986967623 -0.16386206867258202 1000000.000399795
2.711436730450435 3.6065432986967623 -0.16386206867258202 1000000.000399795
2.711436730450435 3.6065432986967623 -0.16386206867258202 1000000.000399795
2.711436730450435 3.6065432986967623 -0.16386206867258202 1000000.000399795
2.711436730450435 3.6065432986967623 -0.16386206867258202 1000000.000399795
2.711436730450435 3.6065432986967623 -0.16386206867258202 1000000.000399795
2.711436730450435 3.6065432986967623 -0.16386206867258202 1000000.000399795
2.711436730450435 3.6065432986967623 -0.16386206867258202 1000000.000399795
2.711436730450435 3.6065432986967623 -0.16386206867258202 1000000.000399795
2.711436730450435 3.6065432986967623 -0.16386206867258202 1000000.000399795
2.711436730450435 3.6065432986967623 -0.16386206867258202 1000000.000399795
2.711436730450435 3.6065432986967623 -0.16386206867258202 1000000.000399795
2.711436730450435 3.6065432986967623 -0.16386206867258202 1000000.000399795
2.711436730450435 3.6065432986967623 -0.16386206867258202 1000000.000399795
2.711436730450435 3.6065432986967623 -0.16386206867258202 1000000.000399795
2.711436730450435 3.6065432986967623 -0.16386206867258202 1000000.000399795
2.711436730450435 3.6065432986967623 -0.16386206867258202 1000000.000399795
2.711436730450435 3.6065432986967623 -0.16386206867258202 1000000.000399795
2.711436730450435 3.6065432986967623 -0.16386206867258202 1000000.000399795
2.711436730450435 3.6065432986967623 -0.16386206867258202 1000000.000399795
2.711436730450435 3.6065432986967623 -0.16386206867258202 1000000.000399795
2.711436730450435 3.6065432986967623 -0.16386206867258202 0.0 2,0,0 coil/filament1/filament2
1.0424635420271144 4.527745741879449 -0.07266284430570545 1000000.0011577413
1.0424635420271144 4.527745741879449 -0.07266284430570545 1000000.0011577413
1.0424635420271144 4.527745741879449 -0.07266284430570545 1000000.0011577413
1.0424635420271144 4.527745741879449 -0.07266284430570545 1000000.0011577413
1.0424635420271144 4.527745741879449 -0.07266284430570545 1000000.0011577413
1.0424635420271144 4.527745741879449 -0.07266284430570545 1000000.0011577413
1.0424635420271144 4.527745741879449 -0.07266284430570545 1000000.0011577413
1.0424635420271144 4.527745741879449 -0.07266284430570545 1000000.0011577413
1.0424635420271144 4.527745741879449 -0.07266284430570545 1000000.0011577413
1.0424635420271144 4.527745741879449 -0.07266284430570545 1000000.0011577413
1.0424635420271144 4.527745741879449 -0.07266284430570545 1000000.0011577413
1.0424635420271144 4.527745741879449 -0.07266284430570545 1000000.0011577413
1.0424635420271144 4.527745741879449 -0.07266284430570545 1000000.0011577413
1.0424635420271144 4.527745741879449 -0.07266284430570545 1000000.0011577413
1.0424635420271144 4.527745741879449 -0.07266284430570545 1000000.0011577413
1.0424635420271144 4.527745741879449 -0.07266284430570545 1000000.0011577413
1.0424635420271144 4.527745741879449 -0.07266284430570545 1000000.0011577413
1.0424635420271144 4.527745741879449 -0.07266284430570545 1000000.0011577413
1.0424635420271144 4.527745741879449 -0.07266284430570545 1000000.0011577413
1.0424635420271144 4.527745741879449 -0.07266284430570545 1000000.0011577413
1.0424635420271144 4.527745741879449 -0.07266284430570545 1000000.0011577413
1.0424635420271144 4.527745741879449 -0.07266284430570545 1000000.0011577413
1.0424635420271144 4.527745741879449 -0.07266284430570545 1000000.0011577413
1.0424635420271144 4.527745741879449 -0.07266284430570545 1000000.0011577413
1.0424635420271144 4.527745741879449 -0.07266284430570545 1000000.0011577413
1.0424635420271144 4.527745741879449 -0.07266284430570545 1000000.0011577413
1.0424635420271144 4.527745741879449 -0.07266284430570545 1000000.0011577413
1.0424635420271144 4.527745741879449 -0.07266284430570545 1000000.0011577413
1.0424635420271144 4.527745741879449 -0.07266284430570545 1000000.0011577413
1.0424635420271144 4.527745741879449 -0.07266284430570545 1000000.0011577413
1.0424635420271144 4.527745741879449 -0.07266284430570545 1000000.0011577413
1.0424635420271144 4.527745741879449 -0.07266284430570545 1000000.0011577413
1.0424635420271144 4.527745741879449 -0.07266284430570545 1000000.0011577413
1.0424635420271144 4.527745741879449 -0.07266284430570545 1000000.0011577413
1.0424635420271144 4.527745741879449 -0.07266284430570545 1000000.0011577413
1.0424635420271144 4.527745741879449 -0.07266284430570545 1000000.0011577413
1.0424635420271144 4.527745741879449 -0.07266284430570545 1000000.0011577413
1.0424635420271144 4.527745741879449 -0.07266284430570545 1000000.0011577413
1.0424635420271144 4.527745741879449 -0.07266284430570545 1000000.0011577413
1.0424635420271144 4.527745741879449 -0.07266284430570545 1000000.0011577413
1.0424635420271144 4.527745741879449 -0.07266284430570545 1000000.0011577413
1.0424635420271144 4.527745741879449 -0.07266284430570545 1000000.0011577413
1.0424635420271144 4.527745741879449 -0.07266284430570545 1000000.0011577413
1.0424635420271144 4.527745741879449 -0.07266284430570545 1000000.0011577413
1.0424635420271144 4.527745741879449 -0.07266284430570545 1000000.0011577413
1.0424635420271144 4.527745741879449 -0.07266284430570545 1000000.0011577413
1.0424635420271144 4.527745741879449 -0.07266284430570545 1000000.0011577413
1.0424635420271144 4.527745741879449 -0.07266284430570545 1000000.0011577413
1.0424635420271144 4.527745741879449 -0.07266284430570545 1000000.0011577413
1.0424635420271144 4.527745741879449 -0.07266284430570545 1000000.0011577413
1.0424635420271144 4.527745741879449 -0.07266284430570545 1000000.0011577413
1.0424635420271144 4.527745741879449 -0.07266284430570545 1000000.0011577413
1.0424635420271144 4.527745741879449 -0.07266284430570545 1000000.0011577413
1.0424635420271144 4.527745741879449 -0.07266284430570545 1000000.0011577413
1.0424635420271144 4.527745741879449 -0.07266284430570545 1000000.0011577413
1.0424635420271144 4.527745741879449 -0.07266284430570545 1000000.0011577413
1.0424635420271144 4.527745741879449 -0.07266284430570545 1000000.0011577413
1.0424635420271144 4.527745741879449 -0.07266284430570545 1000000.0011577413
1.0424635420271144 4.527745741879449 -0.07266284430570545 1000000.0011577413
1.0424635420271144 4.527745741879449 -0.07266284430570545 1000000.0011577413
1.0424635420271144 4.527745741879449 -0.07266284430570545 1000000.0011577413
1.0424635420271144 4.527745741879449 -0.07266284430570545 1000000.0011577413
1.0424635420271144 4.527745741879449 -0.07266284430570545 1000000.0011577413
1.0424635420271144 4.527745741879449 -0.07266284430570545 1000000.0011577413
1.0424635420271144 4.527745741879449 -0.07266284430570545 0.0 3,0,0 coil/filament1/filament2
