periods 0
begin filament
FOCUSADD Coils
6.958226455478552 0.48052113593038104 0.09003160208038684 1520000.0
6.878414390652728 0.47504091195413245 0.08999347848149222 1520000.0
6.878414390652728 0.47504091195413245 0.08999347848149222 1520000.0
6.878414390652728 0.47504091195413245 0.08999347848149222 1520000.0
6.878414390652728 0.47504091195413245 0.08999347848149222 1520000.0
6.878414390652728 0.47504091195413245 0.08999347848149222 1520000.0
6.878414390652728 0.47504091195413245 0.08999347848149222 1520000.0
6.878414390652728 0.47504091195413245 0.08999347848149222 1520000.0
6.878414390652728 0.47504091195413245 0.08999347848149222 1520000.0
6.878414390652728 0.47504091195413245 0.08999347848149222 1520000.0
6.878414390652728 0.47504091195413245 0.08999347848149222 1520000.0
6.878414390652728 0.47504091195413245 0.08999347848149222 1520000.0
6.878414390652728 0.47504091195413245 0.08999347848149222 1520000.0
6.878414390652728 0.47504091195413245 0.08999347848149222 1520000.0
6.878414390652728 0.47504091195413245 0.08999347848149222 1520000.0
6.878414390652728 0.47504091195413245 0.08999347848149222 1520000.0
6.878414390652728 0.47504091195413245 0.08999347848149222 1520000.0
6.878414390652728 0.47504091195413245 0.08999347848149222 1520000.0
6.878414390652728 0.47504091195413245 0.08999347848149222 1520000.0
6.878414390652728 0.47504091195413245 0.08999347848149222 1520000.0
6.878414390652728 0.47504091195413245 0.08999347848149222 1520000.0
6.878414390652728 0.47504091195413245 0.08999347848149222 1520000.0
6.878414390652728 0.47504091195413245 0.08999347848149222 1520000.0
6.878414390652728 0.47504091195413245 0.08999347848149222 1520000.0
6.878414390652728 0.47504091195413245 0.08999347848149222 1520000.0
6.878414390652728 0.47504091195413245 0.08999347848149222 1520000.0
6.878414390652728 0.47504091195413245 0.08999347848149222 1520000.0
6.878414390652728 0.47504091195413245 0.08999347848149222 1520000.0
6.878414390652728 0.47504091195413245 0.08999347848149222 1520000.0
6.878414390652728 0.47504091195413245 0.08999347848149222 1520000.0
6.878414390652728 0.47504091195413245 0.08999347848149222 1520000.0
6.878414390652728 0.47504091195413245 0.08999347848149222 1520000.0
6.878414390652728 0.47504091195413245 0.08999347848149222 1520000.0
6.878414390652728 0.47504091195413245 0.08999347848149222 1520000.0
6.878414390652728 0.47504091195413245 0.08999347848149222 1520000.0
6.878414390652728 0.47504091195413245 0.08999347848149222 1520000.0
6.878414390652728 0.47504091195413245 0.08999347848149222 1520000.0
6.878414390652728 0.47504091195413245 0.08999347848149222 1520000.0
6.878414390652728 0.47504091195413245 0.08999347848149222 1520000.0
6.878414390652728 0.47504091195413245 0.08999347848149222 1520000.0
6.878414390652728 0.47504091195413245 0.08999347848149222 1520000.0
6.878414390652728 0.47504091195413245 0.08999347848149222 1520000.0
6.878414390652728 0.47504091195413245 0.08999347848149222 1520000.0
6.878414390652728 0.47504091195413245 0.08999347848149222 1520000.0
6.878414390652728 0.47504091195413245 0.08999347848149222 1520000.0
6.878414390652728 0.47504091195413245 0.08999347848149222 1520000.0
6.878414390652728 0.47504091195413245 0.08999347848149222 1520000.0
6.878414390652728 0.47504091195413245 0.08999347848149222 1520000.0
6.878414390652728 0.47504091195413245 0.08999347848149222 1520000.0
6.878414390652728 0.47504091195413245 0.08999347848149222 1520000.0
6.878414390652728 0.47504091195413245 0.08999347848149222 1520000.0
6.878414390652728 0.47504091195413245 0.08999347848149222 1520000.0
6.878414390652728 0.47504091195413245 0.08999347848149222 1520000.0
6.878414390652728 0.47504091195413245 0.08999347848149222 1520000.0
6.878414390652728 0.47504091195413245 0.08999347848149222 1520000.0
6.878414390652728 0.47504091195413245 0.08999347848149222 1520000.0
6.878414390652728 0.47504091195413245 0.08999347848149222 1520000.0
6.878414390652728 0.47504091195413245 0.08999347848149222 1520000.0
6.878414390652728 0.47504091195413245 0.08999347848149222 1520000.0
6.878414390652728 0.47504091195413245 0.08999347848149222 1520000.0
6.878414390652728 0.47504091195413245 0.08999347848149222 1520000.0
6.878414390652728 0.47504091195413245 0.08999347848149222 1520000.0
6.878414390652728 0.47504091195413245 0.08999347848149222 1520000.0
6.878414390652728 0.47504091195413245 0.08999347848149222 1520000.0
6.958226455478552 0.48052113593038104 0.09003160208038684 0.0 0,0,0 coil/filament1/filament2
6.953204779341115 0.4810342164957457 0.19215205396142138 1520000.0
6.873773044690595 0.4756584759050563 0.1842970591484971 1520000.0
6.873773044690595 0.4756584759050563 0.1842970591484971 1520000.0
6.873773044690595 0.4756584759050563 0.1842970591484971 1520000.0
6.873773044690595 0.4756584759050563 0.1842970591484971 1520000.0
6.873773044690595 0.4756584759050563 0.1842970591484971 1520000.0
6.873773044690595 0.4756584759050563 0.1842970591484971 1520000.0
6.873773044690595 0.4756584759050563 0.1842970591484971 1520000.0
6.873773044690595 0.4756584759050563 0.1842970591484971 1520000.0
6.873773044690595 0.4756584759050563 0.1842970591484971 1520000.0
6.873773044690595 0.4756584759050563 0.1842970591484971 1520000.0
6.873773044690595 0.4756584759050563 0.1842970591484971 1520000.0
6.873773044690595 0.4756584759050563 0.1842970591484971 1520000.0
6.873773044690595 0.4756584759050563 0.1842970591484971 1520000.0
6.873773044690595 0.4756584759050563 0.1842970591484971 1520000.0
6.873773044690595 0.4756584759050563 0.1842970591484971 1520000.0
6.873773044690595 0.4756584759050563 0.1842970591484971 1520000.0
6.873773044690595 0.4756584759050563 0.1842970591484971 1520000.0
6.873773044690595 0.4756584759050563 0.1842970591484971 1520000.0
6.873773044690595 0.4756584759050563 0.1842970591484971 1520000.0
6.873773044690595 0.4756584759050563 0.1842970591484971 1520000.0
6.873773044690595 0.4756584759050563 0.1842970591484971 1520000.0
6.873773044690595 0.4756584759050563 0.1842970591484971 1520000.0
6.873773044690595 0.4756584759050563 0.1842970591484971 1520000.0
6.873773044690595 0.4756584759050563 0.1842970591484971 1520000.0
6.873773044690595 0.4756584759050563 0.1842970591484971 1520000.0
6.873773044690595 0.4756584759050563 0.1842970591484971 1520000.0
6.873773044690595 0.4756584759050563 0.1842970591484971 1520000.0
6.873773044690595 0.4756584759050563 0.1842970591484971 1520000.0
6.873773044690595 0.4756584759050563 0.1842970591484971 1520000.0
6.873773044690595 0.4756584759050563 0.1842970591484971 1520000.0
6.873773044690595 0.4756584759050563 0.1842970591484971 1520000.0
6.873773044690595 0.4756584759050563 0.1842970591484971 1520000.0
6.873773044690595 0.4756584759050563 0.1842970591484971 1520000.0
6.873773044690595 0.4756584759050563 0.1842970591484971 1520000.0
6.873773044690595 0.4756584759050563 0.1842970591484971 1520000.0
6.873773044690595 0.4756584759050563 0.1842970591484971 1520000.0
6.873773044690595 0.4756584759050563 0.1842970591484971 1520000.0
6.873773044690595 0.4756584759050563 0.1842970591484971 1520000.0
6.873773044690595 0.4756584759050563 0.1842970591484971 1520000.0
6.873773044690595 0.4756584759050563 0.1842970591484971 1520000.0
6.873773044690595 0.4756584759050563 0.1842970591484971 1520000.0
6.873773044690595 0.4756584759050563 0.1842970591484971 1520000.0
6.873773044690595 0.4756584759050563 0.1842970591484971 1520000.0
6.873773044690595 0.4756584759050563 0.1842970591484971 1520000.0
6.873773044690595 0.4756584759050563 0.1842970591484971 1520000.0
6.873773044690595 0.4756584759050563 0.1842970591484971 1520000.0
6.873773044690595 0.4756584759050563 0.1842970591484971 1520000.0
6.873773044690595 0.4756584759050563 0.1842970591484971 1520000.0
6.873773044690595 0.4756584759050563 0.1842970591484971 1520000.0
6.873773044690595 0.4756584759050563 0.1842970591484971 1520000.0
6.873773044690595 0.4756584759050563 0.1842970591484971 1520000.0
6.873773044690595 0.4756584759050563 0.1842970591484971 1520000.0
6.873773044690595 0.4756584759050563 0.1842970591484971 1520000.0
6.873773044690595 0.4756584759050563 0.1842970591484971 1520000.0
6.873773044690595 0.4756584759050563 0.1842970591484971 1520000.0
6.873773044690595 0.4756584759050563 0.1842970591484971 1520000.0
6.873773044690595 0.4756584759050563 0.1842970591484971 1520000.0
6.873773044690595 0.4756584759050563 0.1842970591484971 1520000.0
6.873773044690595 0.4756584759050563 0.1842970591484971 1520000.0
6.873773044690595 0.4756584759050563 0.1842970591484971 1520000.0
6.873773044690595 0.4756584759050563 0.1842970591484971 1520000.0
6.873773044690595 0.4756584759050563 0.1842970591484971 1520000.0
6.873773044690595 0.4756584759050563 0.1842970591484971 1520000.0
6.953204779341115 0.4810342164957457 0.19215205396142138 0.0 0,0,1 coil/filament1/filament2
6.963706129313535 0.4007121608365004 0.09073918184729604 1520000.0
6.883894064487712 0.3952319368602518 0.09070105824840143 1520000.0
6.883894064487712 0.3952319368602518 0.09070105824840143 1520000.0
6.883894064487712 0.3952319368602518 0.09070105824840143 1520000.0
6.883894064487712 0.3952319368602518 0.09070105824840143 1520000.0
6.883894064487712 0.3952319368602518 0.09070105824840143 1520000.0
6.883894064487712 0.3952319368602518 0.09070105824840143 1520000.0
6.883894064487712 0.3952319368602518 0.09070105824840143 1520000.0
6.883894064487712 0.3952319368602518 0.09070105824840143 1520000.0
6.883894064487712 0.3952319368602518 0.09070105824840143 1520000.0
6.883894064487712 0.3952319368602518 0.09070105824840143 1520000.0
6.883894064487712 0.3952319368602518 0.09070105824840143 1520000.0
6.883894064487712 0.3952319368602518 0.09070105824840143 1520000.0
6.883894064487712 0.3952319368602518 0.09070105824840143 1520000.0
6.883894064487712 0.3952319368602518 0.09070105824840143 1520000.0
6.883894064487712 0.3952319368602518 0.09070105824840143 1520000.0
6.883894064487712 0.3952319368602518 0.09070105824840143 1520000.0
6.883894064487712 0.3952319368602518 0.09070105824840143 1520000.0
6.883894064487712 0.3952319368602518 0.09070105824840143 1520000.0
6.883894064487712 0.3952319368602518 0.09070105824840143 1520000.0
6.883894064487712 0.3952319368602518 0.09070105824840143 1520000.0
6.883894064487712 0.3952319368602518 0.09070105824840143 1520000.0
6.883894064487712 0.3952319368602518 0.09070105824840143 1520000.0
6.883894064487712 0.3952319368602518 0.09070105824840143 1520000.0
6.883894064487712 0.3952319368602518 0.09070105824840143 1520000.0
6.883894064487712 0.3952319368602518 0.09070105824840143 1520000.0
6.883894064487712 0.3952319368602518 0.09070105824840143 1520000.0
6.883894064487712 0.3952319368602518 0.09070105824840143 1520000.0
6.883894064487712 0.3952319368602518 0.09070105824840143 1520000.0
6.883894064487712 0.3952319368602518 0.09070105824840143 1520000.0
6.883894064487712 0.3952319368602518 0.09070105824840143 1520000.0
6.883894064487712 0.3952319368602518 0.09070105824840143 1520000.0
6.883894064487712 0.3952319368602518 0.09070105824840143 1520000.0
6.883894064487712 0.3952319368602518 0.09070105824840143 1520000.0
6.883894064487712 0.3952319368602518 0.09070105824840143 1520000.0
6.883894064487712 0.3952319368602518 0.09070105824840143 1520000.0
6.883894064487712 0.3952319368602518 0.09070105824840143 1520000.0
6.883894064487712 0.3952319368602518 0.09070105824840143 1520000.0
6.883894064487712 0.3952319368602518 0.09070105824840143 1520000.0
6.883894064487712 0.3952319368602518 0.09070105824840143 1520000.0
6.883894064487712 0.3952319368602518 0.09070105824840143 1520000.0
6.883894064487712 0.3952319368602518 0.09070105824840143 1520000.0
6.883894064487712 0.3952319368602518 0.09070105824840143 1520000.0
6.883894064487712 0.3952319368602518 0.09070105824840143 1520000.0
6.883894064487712 0.3952319368602518 0.09070105824840143 1520000.0
6.883894064487712 0.3952319368602518 0.09070105824840143 1520000.0
6.883894064487712 0.3952319368602518 0.09070105824840143 1520000.0
6.883894064487712 0.3952319368602518 0.09070105824840143 1520000.0
6.883894064487712 0.3952319368602518 0.09070105824840143 1520000.0
6.883894064487712 0.3952319368602518 0.09070105824840143 1520000.0
6.883894064487712 0.3952319368602518 0.09070105824840143 1520000.0
6.883894064487712 0.3952319368602518 0.09070105824840143 1520000.0
6.883894064487712 0.3952319368602518 0.09070105824840143 1520000.0
6.883894064487712 0.3952319368602518 0.09070105824840143 1520000.0
6.883894064487712 0.3952319368602518 0.09070105824840143 1520000.0
6.883894064487712 0.3952319368602518 0.09070105824840143 1520000.0
6.883894064487712 0.3952319368602518 0.09070105824840143 1520000.0
6.883894064487712 0.3952319368602518 0.09070105824840143 1520000.0
6.883894064487712 0.3952319368602518 0.09070105824840143 1520000.0
6.883894064487712 0.3952319368602518 0.09070105824840143 1520000.0
6.883894064487712 0.3952319368602518 0.09070105824840143 1520000.0
6.883894064487712 0.3952319368602518 0.09070105824840143 1520000.0
6.883894064487712 0.3952319368602518 0.09070105824840143 1520000.0
6.883894064487712 0.3952319368602518 0.09070105824840143 1520000.0
6.963706129313535 0.4007121608365004 0.09073918184729604 0.0 0,1,0 coil/filament1/filament2
6.958533649263152 0.4012153144702717 0.1928909888718206 1520000.0
6.879101914612632 0.3958395738795823 0.1850359940588963 1520000.0
6.879101914612632 0.3958395738795823 0.1850359940588963 1520000.0
6.879101914612632 0.3958395738795823 0.1850359940588963 1520000.0
6.879101914612632 0.3958395738795823 0.1850359940588963 1520000.0
6.879101914612632 0.3958395738795823 0.1850359940588963 1520000.0
6.879101914612632 0.3958395738795823 0.1850359940588963 1520000.0
6.879101914612632 0.3958395738795823 0.1850359940588963 1520000.0
6.879101914612632 0.3958395738795823 0.1850359940588963 1520000.0
6.879101914612632 0.3958395738795823 0.1850359940588963 1520000.0
6.879101914612632 0.3958395738795823 0.1850359940588963 1520000.0
6.879101914612632 0.3958395738795823 0.1850359940588963 1520000.0
6.879101914612632 0.3958395738795823 0.1850359940588963 1520000.0
6.879101914612632 0.3958395738795823 0.1850359940588963 1520000.0
6.879101914612632 0.3958395738795823 0.1850359940588963 1520000.0
6.879101914612632 0.3958395738795823 0.1850359940588963 1520000.0
6.879101914612632 0.3958395738795823 0.1850359940588963 1520000.0
6.879101914612632 0.3958395738795823 0.1850359940588963 1520000.0
6.879101914612632 0.3958395738795823 0.1850359940588963 1520000.0
6.879101914612632 0.3958395738795823 0.1850359940588963 1520000.0
6.879101914612632 0.3958395738795823 0.1850359940588963 1520000.0
6.879101914612632 0.3958395738795823 0.1850359940588963 1520000.0
6.879101914612632 0.3958395738795823 0.1850359940588963 1520000.0
6.879101914612632 0.3958395738795823 0.1850359940588963 1520000.0
6.879101914612632 0.3958395738795823 0.1850359940588963 1520000.0
6.879101914612632 0.3958395738795823 0.1850359940588963 1520000.0
6.879101914612632 0.3958395738795823 0.1850359940588963 1520000.0
6.879101914612632 0.3958395738795823 0.1850359940588963 1520000.0
6.879101914612632 0.3958395738795823 0.1850359940588963 1520000.0
6.879101914612632 0.3958395738795823 0.1850359940588963 1520000.0
6.879101914612632 0.3958395738795823 0.1850359940588963 1520000.0
6.879101914612632 0.3958395738795823 0.1850359940588963 1520000.0
6.879101914612632 0.3958395738795823 0.1850359940588963 1520000.0
6.879101914612632 0.3958395738795823 0.1850359940588963 1520000.0
6.879101914612632 0.3958395738795823 0.1850359940588963 1520000.0
6.879101914612632 0.3958395738795823 0.1850359940588963 1520000.0
6.879101914612632 0.3958395738795823 0.1850359940588963 1520000.0
6.879101914612632 0.3958395738795823 0.1850359940588963 1520000.0
6.879101914612632 0.3958395738795823 0.1850359940588963 1520000.0
6.879101914612632 0.3958395738795823 0.1850359940588963 1520000.0
6.879101914612632 0.3958395738795823 0.1850359940588963 1520000.0
6.879101914612632 0.3958395738795823 0.1850359940588963 1520000.0
6.879101914612632 0.3958395738795823 0.1850359940588963 1520000.0
6.879101914612632 0.3958395738795823 0.1850359940588963 1520000.0
6.879101914612632 0.3958395738795823 0.1850359940588963 1520000.0
6.879101914612632 0.3958395738795823 0.1850359940588963 1520000.0
6.879101914612632 0.3958395738795823 0.1850359940588963 1520000.0
6.879101914612632 0.3958395738795823 0.1850359940588963 1520000.0
6.879101914612632 0.3958395738795823 0.1850359940588963 1520000.0
6.879101914612632 0.3958395738795823 0.1850359940588963 1520000.0
6.879101914612632 0.3958395738795823 0.1850359940588963 1520000.0
6.879101914612632 0.3958395738795823 0.1850359940588963 1520000.0
6.879101914612632 0.3958395738795823 0.1850359940588963 1520000.0
6.879101914612632 0.3958395738795823 0.1850359940588963 1520000.0
6.879101914612632 0.3958395738795823 0.1850359940588963 1520000.0
6.879101914612632 0.3958395738795823 0.1850359940588963 1520000.0
6.879101914612632 0.3958395738795823 0.1850359940588963 1520000.0
6.879101914612632 0.3958395738795823 0.1850359940588963 1520000.0
6.879101914612632 0.3958395738795823 0.1850359940588963 1520000.0
6.879101914612632 0.3958395738795823 0.1850359940588963 1520000.0
6.879101914612632 0.3958395738795823 0.1850359940588963 1520000.0
6.879101914612632 0.3958395738795823 0.1850359940588963 1520000.0
6.879101914612632 0.3958395738795823 0.1850359940588963 1520000.0
6.879101914612632 0.3958395738795823 0.1850359940588963 1520000.0
6.958533649263152 0.4012153144702717 0.1928909888718206 0.0 0,1,1 coil/filament1/filament2
6.645857121959641 1.3181481344129584 0.2200407462711266 1520000.0
6.56745760118582 1.3022271661994247 0.21984603217578297 1520000.0
6.56745760118582 1.3022271661994247 0.21984603217578297 1520000.0
6.56745760118582 1.3022271661994247 0.21984603217578297 1520000.0
6.56745760118582 1.3022271661994247 0.21984603217578297 1520000.0
6.56745760118582 1.3022271661994247 0.21984603217578297 1520000.0
6.56745760118582 1.3022271661994247 0.21984603217578297 1520000.0
6.56745760118582 1.3022271661994247 0.21984603217578297 1520000.0
6.56745760118582 1.3022271661994247 0.21984603217578297 1520000.0
6.56745760118582 1.3022271661994247 0.21984603217578297 1520000.0
6.56745760118582 1.3022271661994247 0.21984603217578297 1520000.0
6.56745760118582 1.3022271661994247 0.21984603217578297 1520000.0
6.56745760118582 1.3022271661994247 0.21984603217578297 1520000.0
6.56745760118582 1.3022271661994247 0.21984603217578297 1520000.0
6.56745760118582 1.3022271661994247 0.21984603217578297 1520000.0
6.56745760118582 1.3022271661994247 0.21984603217578297 1520000.0
6.56745760118582 1.3022271661994247 0.21984603217578297 1520000.0
6.56745760118582 1.3022271661994247 0.21984603217578297 1520000.0
6.56745760118582 1.3022271661994247 0.21984603217578297 1520000.0
6.56745760118582 1.3022271661994247 0.21984603217578297 1520000.0
6.56745760118582 1.3022271661994247 0.21984603217578297 1520000.0
6.56745760118582 1.3022271661994247 0.21984603217578297 1520000.0
6.56745760118582 1.3022271661994247 0.21984603217578297 1520000.0
6.56745760118582 1.3022271661994247 0.21984603217578297 1520000.0
6.56745760118582 1.3022271661994247 0.21984603217578297 1520000.0
6.56745760118582 1.3022271661994247 0.21984603217578297 1520000.0
6.56745760118582 1.3022271661994247 0.21984603217578297 1520000.0
6.56745760118582 1.3022271661994247 0.21984603217578297 1520000.0
6.56745760118582 1.3022271661994247 0.21984603217578297 1520000.0
6.56745760118582 1.3022271661994247 0.21984603217578297 1520000.0
6.56745760118582 1.3022271661994247 0.21984603217578297 1520000.0
6.56745760118582 1.3022271661994247 0.21984603217578297 1520000.0
6.56745760118582 1.3022271661994247 0.21984603217578297 1520000.0
6.56745760118582 1.3022271661994247 0.21984603217578297 1520000.0
6.56745760118582 1.3022271661994247 0.21984603217578297 1520000.0
6.56745760118582 1.3022271661994247 0.21984603217578297 1520000.0
6.56745760118582 1.3022271661994247 0.21984603217578297 1520000.0
6.56745760118582 1.3022271661994247 0.21984603217578297 1520000.0
6.56745760118582 1.3022271661994247 0.21984603217578297 1520000.0
6.56745760118582 1.3022271661994247 0.21984603217578297 1520000.0
6.56745760118582 1.3022271661994247 0.21984603217578297 1520000.0
6.56745760118582 1.3022271661994247 0.21984603217578297 1520000.0
6.56745760118582 1.3022271661994247 0.21984603217578297 1520000.0
6.56745760118582 1.3022271661994247 0.21984603217578297 1520000.0
6.56745760118582 1.3022271661994247 0.21984603217578297 1520000.0
6.56745760118582 1.3022271661994247 0.21984603217578297 1520000.0
6.56745760118582 1.3022271661994247 0.21984603217578297 1520000.0
6.56745760118582 1.3022271661994247 0.21984603217578297 1520000.0
6.56745760118582 1.3022271661994247 0.21984603217578297 1520000.0
6.56745760118582 1.3022271661994247 0.21984603217578297 1520000.0
6.56745760118582 1.3022271661994247 0.21984603217578297 1520000.0
6.56745760118582 1.3022271661994247 0.21984603217578297 1520000.0
6.56745760118582 1.3022271661994247 0.21984603217578297 1520000.0
6.56745760118582 1.3022271661994247 0.21984603217578297 1520000.0
6.56745760118582 1.3022271661994247 0.21984603217578297 1520000.0
6.56745760118582 1.3022271661994247 0.21984603217578297 1520000.0
6.56745760118582 1.3022271661994247 0.21984603217578297 1520000.0
6.56745760118582 1.3022271661994247 0.21984603217578297 1520000.0
6.56745760118582 1.3022271661994247 0.21984603217578297 1520000.0
6.56745760118582 1.3022271661994247 0.21984603217578297 1520000.0
6.56745760118582 1.3022271661994247 0.21984603217578297 1520000.0
6.56745760118582 1.3022271661994247 0.21984603217578297 1520000.0
6.56745760118582 1.3022271661994247 0.21984603217578297 1520000.0
6.56745760118582 1.3022271661994247 0.21984603217578297 1520000.0
6.645857121959641 1.3181481344129584 0.2200407462711266 0.0 1,0,0 coil/filament1/filament2
6.640457990226111 1.3182611072415842 0.32201274341760894 1520000.0
6.562483234348937 1.3022585194408098 0.3140218342344453 1520000.0
6.562483234348937 1.3022585194408098 0.3140218342344453 1520000.0
6.562483234348937 1.3022585194408098 0.3140218342344453 1520000.0
6.562483234348937 1.3022585194408098 0.3140218342344453 1520000.0
6.562483234348937 1.3022585194408098 0.3140218342344453 1520000.0
6.562483234348937 1.3022585194408098 0.3140218342344453 1520000.0
6.562483234348937 1.3022585194408098 0.3140218342344453 1520000.0
6.562483234348937 1.3022585194408098 0.3140218342344453 1520000.0
6.562483234348937 1.3022585194408098 0.3140218342344453 1520000.0
6.562483234348937 1.3022585194408098 0.3140218342344453 1520000.0
6.562483234348937 1.3022585194408098 0.3140218342344453 1520000.0
6.562483234348937 1.3022585194408098 0.3140218342344453 1520000.0
6.562483234348937 1.3022585194408098 0.3140218342344453 1520000.0
6.562483234348937 1.3022585194408098 0.3140218342344453 1520000.0
6.562483234348937 1.3022585194408098 0.3140218342344453 1520000.0
6.562483234348937 1.3022585194408098 0.3140218342344453 1520000.0
6.562483234348937 1.3022585194408098 0.3140218342344453 1520000.0
6.562483234348937 1.3022585194408098 0.3140218342344453 1520000.0
6.562483234348937 1.3022585194408098 0.3140218342344453 1520000.0
6.562483234348937 1.3022585194408098 0.3140218342344453 1520000.0
6.562483234348937 1.3022585194408098 0.3140218342344453 1520000.0
6.562483234348937 1.3022585194408098 0.3140218342344453 1520000.0
6.562483234348937 1.3022585194408098 0.3140218342344453 1520000.0
6.562483234348937 1.3022585194408098 0.3140218342344453 1520000.0
6.562483234348937 1.3022585194408098 0.3140218342344453 1520000.0
6.562483234348937 1.3022585194408098 0.3140218342344453 1520000.0
6.562483234348937 1.3022585194408098 0.3140218342344453 1520000.0
6.562483234348937 1.3022585194408098 0.3140218342344453 1520000.0
6.562483234348937 1.3022585194408098 0.3140218342344453 1520000.0
6.562483234348937 1.3022585194408098 0.3140218342344453 1520000.0
6.562483234348937 1.3022585194408098 0.3140218342344453 1520000.0
6.562483234348937 1.3022585194408098 0.3140218342344453 1520000.0
6.562483234348937 1.3022585194408098 0.3140218342344453 1520000.0
6.562483234348937 1.3022585194408098 0.3140218342344453 1520000.0
6.562483234348937 1.3022585194408098 0.3140218342344453 1520000.0
6.562483234348937 1.3022585194408098 0.3140218342344453 1520000.0
6.562483234348937 1.3022585194408098 0.3140218342344453 1520000.0
6.562483234348937 1.3022585194408098 0.3140218342344453 1520000.0
6.562483234348937 1.3022585194408098 0.3140218342344453 1520000.0
6.562483234348937 1.3022585194408098 0.3140218342344453 1520000.0
6.562483234348937 1.3022585194408098 0.3140218342344453 1520000.0
6.562483234348937 1.3022585194408098 0.3140218342344453 1520000.0
6.562483234348937 1.3022585194408098 0.3140218342344453 1520000.0
6.562483234348937 1.3022585194408098 0.3140218342344453 1520000.0
6.562483234348937 1.3022585194408098 0.3140218342344453 1520000.0
6.562483234348937 1.3022585194408098 0.3140218342344453 1520000.0
6.562483234348937 1.3022585194408098 0.3140218342344453 1520000.0
6.562483234348937 1.3022585194408098 0.3140218342344453 1520000.0
6.562483234348937 1.3022585194408098 0.3140218342344453 1520000.0
6.562483234348937 1.3022585194408098 0.3140218342344453 1520000.0
6.562483234348937 1.3022585194408098 0.3140218342344453 1520000.0
6.562483234348937 1.3022585194408098 0.3140218342344453 1520000.0
6.562483234348937 1.3022585194408098 0.3140218342344453 1520000.0
6.562483234348937 1.3022585194408098 0.3140218342344453 1520000.0
6.562483234348937 1.3022585194408098 0.3140218342344453 1520000.0
6.562483234348937 1.3022585194408098 0.3140218342344453 1520000.0
6.562483234348937 1.3022585194408098 0.3140218342344453 1520000.0
6.562483234348937 1.3022585194408098 0.3140218342344453 1520000.0
6.562483234348937 1.3022585194408098 0.3140218342344453 1520000.0
6.562483234348937 1.3022585194408098 0.3140218342344453 1520000.0
6.562483234348937 1.3022585194408098 0.3140218342344453 1520000.0
6.562483234348937 1.3022585194408098 0.3140218342344453 1520000.0
6.562483234348937 1.3022585194408098 0.3140218342344453 1520000.0
6.640457990226111 1.3182611072415842 0.32201274341760894 0.0 1,0,1 coil/filament1/filament2
6.6617751203510895 1.2397525968993621 0.2209108182015696 1520000.0
6.583375599577269 1.2238316286858284 0.22071610410622597 1520000.0
6.583375599577269 1.2238316286858284 0.22071610410622597 1520000.0
6.583375599577269 1.2238316286858284 0.22071610410622597 1520000.0
6.583375599577269 1.2238316286858284 0.22071610410622597 1520000.0
6.583375599577269 1.2238316286858284 0.22071610410622597 1520000.0
6.583375599577269 1.2238316286858284 0.22071610410622597 1520000.0
6.583375599577269 1.2238316286858284 0.22071610410622597 1520000.0
6.583375599577269 1.2238316286858284 0.22071610410622597 1520000.0
6.583375599577269 1.2238316286858284 0.22071610410622597 1520000.0
6.583375599577269 1.2238316286858284 0.22071610410622597 1520000.0
6.583375599577269 1.2238316286858284 0.22071610410622597 1520000.0
6.583375599577269 1.2238316286858284 0.22071610410622597 1520000.0
6.583375599577269 1.2238316286858284 0.22071610410622597 1520000.0
6.583375599577269 1.2238316286858284 0.22071610410622597 1520000.0
6.583375599577269 1.2238316286858284 0.22071610410622597 1520000.0
6.583375599577269 1.2238316286858284 0.22071610410622597 1520000.0
6.583375599577269 1.2238316286858284 0.22071610410622597 1520000.0
6.583375599577269 1.2238316286858284 0.22071610410622597 1520000.0
6.583375599577269 1.2238316286858284 0.22071610410622597 1520000.0
6.583375599577269 1.2238316286858284 0.22071610410622597 1520000.0
6.583375599577269 1.2238316286858284 0.22071610410622597 1520000.0
6.583375599577269 1.2238316286858284 0.22071610410622597 1520000.0
6.583375599577269 1.2238316286858284 0.22071610410622597 1520000.0
6.583375599577269 1.2238316286858284 0.22071610410622597 1520000.0
6.583375599577269 1.2238316286858284 0.22071610410622597 1520000.0
6.583375599577269 1.2238316286858284 0.22071610410622597 1520000.0
6.583375599577269 1.2238316286858284 0.22071610410622597 1520000.0
6.583375599577269 1.2238316286858284 0.22071610410622597 1520000.0
6.583375599577269 1.2238316286858284 0.22071610410622597 1520000.0
6.583375599577269 1.2238316286858284 0.22071610410622597 1520000.0
6.583375599577269 1.2238316286858284 0.22071610410622597 1520000.0
6.583375599577269 1.2238316286858284 0.22071610410622597 1520000.0
6.583375599577269 1.2238316286858284 0.22071610410622597 1520000.0
6.583375599577269 1.2238316286858284 0.22071610410622597 1520000.0
6.583375599577269 1.2238316286858284 0.22071610410622597 1520000.0
6.583375599577269 1.2238316286858284 0.22071610410622597 1520000.0
6.583375599577269 1.2238316286858284 0.22071610410622597 1520000.0
6.583375599577269 1.2238316286858284 0.22071610410622597 1520000.0
6.583375599577269 1.2238316286858284 0.22071610410622597 1520000.0
6.583375599577269 1.2238316286858284 0.22071610410622597 1520000.0
6.583375599577269 1.2238316286858284 0.22071610410622597 1520000.0
6.583375599577269 1.2238316286858284 0.22071610410622597 1520000.0
6.583375599577269 1.2238316286858284 0.22071610410622597 1520000.0
6.583375599577269 1.2238316286858284 0.22071610410622597 1520000.0
6.583375599577269 1.2238316286858284 0.22071610410622597 1520000.0
6.583375599577269 1.2238316286858284 0.22071610410622597 1520000.0
6.583375599577269 1.2238316286858284 0.22071610410622597 1520000.0
6.583375599577269 1.2238316286858284 0.22071610410622597 1520000.0
6.583375599577269 1.2238316286858284 0.22071610410622597 1520000.0
6.583375599577269 1.2238316286858284 0.22071610410622597 1520000.0
6.583375599577269 1.2238316286858284 0.22071610410622597 1520000.0
6.583375599577269 1.2238316286858284 0.22071610410622597 1520000.0
6.583375599577269 1.2238316286858284 0.22071610410622597 1520000.0
6.583375599577269 1.2238316286858284 0.22071610410622597 1520000.0
6.583375599577269 1.2238316286858284 0.22071610410622597 1520000.0
6.583375599577269 1.2238316286858284 0.22071610410622597 1520000.0
6.583375599577269 1.2238316286858284 0.22071610410622597 1520000.0
6.583375599577269 1.2238316286858284 0.22071610410622597 1520000.0
6.583375599577269 1.2238316286858284 0.22071610410622597 1520000.0
6.583375599577269 1.2238316286858284 0.22071610410622597 1520000.0
6.583375599577269 1.2238316286858284 0.22071610410622597 1520000.0
6.583375599577269 1.2238316286858284 0.22071610410622597 1520000.0
6.583375599577269 1.2238316286858284 0.22071610410622597 1520000.0
6.6617751203510895 1.2397525968993621 0.2209108182015696 0.0 1,1,0 coil/filament1/filament2
6.656447383710445 1.2398809156897401 0.32295341780303777 1520000.0
6.57847262783327 1.2238783278889658 0.3149625086198741 1520000.0
6.57847262783327 1.2238783278889658 0.3149625086198741 1520000.0
6.57847262783327 1.2238783278889658 0.3149625086198741 1520000.0
6.57847262783327 1.2238783278889658 0.3149625086198741 1520000.0
6.57847262783327 1.2238783278889658 0.3149625086198741 1520000.0
6.57847262783327 1.2238783278889658 0.3149625086198741 1520000.0
6.57847262783327 1.2238783278889658 0.3149625086198741 1520000.0
6.57847262783327 1.2238783278889658 0.3149625086198741 1520000.0
6.57847262783327 1.2238783278889658 0.3149625086198741 1520000.0
6.57847262783327 1.2238783278889658 0.3149625086198741 1520000.0
6.57847262783327 1.2238783278889658 0.3149625086198741 1520000.0
6.57847262783327 1.2238783278889658 0.3149625086198741 1520000.0
6.57847262783327 1.2238783278889658 0.3149625086198741 1520000.0
6.57847262783327 1.2238783278889658 0.3149625086198741 1520000.0
6.57847262783327 1.2238783278889658 0.3149625086198741 1520000.0
6.57847262783327 1.2238783278889658 0.3149625086198741 1520000.0
6.57847262783327 1.2238783278889658 0.3149625086198741 1520000.0
6.57847262783327 1.2238783278889658 0.3149625086198741 1520000.0
6.57847262783327 1.2238783278889658 0.3149625086198741 1520000.0
6.57847262783327 1.2238783278889658 0.3149625086198741 1520000.0
6.57847262783327 1.2238783278889658 0.3149625086198741 1520000.0
6.57847262783327 1.2238783278889658 0.3149625086198741 1520000.0
6.57847262783327 1.2238783278889658 0.3149625086198741 1520000.0
6.57847262783327 1.2238783278889658 0.3149625086198741 1520000.0
6.57847262783327 1.2238783278889658 0.3149625086198741 1520000.0
6.57847262783327 1.2238783278889658 0.3149625086198741 1520000.0
6.57847262783327 1.2238783278889658 0.3149625086198741 1520000.0
6.57847262783327 1.2238783278889658 0.3149625086198741 1520000.0
6.57847262783327 1.2238783278889658 0.3149625086198741 1520000.0
6.57847262783327 1.2238783278889658 0.3149625086198741 1520000.0
6.57847262783327 1.2238783278889658 0.3149625086198741 1520000.0
6.57847262783327 1.2238783278889658 0.3149625086198741 1520000.0
6.57847262783327 1.2238783278889658 0.3149625086198741 1520000.0
6.57847262783327 1.2238783278889658 0.3149625086198741 1520000.0
6.57847262783327 1.2238783278889658 0.3149625086198741 1520000.0
6.57847262783327 1.2238783278889658 0.3149625086198741 1520000.0
6.57847262783327 1.2238783278889658 0.3149625086198741 1520000.0
6.57847262783327 1.2238783278889658 0.3149625086198741 1520000.0
6.57847262783327 1.2238783278889658 0.3149625086198741 1520000.0
6.57847262783327 1.2238783278889658 0.3149625086198741 1520000.0
6.57847262783327 1.2238783278889658 0.3149625086198741 1520000.0
6.57847262783327 1.2238783278889658 0.3149625086198741 1520000.0
6.57847262783327 1.2238783278889658 0.3149625086198741 1520000.0
6.57847262783327 1.2238783278889658 0.3149625086198741 1520000.0
6.57847262783327 1.2238783278889658 0.3149625086198741 1520000.0
6.57847262783327 1.2238783278889658 0.3149625086198741 1520000.0
6.57847262783327 1.2238783278889658 0.3149625086198741 1520000.0
6.57847262783327 1.2238783278889658 0.3149625086198741 1520000.0
6.57847262783327 1.2238783278889658 0.3149625086198741 1520000.0
6.57847262783327 1.2238783278889658 0.3149625086198741 1520000.0
6.57847262783327 1.2238783278889658 0.3149625086198741 1520000.0
6.57847262783327 1.2238783278889658 0.3149625086198741 1520000.0
6.57847262783327 1.2238783278889658 0.3149625086198741 1520000.0
6.57847262783327 1.2238783278889658 0.3149625086198741 1520000.0
6.57847262783327 1.2238783278889658 0.3149625086198741 1520000.0
6.57847262783327 1.2238783278889658 0.3149625086198741 1520000.0
6.57847262783327 1.2238783278889658 0.3149625086198741 1520000.0
6.57847262783327 1.2238783278889658 0.3149625086198741 1520000.0
6.57847262783327 1.2238783278889658 0.3149625086198741 1520000.0
6.57847262783327 1.2238783278889658 0.3149625086198741 1520000.0
6.57847262783327 1.2238783278889658 0.3149625086198741 1520000.0
6.57847262783327 1.2238783278889658 0.3149625086198741 1520000.0
6.57847262783327 1.2238783278889658 0.3149625086198741 1520000.0
6.656447383710445 1.2398809156897401 0.32295341780303777 0.0 1,1,1 coil/filament1/filament2
6.188937010747775 2.066417757007181 0.21965671269702952 1520000.0
6.113144455770366 2.040826466590858 0.21889877811962058 1520000.0
6.113144455770366 2.040826466590858 0.21889877811962058 1520000.0
6.113144455770366 2.040826466590858 0.21889877811962058 1520000.0
6.113144455770366 2.040826466590858 0.21889877811962058 1520000.0
6.113144455770366 2.040826466590858 0.21889877811962058 1520000.0
6.113144455770366 2.040826466590858 0.21889877811962058 1520000.0
6.113144455770366 2.040826466590858 0.21889877811962058 1520000.0
6.113144455770366 2.040826466590858 0.21889877811962058 1520000.0
6.113144455770366 2.040826466590858 0.21889877811962058 1520000.0
6.113144455770366 2.040826466590858 0.21889877811962058 1520000.0
6.113144455770366 2.040826466590858 0.21889877811962058 1520000.0
6.113144455770366 2.040826466590858 0.21889877811962058 1520000.0
6.113144455770366 2.040826466590858 0.21889877811962058 1520000.0
6.113144455770366 2.040826466590858 0.21889877811962058 1520000.0
6.113144455770366 2.040826466590858 0.21889877811962058 1520000.0
6.113144455770366 2.040826466590858 0.21889877811962058 1520000.0
6.113144455770366 2.040826466590858 0.21889877811962058 1520000.0
6.113144455770366 2.040826466590858 0.21889877811962058 1520000.0
6.113144455770366 2.040826466590858 0.21889877811962058 1520000.0
6.113144455770366 2.040826466590858 0.21889877811962058 1520000.0
6.113144455770366 2.040826466590858 0.21889877811962058 1520000.0
6.113144455770366 2.040826466590858 0.21889877811962058 1520000.0
6.113144455770366 2.040826466590858 0.21889877811962058 1520000.0
6.113144455770366 2.040826466590858 0.21889877811962058 1520000.0
6.113144455770366 2.040826466590858 0.21889877811962058 1520000.0
6.113144455770366 2.040826466590858 0.21889877811962058 1520000.0
6.113144455770366 2.040826466590858 0.21889877811962058 1520000.0
6.113144455770366 2.040826466590858 0.21889877811962058 1520000.0
6.113144455770366 2.040826466590858 0.21889877811962058 1520000.0
6.113144455770366 2.040826466590858 0.21889877811962058 1520000.0
6.113144455770366 2.040826466590858 0.21889877811962058 1520000.0
6.113144455770366 2.040826466590858 0.21889877811962058 1520000.0
6.113144455770366 2.040826466590858 0.21889877811962058 1520000.0
6.113144455770366 2.040826466590858 0.21889877811962058 1520000.0
6.113144455770366 2.040826466590858 0.21889877811962058 1520000.0
6.113144455770366 2.040826466590858 0.21889877811962058 1520000.0
6.113144455770366 2.040826466590858 0.21889877811962058 1520000.0
6.113144455770366 2.040826466590858 0.21889877811962058 1520000.0
6.113144455770366 2.040826466590858 0.21889877811962058 1520000.0
6.113144455770366 2.040826466590858 0.21889877811962058 1520000.0
6.113144455770366 2.040826466590858 0.21889877811962058 1520000.0
6.113144455770366 2.040826466590858 0.21889877811962058 1520000.0
6.113144455770366 2.040826466590858 0.21889877811962058 1520000.0
6.113144455770366 2.040826466590858 0.21889877811962058 1520000.0
6.113144455770366 2.040826466590858 0.21889877811962058 1520000.0
6.113144455770366 2.040826466590858 0.21889877811962058 1520000.0
6.113144455770366 2.040826466590858 0.21889877811962058 1520000.0
6.113144455770366 2.040826466590858 0.21889877811962058 1520000.0
6.113144455770366 2.040826466590858 0.21889877811962058 1520000.0
6.113144455770366 2.040826466590858 0.21889877811962058 1520000.0
6.113144455770366 2.040826466590858 0.21889877811962058 1520000.0
6.113144455770366 2.040826466590858 0.21889877811962058 1520000.0
6.113144455770366 2.040826466590858 0.21889877811962058 1520000.0
6.113144455770366 2.040826466590858 0.21889877811962058 1520000.0
6.113144455770366 2.040826466590858 0.21889877811962058 1520000.0
6.113144455770366 2.040826466590858 0.21889877811962058 1520000.0
6.113144455770366 2.040826466590858 0.21889877811962058 1520000.0
6.113144455770366 2.040826466590858 0.21889877811962058 1520000.0
6.113144455770366 2.040826466590858 0.21889877811962058 1520000.0
6.113144455770366 2.040826466590858 0.21889877811962058 1520000.0
6.113144455770366 2.040826466590858 0.21889877811962058 1520000.0
6.113144455770366 2.040826466590858 0.21889877811962058 1520000.0
6.113144455770366 2.040826466590858 0.21889877811962058 1520000.0
6.188937010747775 2.066417757007181 0.21965671269702952 0.0 2,0,0 coil/filament1/filament2
6.182750277000154 2.0667494786184726 0.32135486310035677 1520000.0
6.107394638573918 2.0412230095823425 0.3129926184302919 1520000.0
6.107394638573918 2.0412230095823425 0.3129926184302919 1520000.0
6.107394638573918 2.0412230095823425 0.3129926184302919 1520000.0
6.107394638573918 2.0412230095823425 0.3129926184302919 1520000.0
6.107394638573918 2.0412230095823425 0.3129926184302919 1520000.0
6.107394638573918 2.0412230095823425 0.3129926184302919 1520000.0
6.107394638573918 2.0412230095823425 0.3129926184302919 1520000.0
6.107394638573918 2.0412230095823425 0.3129926184302919 1520000.0
6.107394638573918 2.0412230095823425 0.3129926184302919 1520000.0
6.107394638573918 2.0412230095823425 0.3129926184302919 1520000.0
6.107394638573918 2.0412230095823425 0.3129926184302919 1520000.0
6.107394638573918 2.0412230095823425 0.3129926184302919 1520000.0
6.107394638573918 2.0412230095823425 0.3129926184302919 1520000.0
6.107394638573918 2.0412230095823425 0.3129926184302919 1520000.0
6.107394638573918 2.0412230095823425 0.3129926184302919 1520000.0
6.107394638573918 2.0412230095823425 0.3129926184302919 1520000.0
6.107394638573918 2.0412230095823425 0.3129926184302919 1520000.0
6.107394638573918 2.0412230095823425 0.3129926184302919 1520000.0
6.107394638573918 2.0412230095823425 0.3129926184302919 1520000.0
6.107394638573918 2.0412230095823425 0.3129926184302919 1520000.0
6.107394638573918 2.0412230095823425 0.3129926184302919 1520000.0
6.107394638573918 2.0412230095823425 0.3129926184302919 1520000.0
6.107394638573918 2.0412230095823425 0.3129926184302919 1520000.0
6.107394638573918 2.0412230095823425 0.3129926184302919 1520000.0
6.107394638573918 2.0412230095823425 0.3129926184302919 1520000.0
6.107394638573918 2.0412230095823425 0.3129926184302919 1520000.0
6.107394638573918 2.0412230095823425 0.3129926184302919 1520000.0
6.107394638573918 2.0412230095823425 0.3129926184302919 1520000.0
6.107394638573918 2.0412230095823425 0.3129926184302919 1520000.0
6.107394638573918 2.0412230095823425 0.3129926184302919 1520000.0
6.107394638573918 2.0412230095823425 0.3129926184302919 1520000.0
6.107394638573918 2.0412230095823425 0.3129926184302919 1520000.0
6.107394638573918 2.0412230095823425 0.3129926184302919 1520000.0
6.107394638573918 2.0412230095823425 0.3129926184302919 1520000.0
6.107394638573918 2.0412230095823425 0.3129926184302919 1520000.0
6.107394638573918 2.0412230095823425 0.3129926184302919 1520000.0
6.107394638573918 2.0412230095823425 0.3129926184302919 1520000.0
6.107394638573918 2.0412230095823425 0.3129926184302919 1520000.0
6.107394638573918 2.0412230095823425 0.3129926184302919 1520000.0
6.107394638573918 2.0412230095823425 0.3129926184302919 1520000.0
6.107394638573918 2.0412230095823425 0.3129926184302919 1520000.0
6.107394638573918 2.0412230095823425 0.3129926184302919 1520000.0
6.107394638573918 2.0412230095823425 0.3129926184302919 1520000.0
6.107394638573918 2.0412230095823425 0.3129926184302919 1520000.0
6.107394638573918 2.0412230095823425 0.3129926184302919 1520000.0
6.107394638573918 2.0412230095823425 0.3129926184302919 1520000.0
6.107394638573918 2.0412230095823425 0.3129926184302919 1520000.0
6.107394638573918 2.0412230095823425 0.3129926184302919 1520000.0
6.107394638573918 2.0412230095823425 0.3129926184302919 1520000.0
6.107394638573918 2.0412230095823425 0.3129926184302919 1520000.0
6.107394638573918 2.0412230095823425 0.3129926184302919 1520000.0
6.107394638573918 2.0412230095823425 0.3129926184302919 1520000.0
6.107394638573918 2.0412230095823425 0.3129926184302919 1520000.0
6.107394638573918 2.0412230095823425 0.3129926184302919 1520000.0
6.107394638573918 2.0412230095823425 0.3129926184302919 1520000.0
6.107394638573918 2.0412230095823425 0.3129926184302919 1520000.0
6.107394638573918 2.0412230095823425 0.3129926184302919 1520000.0
6.107394638573918 2.0412230095823425 0.3129926184302919 1520000.0
6.107394638573918 2.0412230095823425 0.3129926184302919 1520000.0
6.107394638573918 2.0412230095823425 0.3129926184302919 1520000.0
6.107394638573918 2.0412230095823425 0.3129926184302919 1520000.0
6.107394638573918 2.0412230095823425 0.3129926184302919 1520000.0
6.107394638573918 2.0412230095823425 0.3129926184302919 1520000.0
6.182750277000154 2.0667494786184726 0.32135486310035677 0.0 2,0,1 coil/filament1/filament2
6.214504479912467 1.9906382455189104 0.22159840245382376 1520000.0
6.138711924935057 1.9650469551025875 0.22084046787641481 1520000.0
6.138711924935057 1.9650469551025875 0.22084046787641481 1520000.0
6.138711924935057 1.9650469551025875 0.22084046787641481 1520000.0
6.138711924935057 1.9650469551025875 0.22084046787641481 1520000.0
6.138711924935057 1.9650469551025875 0.22084046787641481 1520000.0
6.138711924935057 1.9650469551025875 0.22084046787641481 1520000.0
6.138711924935057 1.9650469551025875 0.22084046787641481 1520000.0
6.138711924935057 1.9650469551025875 0.22084046787641481 1520000.0
6.138711924935057 1.9650469551025875 0.22084046787641481 1520000.0
6.138711924935057 1.9650469551025875 0.22084046787641481 1520000.0
6.138711924935057 1.9650469551025875 0.22084046787641481 1520000.0
6.138711924935057 1.9650469551025875 0.22084046787641481 1520000.0
6.138711924935057 1.9650469551025875 0.22084046787641481 1520000.0
6.138711924935057 1.9650469551025875 0.22084046787641481 1520000.0
6.138711924935057 1.9650469551025875 0.22084046787641481 1520000.0
6.138711924935057 1.9650469551025875 0.22084046787641481 1520000.0
6.138711924935057 1.9650469551025875 0.22084046787641481 1520000.0
6.138711924935057 1.9650469551025875 0.22084046787641481 1520000.0
6.138711924935057 1.9650469551025875 0.22084046787641481 1520000.0
6.138711924935057 1.9650469551025875 0.22084046787641481 1520000.0
6.138711924935057 1.9650469551025875 0.22084046787641481 1520000.0
6.138711924935057 1.9650469551025875 0.22084046787641481 1520000.0
6.138711924935057 1.9650469551025875 0.22084046787641481 1520000.0
6.138711924935057 1.9650469551025875 0.22084046787641481 1520000.0
6.138711924935057 1.9650469551025875 0.22084046787641481 1520000.0
6.138711924935057 1.9650469551025875 0.22084046787641481 1520000.0
6.138711924935057 1.9650469551025875 0.22084046787641481 1520000.0
6.138711924935057 1.9650469551025875 0.22084046787641481 1520000.0
6.138711924935057 1.9650469551025875 0.22084046787641481 1520000.0
6.138711924935057 1.9650469551025875 0.22084046787641481 1520000.0
6.138711924935057 1.9650469551025875 0.22084046787641481 1520000.0
6.138711924935057 1.9650469551025875 0.22084046787641481 1520000.0
6.138711924935057 1.9650469551025875 0.22084046787641481 1520000.0
6.138711924935057 1.9650469551025875 0.22084046787641481 1520000.0
6.138711924935057 1.9650469551025875 0.22084046787641481 1520000.0
6.138711924935057 1.9650469551025875 0.22084046787641481 1520000.0
6.138711924935057 1.9650469551025875 0.22084046787641481 1520000.0
6.138711924935057 1.9650469551025875 0.22084046787641481 1520000.0
6.138711924935057 1.9650469551025875 0.22084046787641481 1520000.0
6.138711924935057 1.9650469551025875 0.22084046787641481 1520000.0
6.138711924935057 1.9650469551025875 0.22084046787641481 1520000.0
6.138711924935057 1.9650469551025875 0.22084046787641481 1520000.0
6.138711924935057 1.9650469551025875 0.22084046787641481 1520000.0
6.138711924935057 1.9650469551025875 0.22084046787641481 1520000.0
6.138711924935057 1.9650469551025875 0.22084046787641481 1520000.0
6.138711924935057 1.9650469551025875 0.22084046787641481 1520000.0
6.138711924935057 1.9650469551025875 0.22084046787641481 1520000.0
6.138711924935057 1.9650469551025875 0.22084046787641481 1520000.0
6.138711924935057 1.9650469551025875 0.22084046787641481 1520000.0
6.138711924935057 1.9650469551025875 0.22084046787641481 1520000.0
6.138711924935057 1.9650469551025875 0.22084046787641481 1520000.0
6.138711924935057 1.9650469551025875 0.22084046787641481 1520000.0
6.138711924935057 1.9650469551025875 0.22084046787641481 1520000.0
6.138711924935057 1.9650469551025875 0.22084046787641481 1520000.0
6.138711924935057 1.9650469551025875 0.22084046787641481 1520000.0
6.138711924935057 1.9650469551025875 0.22084046787641481 1520000.0
6.138711924935057 1.9650469551025875 0.22084046787641481 1520000.0
6.138711924935057 1.9650469551025875 0.22084046787641481 1520000.0
6.138711924935057 1.9650469551025875 0.22084046787641481 1520000.0
6.138711924935057 1.9650469551025875 0.22084046787641481 1520000.0
6.138711924935057 1.9650469551025875 0.22084046787641481 1520000.0
6.138711924935057 1.9650469551025875 0.22084046787641481 1520000.0
6.138711924935057 1.9650469551025875 0.22084046787641481 1520000.0
6.214504479912467 1.9906382455189104 0.22159840245382376 0.0 2,1,0 coil/filament1/filament2
6.208237516930053 1.9909381523210194 0.323099399077868 1520000.0
6.1328818785038175 1.9654116832848896 0.31473715440780314 1520000.0
6.1328818785038175 1.9654116832848896 0.31473715440780314 1520000.0
6.1328818785038175 1.9654116832848896 0.31473715440780314 1520000.0
6.1328818785038175 1.9654116832848896 0.31473715440780314 1520000.0
6.1328818785038175 1.9654116832848896 0.31473715440780314 1520000.0
6.1328818785038175 1.9654116832848896 0.31473715440780314 1520000.0
6.1328818785038175 1.9654116832848896 0.31473715440780314 1520000.0
6.1328818785038175 1.9654116832848896 0.31473715440780314 1520000.0
6.1328818785038175 1.9654116832848896 0.31473715440780314 1520000.0
6.1328818785038175 1.9654116832848896 0.31473715440780314 1520000.0
6.1328818785038175 1.9654116832848896 0.31473715440780314 1520000.0
6.1328818785038175 1.9654116832848896 0.31473715440780314 1520000.0
6.1328818785038175 1.9654116832848896 0.31473715440780314 1520000.0
6.1328818785038175 1.9654116832848896 0.31473715440780314 1520000.0
6.1328818785038175 1.9654116832848896 0.31473715440780314 1520000.0
6.1328818785038175 1.9654116832848896 0.31473715440780314 1520000.0
6.1328818785038175 1.9654116832848896 0.31473715440780314 1520000.0
6.1328818785038175 1.9654116832848896 0.31473715440780314 1520000.0
6.1328818785038175 1.9654116832848896 0.31473715440780314 1520000.0
6.1328818785038175 1.9654116832848896 0.31473715440780314 1520000.0
6.1328818785038175 1.9654116832848896 0.31473715440780314 1520000.0
6.1328818785038175 1.9654116832848896 0.31473715440780314 1520000.0
6.1328818785038175 1.9654116832848896 0.31473715440780314 1520000.0
6.1328818785038175 1.9654116832848896 0.31473715440780314 1520000.0
6.1328818785038175 1.9654116832848896 0.31473715440780314 1520000.0
6.1328818785038175 1.9654116832848896 0.31473715440780314 1520000.0
6.1328818785038175 1.9654116832848896 0.31473715440780314 1520000.0
6.1328818785038175 1.9654116832848896 0.31473715440780314 1520000.0
6.1328818785038175 1.9654116832848896 0.31473715440780314 1520000.0
6.1328818785038175 1.9654116832848896 0.31473715440780314 1520000.0
6.1328818785038175 1.9654116832848896 0.31473715440780314 1520000.0
6.1328818785038175 1.9654116832848896 0.31473715440780314 1520000.0
6.1328818785038175 1.9654116832848896 0.31473715440780314 1520000.0
6.1328818785038175 1.9654116832848896 0.31473715440780314 1520000.0
6.1328818785038175 1.9654116832848896 0.31473715440780314 1520000.0
6.1328818785038175 1.9654116832848896 0.31473715440780314 1520000.0
6.1328818785038175 1.9654116832848896 0.31473715440780314 1520000.0
6.1328818785038175 1.9654116832848896 0.31473715440780314 1520000.0
6.1328818785038175 1.9654116832848896 0.31473715440780314 1520000.0
6.1328818785038175 1.9654116832848896 0.31473715440780314 1520000.0
6.1328818785038175 1.9654116832848896 0.31473715440780314 1520000.0
6.1328818785038175 1.9654116832848896 0.31473715440780314 1520000.0
6.1328818785038175 1.9654116832848896 0.31473715440780314 1520000.0
6.1328818785038175 1.9654116832848896 0.31473715440780314 1520000.0
6.1328818785038175 1.9654116832848896 0.31473715440780314 1520000.0
6.1328818785038175 1.9654116832848896 0.31473715440780314 1520000.0
6.1328818785038175 1.9654116832848896 0.31473715440780314 1520000.0
6.1328818785038175 1.9654116832848896 0.31473715440780314 1520000.0
6.1328818785038175 1.9654116832848896 0.31473715440780314 1520000.0
6.1328818785038175 1.9654116832848896 0.31473715440780314 1520000.0
6.1328818785038175 1.9654116832848896 0.31473715440780314 1520000.0
6.1328818785038175 1.9654116832848896 0.31473715440780314 1520000.0
6.1328818785038175 1.9654116832848896 0.31473715440780314 1520000.0
6.1328818785038175 1.9654116832848896 0.31473715440780314 1520000.0
6.1328818785038175 1.9654116832848896 0.31473715440780314 1520000.0
6.1328818785038175 1.9654116832848896 0.31473715440780314 1520000.0
6.1328818785038175 1.9654116832848896 0.31473715440780314 1520000.0
6.1328818785038175 1.9654116832848896 0.31473715440780314 1520000.0
6.1328818785038175 1.9654116832848896 0.31473715440780314 1520000.0
6.1328818785038175 1.9654116832848896 0.31473715440780314 1520000.0
6.1328818785038175 1.9654116832848896 0.31473715440780314 1520000.0
6.1328818785038175 1.9654116832848896 0.31473715440780314 1520000.0
6.1328818785038175 1.9654116832848896 0.31473715440780314 1520000.0
6.208237516930053 1.9909381523210194 0.323099399077868 0.0 2,1,1 coil/filament1/filament2
5.761557430858089 2.753504709232696 0.14085203425178594 1520000.0
5.689378899064509 2.719083013172843 0.13852687006700312 1520000.0
5.689378899064509 2.719083013172843 0.13852687006700312 1520000.0
5.689378899064509 2.719083013172843 0.13852687006700312 1520000.0
5.689378899064509 2.719083013172843 0.13852687006700312 1520000.0
5.689378899064509 2.719083013172843 0.13852687006700312 1520000.0
5.689378899064509 2.719083013172843 0.13852687006700312 1520000.0
5.689378899064509 2.719083013172843 0.13852687006700312 1520000.0
5.689378899064509 2.719083013172843 0.13852687006700312 1520000.0
5.689378899064509 2.719083013172843 0.13852687006700312 1520000.0
5.689378899064509 2.719083013172843 0.13852687006700312 1520000.0
5.689378899064509 2.719083013172843 0.13852687006700312 1520000.0
5.689378899064509 2.719083013172843 0.13852687006700312 1520000.0
5.689378899064509 2.719083013172843 0.13852687006700312 1520000.0
5.689378899064509 2.719083013172843 0.13852687006700312 1520000.0
5.689378899064509 2.719083013172843 0.13852687006700312 1520000.0
5.689378899064509 2.719083013172843 0.13852687006700312 1520000.0
5.689378899064509 2.719083013172843 0.13852687006700312 1520000.0
5.689378899064509 2.719083013172843 0.13852687006700312 1520000.0
5.689378899064509 2.719083013172843 0.13852687006700312 1520000.0
5.689378899064509 2.719083013172843 0.13852687006700312 1520000.0
5.689378899064509 2.719083013172843 0.13852687006700312 1520000.0
5.689378899064509 2.719083013172843 0.13852687006700312 1520000.0
5.689378899064509 2.719083013172843 0.13852687006700312 1520000.0
5.689378899064509 2.719083013172843 0.13852687006700312 1520000.0
5.689378899064509 2.719083013172843 0.13852687006700312 1520000.0
5.689378899064509 2.719083013172843 0.13852687006700312 1520000.0
5.689378899064509 2.719083013172843 0.13852687006700312 1520000.0
5.689378899064509 2.719083013172843 0.13852687006700312 1520000.0
5.689378899064509 2.719083013172843 0.13852687006700312 1520000.0
5.689378899064509 2.719083013172843 0.13852687006700312 1520000.0
5.689378899064509 2.719083013172843 0.13852687006700312 1520000.0
5.689378899064509 2.719083013172843 0.13852687006700312 1520000.0
5.689378899064509 2.719083013172843 0.13852687006700312 1520000.0
5.689378899064509 2.719083013172843 0.13852687006700312 1520000.0
5.689378899064509 2.719083013172843 0.13852687006700312 1520000.0
5.689378899064509 2.719083013172843 0.13852687006700312 1520000.0
5.689378899064509 2.719083013172843 0.13852687006700312 1520000.0
5.689378899064509 2.719083013172843 0.13852687006700312 1520000.0
5.689378899064509 2.719083013172843 0.13852687006700312 1520000.0
5.689378899064509 2.719083013172843 0.13852687006700312 1520000.0
5.689378899064509 2.719083013172843 0.13852687006700312 1520000.0
5.689378899064509 2.719083013172843 0.13852687006700312 1520000.0
5.689378899064509 2.719083013172843 0.13852687006700312 1520000.0
5.689378899064509 2.719083013172843 0.13852687006700312 1520000.0
5.689378899064509 2.719083013172843 0.13852687006700312 1520000.0
5.689378899064509 2.719083013172843 0.13852687006700312 1520000.0
5.689378899064509 2.719083013172843 0.13852687006700312 1520000.0
5.689378899064509 2.719083013172843 0.13852687006700312 1520000.0
5.689378899064509 2.719083013172843 0.13852687006700312 1520000.0
5.689378899064509 2.719083013172843 0.13852687006700312 1520000.0
5.689378899064509 2.719083013172843 0.13852687006700312 1520000.0
5.689378899064509 2.719083013172843 0.13852687006700312 1520000.0
5.689378899064509 2.719083013172843 0.13852687006700312 1520000.0
5.689378899064509 2.719083013172843 0.13852687006700312 1520000.0
5.689378899064509 2.719083013172843 0.13852687006700312 1520000.0
5.689378899064509 2.719083013172843 0.13852687006700312 1520000.0
5.689378899064509 2.719083013172843 0.13852687006700312 1520000.0
5.689378899064509 2.719083013172843 0.13852687006700312 1520000.0
5.689378899064509 2.719083013172843 0.13852687006700312 1520000.0
5.689378899064509 2.719083013172843 0.13852687006700312 1520000.0
5.689378899064509 2.719083013172843 0.13852687006700312 1520000.0
5.689378899064509 2.719083013172843 0.13852687006700312 1520000.0
5.689378899064509 2.719083013172843 0.13852687006700312 1520000.0
5.761557430858089 2.753504709232696 0.14085203425178594 0.0 3,0,0 coil/filament1/filament2
5.753064966068157 2.7541505759541844 0.24186545265081466 1520000.0
5.681454217687351 2.7197540372778866 0.23244320008410163 1520000.0
5.681454217687351 2.7197540372778866 0.23244320008410163 1520000.0
5.681454217687351 2.7197540372778866 0.23244320008410163 1520000.0
5.681454217687351 2.7197540372778866 0.23244320008410163 1520000.0
5.681454217687351 2.7197540372778866 0.23244320008410163 1520000.0
5.681454217687351 2.7197540372778866 0.23244320008410163 1520000.0
5.681454217687351 2.7197540372778866 0.23244320008410163 1520000.0
5.681454217687351 2.7197540372778866 0.23244320008410163 1520000.0
5.681454217687351 2.7197540372778866 0.23244320008410163 1520000.0
5.681454217687351 2.7197540372778866 0.23244320008410163 1520000.0
5.681454217687351 2.7197540372778866 0.23244320008410163 1520000.0
5.681454217687351 2.7197540372778866 0.23244320008410163 1520000.0
5.681454217687351 2.7197540372778866 0.23244320008410163 1520000.0
5.681454217687351 2.7197540372778866 0.23244320008410163 1520000.0
5.681454217687351 2.7197540372778866 0.23244320008410163 1520000.0
5.681454217687351 2.7197540372778866 0.23244320008410163 1520000.0
5.681454217687351 2.7197540372778866 0.23244320008410163 1520000.0
5.681454217687351 2.7197540372778866 0.23244320008410163 1520000.0
5.681454217687351 2.7197540372778866 0.23244320008410163 1520000.0
5.681454217687351 2.7197540372778866 0.23244320008410163 1520000.0
5.681454217687351 2.7197540372778866 0.23244320008410163 1520000.0
5.681454217687351 2.7197540372778866 0.23244320008410163 1520000.0
5.681454217687351 2.7197540372778866 0.23244320008410163 1520000.0
5.681454217687351 2.7197540372778866 0.23244320008410163 1520000.0
5.681454217687351 2.7197540372778866 0.23244320008410163 1520000.0
5.681454217687351 2.7197540372778866 0.23244320008410163 1520000.0
5.681454217687351 2.7197540372778866 0.23244320008410163 1520000.0
5.681454217687351 2.7197540372778866 0.23244320008410163 1520000.0
5.681454217687351 2.7197540372778866 0.23244320008410163 1520000.0
5.681454217687351 2.7197540372778866 0.23244320008410163 1520000.0
5.681454217687351 2.7197540372778866 0.23244320008410163 1520000.0
5.681454217687351 2.7197540372778866 0.23244320008410163 1520000.0
5.681454217687351 2.7197540372778866 0.23244320008410163 1520000.0
5.681454217687351 2.7197540372778866 0.23244320008410163 1520000.0
5.681454217687351 2.7197540372778866 0.23244320008410163 1520000.0
5.681454217687351 2.7197540372778866 0.23244320008410163 1520000.0
5.681454217687351 2.7197540372778866 0.23244320008410163 1520000.0
5.681454217687351 2.7197540372778866 0.23244320008410163 1520000.0
5.681454217687351 2.7197540372778866 0.23244320008410163 1520000.0
5.681454217687351 2.7197540372778866 0.23244320008410163 1520000.0
5.681454217687351 2.7197540372778866 0.23244320008410163 1520000.0
5.681454217687351 2.7197540372778866 0.23244320008410163 1520000.0
5.681454217687351 2.7197540372778866 0.23244320008410163 1520000.0
5.681454217687351 2.7197540372778866 0.23244320008410163 1520000.0
5.681454217687351 2.7197540372778866 0.23244320008410163 1520000.0
5.681454217687351 2.7197540372778866 0.23244320008410163 1520000.0
5.681454217687351 2.7197540372778866 0.23244320008410163 1520000.0
5.681454217687351 2.7197540372778866 0.23244320008410163 1520000.0
5.681454217687351 2.7197540372778866 0.23244320008410163 1520000.0
5.681454217687351 2.7197540372778866 0.23244320008410163 1520000.0
5.681454217687351 2.7197540372778866 0.23244320008410163 1520000.0
5.681454217687351 2.7197540372778866 0.23244320008410163 1520000.0
5.681454217687351 2.7197540372778866 0.23244320008410163 1520000.0
5.681454217687351 2.7197540372778866 0.23244320008410163 1520000.0
5.681454217687351 2.7197540372778866 0.23244320008410163 1520000.0
5.681454217687351 2.7197540372778866 0.23244320008410163 1520000.0
5.681454217687351 2.7197540372778866 0.23244320008410163 1520000.0
5.681454217687351 2.7197540372778866 0.23244320008410163 1520000.0
5.681454217687351 2.7197540372778866 0.23244320008410163 1520000.0
5.681454217687351 2.7197540372778866 0.23244320008410163 1520000.0
5.681454217687351 2.7197540372778866 0.23244320008410163 1520000.0
5.681454217687351 2.7197540372778866 0.23244320008410163 1520000.0
5.681454217687351 2.7197540372778866 0.23244320008410163 1520000.0
5.753064966068157 2.7541505759541844 0.24186545265081466 0.0 3,0,1 coil/filament1/filament2
5.79587263273901 2.681318804463771 0.1442670119330183 1520000.0
5.72369410094543 2.646897108403918 0.14194184774823548 1520000.0
5.72369410094543 2.646897108403918 0.14194184774823548 1520000.0
5.72369410094543 2.646897108403918 0.14194184774823548 1520000.0
5.72369410094543 2.646897108403918 0.14194184774823548 1520000.0
5.72369410094543 2.646897108403918 0.14194184774823548 1520000.0
5.72369410094543 2.646897108403918 0.14194184774823548 1520000.0
5.72369410094543 2.646897108403918 0.14194184774823548 1520000.0
5.72369410094543 2.646897108403918 0.14194184774823548 1520000.0
5.72369410094543 2.646897108403918 0.14194184774823548 1520000.0
5.72369410094543 2.646897108403918 0.14194184774823548 1520000.0
5.72369410094543 2.646897108403918 0.14194184774823548 1520000.0
5.72369410094543 2.646897108403918 0.14194184774823548 1520000.0
5.72369410094543 2.646897108403918 0.14194184774823548 1520000.0
5.72369410094543 2.646897108403918 0.14194184774823548 1520000.0
5.72369410094543 2.646897108403918 0.14194184774823548 1520000.0
5.72369410094543 2.646897108403918 0.14194184774823548 1520000.0
5.72369410094543 2.646897108403918 0.14194184774823548 1520000.0
5.72369410094543 2.646897108403918 0.14194184774823548 1520000.0
5.72369410094543 2.646897108403918 0.14194184774823548 1520000.0
5.72369410094543 2.646897108403918 0.14194184774823548 1520000.0
5.72369410094543 2.646897108403918 0.14194184774823548 1520000.0
5.72369410094543 2.646897108403918 0.14194184774823548 1520000.0
5.72369410094543 2.646897108403918 0.14194184774823548 1520000.0
5.72369410094543 2.646897108403918 0.14194184774823548 1520000.0
5.72369410094543 2.646897108403918 0.14194184774823548 1520000.0
5.72369410094543 2.646897108403918 0.14194184774823548 1520000.0
5.72369410094543 2.646897108403918 0.14194184774823548 1520000.0
5.72369410094543 2.646897108403918 0.14194184774823548 1520000.0
5.72369410094543 2.646897108403918 0.14194184774823548 1520000.0
5.72369410094543 2.646897108403918 0.14194184774823548 1520000.0
5.72369410094543 2.646897108403918 0.14194184774823548 1520000.0
5.72369410094543 2.646897108403918 0.14194184774823548 1520000.0
5.72369410094543 2.646897108403918 0.14194184774823548 1520000.0
5.72369410094543 2.646897108403918 0.14194184774823548 1520000.0
5.72369410094543 2.646897108403918 0.14194184774823548 1520000.0
5.72369410094543 2.646897108403918 0.14194184774823548 1520000.0
5.72369410094543 2.646897108403918 0.14194184774823548 1520000.0
5.72369410094543 2.646897108403918 0.14194184774823548 1520000.0
5.72369410094543 2.646897108403918 0.14194184774823548 1520000.0
5.72369410094543 2.646897108403918 0.14194184774823548 1520000.0
5.72369410094543 2.646897108403918 0.14194184774823548 1520000.0
5.72369410094543 2.646897108403918 0.14194184774823548 1520000.0
5.72369410094543 2.646897108403918 0.14194184774823548 1520000.0
5.72369410094543 2.646897108403918 0.14194184774823548 1520000.0
5.72369410094543 2.646897108403918 0.14194184774823548 1520000.0
5.72369410094543 2.646897108403918 0.14194184774823548 1520000.0
5.72369410094543 2.646897108403918 0.14194184774823548 1520000.0
5.72369410094543 2.646897108403918 0.14194184774823548 1520000.0
5.72369410094543 2.646897108403918 0.14194184774823548 1520000.0
5.72369410094543 2.646897108403918 0.14194184774823548 1520000.0
5.72369410094543 2.646897108403918 0.14194184774823548 1520000.0
5.72369410094543 2.646897108403918 0.14194184774823548 1520000.0
5.72369410094543 2.646897108403918 0.14194184774823548 1520000.0
5.72369410094543 2.646897108403918 0.14194184774823548 1520000.0
5.72369410094543 2.646897108403918 0.14194184774823548 1520000.0
5.72369410094543 2.646897108403918 0.14194184774823548 1520000.0
5.72369410094543 2.646897108403918 0.14194184774823548 1520000.0
5.72369410094543 2.646897108403918 0.14194184774823548 1520000.0
5.72369410094543 2.646897108403918 0.14194184774823548 1520000.0
5.72369410094543 2.646897108403918 0.14194184774823548 1520000.0
5.72369410094543 2.646897108403918 0.14194184774823548 1520000.0
5.72369410094543 2.646897108403918 0.14194184774823548 1520000.0
5.72369410094543 2.646897108403918 0.14194184774823548 1520000.0
5.79587263273901 2.681318804463771 0.1442670119330183 0.0 3,1,0 coil/filament1/filament2
5.787320865977996 2.6819308066607412 0.2451576015795432 1520000.0
5.71571011759719 2.6475342679844434 0.23573534901283016 1520000.0
5.71571011759719 2.6475342679844434 0.23573534901283016 1520000.0
5.71571011759719 2.6475342679844434 0.23573534901283016 1520000.0
5.71571011759719 2.6475342679844434 0.23573534901283016 1520000.0
5.71571011759719 2.6475342679844434 0.23573534901283016 1520000.0
5.71571011759719 2.6475342679844434 0.23573534901283016 1520000.0
5.71571011759719 2.6475342679844434 0.23573534901283016 1520000.0
5.71571011759719 2.6475342679844434 0.23573534901283016 1520000.0
5.71571011759719 2.6475342679844434 0.23573534901283016 1520000.0
5.71571011759719 2.6475342679844434 0.23573534901283016 1520000.0
5.71571011759719 2.6475342679844434 0.23573534901283016 1520000.0
5.71571011759719 2.6475342679844434 0.23573534901283016 1520000.0
5.71571011759719 2.6475342679844434 0.23573534901283016 1520000.0
5.71571011759719 2.6475342679844434 0.23573534901283016 1520000.0
5.71571011759719 2.6475342679844434 0.23573534901283016 1520000.0
5.71571011759719 2.6475342679844434 0.23573534901283016 1520000.0
5.71571011759719 2.6475342679844434 0.23573534901283016 1520000.0
5.71571011759719 2.6475342679844434 0.23573534901283016 1520000.0
5.71571011759719 2.6475342679844434 0.23573534901283016 1520000.0
5.71571011759719 2.6475342679844434 0.23573534901283016 1520000.0
5.71571011759719 2.6475342679844434 0.23573534901283016 1520000.0
5.71571011759719 2.6475342679844434 0.23573534901283016 1520000.0
5.71571011759719 2.6475342679844434 0.23573534901283016 1520000.0
5.71571011759719 2.6475342679844434 0.23573534901283016 1520000.0
5.71571011759719 2.6475342679844434 0.23573534901283016 1520000.0
5.71571011759719 2.6475342679844434 0.23573534901283016 1520000.0
5.71571011759719 2.6475342679844434 0.23573534901283016 1520000.0
5.71571011759719 2.6475342679844434 0.23573534901283016 1520000.0
5.71571011759719 2.6475342679844434 0.23573534901283016 1520000.0
5.71571011759719 2.6475342679844434 0.23573534901283016 1520000.0
5.71571011759719 2.6475342679844434 0.23573534901283016 1520000.0
5.71571011759719 2.6475342679844434 0.23573534901283016 1520000.0
5.71571011759719 2.6475342679844434 0.23573534901283016 1520000.0
5.71571011759719 2.6475342679844434 0.23573534901283016 1520000.0
5.71571011759719 2.6475342679844434 0.23573534901283016 1520000.0
5.71571011759719 2.6475342679844434 0.23573534901283016 1520000.0
5.71571011759719 2.6475342679844434 0.23573534901283016 1520000.0
5.71571011759719 2.6475342679844434 0.23573534901283016 1520000.0
5.71571011759719 2.6475342679844434 0.23573534901283016 1520000.0
5.71571011759719 2.6475342679844434 0.23573534901283016 1520000.0
5.71571011759719 2.6475342679844434 0.23573534901283016 1520000.0
5.71571011759719 2.6475342679844434 0.23573534901283016 1520000.0
5.71571011759719 2.6475342679844434 0.23573534901283016 1520000.0
5.71571011759719 2.6475342679844434 0.23573534901283016 1520000.0
5.71571011759719 2.6475342679844434 0.23573534901283016 1520000.0
5.71571011759719 2.6475342679844434 0.23573534901283016 1520000.0
5.71571011759719 2.6475342679844434 0.23573534901283016 1520000.0
5.71571011759719 2.6475342679844434 0.23573534901283016 1520000.0
5.71571011759719 2.6475342679844434 0.23573534901283016 1520000.0
5.71571011759719 2.6475342679844434 0.23573534901283016 1520000.0
5.71571011759719 2.6475342679844434 0.23573534901283016 1520000.0
5.71571011759719 2.6475342679844434 0.23573534901283016 1520000.0
5.71571011759719 2.6475342679844434 0.23573534901283016 1520000.0
5.71571011759719 2.6475342679844434 0.23573534901283016 1520000.0
5.71571011759719 2.6475342679844434 0.23573534901283016 1520000.0
5.71571011759719 2.6475342679844434 0.23573534901283016 1520000.0
5.71571011759719 2.6475342679844434 0.23573534901283016 1520000.0
5.71571011759719 2.6475342679844434 0.23573534901283016 1520000.0
5.71571011759719 2.6475342679844434 0.23573534901283016 1520000.0
5.71571011759719 2.6475342679844434 0.23573534901283016 1520000.0
5.71571011759719 2.6475342679844434 0.23573534901283016 1520000.0
5.71571011759719 2.6475342679844434 0.23573534901283016 1520000.0
5.71571011759719 2.6475342679844434 0.23573534901283016 1520000.0
5.787320865977996 2.6819308066607412 0.2451576015795432 0.0 3,1,1 coil/filament1/filament2
5.339564430389888 3.425140699191333 0.0488259195050847 1520000.0
5.2717910560337025 3.3826642042078503 0.0472393816724489 1520000.0
5.2717910560337025 3.3826642042078503 0.0472393816724489 1520000.0
5.2717910560337025 3.3826642042078503 0.0472393816724489 1520000.0
5.2717910560337025 3.3826642042078503 0.0472393816724489 1520000.0
5.2717910560337025 3.3826642042078503 0.0472393816724489 1520000.0
5.2717910560337025 3.3826642042078503 0.0472393816724489 1520000.0
5.2717910560337025 3.3826642042078503 0.0472393816724489 1520000.0
5.2717910560337025 3.3826642042078503 0.0472393816724489 1520000.0
5.2717910560337025 3.3826642042078503 0.0472393816724489 1520000.0
5.2717910560337025 3.3826642042078503 0.0472393816724489 1520000.0
5.2717910560337025 3.3826642042078503 0.0472393816724489 1520000.0
5.2717910560337025 3.3826642042078503 0.0472393816724489 1520000.0
5.2717910560337025 3.3826642042078503 0.0472393816724489 1520000.0
5.2717910560337025 3.3826642042078503 0.0472393816724489 1520000.0
5.2717910560337025 3.3826642042078503 0.0472393816724489 1520000.0
5.2717910560337025 3.3826642042078503 0.0472393816724489 1520000.0
5.2717910560337025 3.3826642042078503 0.0472393816724489 1520000.0
5.2717910560337025 3.3826642042078503 0.0472393816724489 1520000.0
5.2717910560337025 3.3826642042078503 0.0472393816724489 1520000.0
5.2717910560337025 3.3826642042078503 0.0472393816724489 1520000.0
5.2717910560337025 3.3826642042078503 0.0472393816724489 1520000.0
5.2717910560337025 3.3826642042078503 0.0472393816724489 1520000.0
5.2717910560337025 3.3826642042078503 0.0472393816724489 1520000.0
5.2717910560337025 3.3826642042078503 0.0472393816724489 1520000.0
5.2717910560337025 3.3826642042078503 0.0472393816724489 1520000.0
5.2717910560337025 3.3826642042078503 0.0472393816724489 1520000.0
5.2717910560337025 3.3826642042078503 0.0472393816724489 1520000.0
5.2717910560337025 3.3826642042078503 0.0472393816724489 1520000.0
5.2717910560337025 3.3826642042078503 0.0472393816724489 1520000.0
5.2717910560337025 3.3826642042078503 0.0472393816724489 1520000.0
5.2717910560337025 3.3826642042078503 0.0472393816724489 1520000.0
5.2717910560337025 3.3826642042078503 0.0472393816724489 1520000.0
5.2717910560337025 3.3826642042078503 0.0472393816724489 1520000.0
5.2717910560337025 3.3826642042078503 0.0472393816724489 1520000.0
5.2717910560337025 3.3826642042078503 0.0472393816724489 1520000.0
5.2717910560337025 3.3826642042078503 0.0472393816724489 1520000.0
5.2717910560337025 3.3826642042078503 0.0472393816724489 1520000.0
5.2717910560337025 3.3826642042078503 0.0472393816724489 1520000.0
5.2717910560337025 3.3826642042078503 0.0472393816724489 1520000.0
5.2717910560337025 3.3826642042078503 0.0472393816724489 1520000.0
5.2717910560337025 3.3826642042078503 0.0472393816724489 1520000.0
5.2717910560337025 3.3826642042078503 0.0472393816724489 1520000.0
5.2717910560337025 3.3826642042078503 0.0472393816724489 1520000.0
5.2717910560337025 3.3826642042078503 0.0472393816724489 1520000.0
5.2717910560337025 3.3826642042078503 0.0472393816724489 1520000.0
5.2717910560337025 3.3826642042078503 0.0472393816724489 1520000.0
5.2717910560337025 3.3826642042078503 0.0472393816724489 1520000.0
5.2717910560337025 3.3826642042078503 0.0472393816724489 1520000.0
5.2717910560337025 3.3826642042078503 0.0472393816724489 1520000.0
5.2717910560337025 3.3826642042078503 0.0472393816724489 1520000.0
5.2717910560337025 3.3826642042078503 0.0472393816724489 1520000.0
5.2717910560337025 3.3826642042078503 0.0472393816724489 1520000.0
5.2717910560337025 3.3826642042078503 0.0472393816724489 1520000.0
5.2717910560337025 3.3826642042078503 0.0472393816724489 1520000.0
5.2717910560337025 3.3826642042078503 0.0472393816724489 1520000.0
5.2717910560337025 3.3826642042078503 0.0472393816724489 1520000.0
5.2717910560337025 3.3826642042078503 0.0472393816724489 1520000.0
5.2717910560337025 3.3826642042078503 0.0472393816724489 1520000.0
5.2717910560337025 3.3826642042078503 0.0472393816724489 1520000.0
5.2717910560337025 3.3826642042078503 0.0472393816724489 1520000.0
5.2717910560337025 3.3826642042078503 0.0472393816724489 1520000.0
5.2717910560337025 3.3826642042078503 0.0472393816724489 1520000.0
5.2717910560337025 3.3826642042078503 0.0472393816724489 1520000.0
5.339564430389888 3.425140699191333 0.0488259195050847 0.0 4,0,0 coil/filament1/filament2
5.334804012452672 3.4187951111882664 0.14951653180041727 1520000.0
5.2675033469139585 3.3766931346746607 0.13961481519701638 1520000.0
5.2675033469139585 3.3766931346746607 0.13961481519701638 1520000.0
5.2675033469139585 3.3766931346746607 0.13961481519701638 1520000.0
5.2675033469139585 3.3766931346746607 0.13961481519701638 1520000.0
5.2675033469139585 3.3766931346746607 0.13961481519701638 1520000.0
5.2675033469139585 3.3766931346746607 0.13961481519701638 1520000.0
5.2675033469139585 3.3766931346746607 0.13961481519701638 1520000.0
5.2675033469139585 3.3766931346746607 0.13961481519701638 1520000.0
5.2675033469139585 3.3766931346746607 0.13961481519701638 1520000.0
5.2675033469139585 3.3766931346746607 0.13961481519701638 1520000.0
5.2675033469139585 3.3766931346746607 0.13961481519701638 1520000.0
5.2675033469139585 3.3766931346746607 0.13961481519701638 1520000.0
5.2675033469139585 3.3766931346746607 0.13961481519701638 1520000.0
5.2675033469139585 3.3766931346746607 0.13961481519701638 1520000.0
5.2675033469139585 3.3766931346746607 0.13961481519701638 1520000.0
5.2675033469139585 3.3766931346746607 0.13961481519701638 1520000.0
5.2675033469139585 3.3766931346746607 0.13961481519701638 1520000.0
5.2675033469139585 3.3766931346746607 0.13961481519701638 1520000.0
5.2675033469139585 3.3766931346746607 0.13961481519701638 1520000.0
5.2675033469139585 3.3766931346746607 0.13961481519701638 1520000.0
5.2675033469139585 3.3766931346746607 0.13961481519701638 1520000.0
5.2675033469139585 3.3766931346746607 0.13961481519701638 1520000.0
5.2675033469139585 3.3766931346746607 0.13961481519701638 1520000.0
5.2675033469139585 3.3766931346746607 0.13961481519701638 1520000.0
5.2675033469139585 3.3766931346746607 0.13961481519701638 1520000.0
5.2675033469139585 3.3766931346746607 0.13961481519701638 1520000.0
5.2675033469139585 3.3766931346746607 0.13961481519701638 1520000.0
5.2675033469139585 3.3766931346746607 0.13961481519701638 1520000.0
5.2675033469139585 3.3766931346746607 0.13961481519701638 1520000.0
5.2675033469139585 3.3766931346746607 0.13961481519701638 1520000.0
5.2675033469139585 3.3766931346746607 0.13961481519701638 1520000.0
5.2675033469139585 3.3766931346746607 0.13961481519701638 1520000.0
5.2675033469139585 3.3766931346746607 0.13961481519701638 1520000.0
5.2675033469139585 3.3766931346746607 0.13961481519701638 1520000.0
5.2675033469139585 3.3766931346746607 0.13961481519701638 1520000.0
5.2675033469139585 3.3766931346746607 0.13961481519701638 1520000.0
5.2675033469139585 3.3766931346746607 0.13961481519701638 1520000.0
5.2675033469139585 3.3766931346746607 0.13961481519701638 1520000.0
5.2675033469139585 3.3766931346746607 0.13961481519701638 1520000.0
5.2675033469139585 3.3766931346746607 0.13961481519701638 1520000.0
5.2675033469139585 3.3766931346746607 0.13961481519701638 1520000.0
5.2675033469139585 3.3766931346746607 0.13961481519701638 1520000.0
5.2675033469139585 3.3766931346746607 0.13961481519701638 1520000.0
5.2675033469139585 3.3766931346746607 0.13961481519701638 1520000.0
5.2675033469139585 3.3766931346746607 0.13961481519701638 1520000.0
5.2675033469139585 3.3766931346746607 0.13961481519701638 1520000.0
5.2675033469139585 3.3766931346746607 0.13961481519701638 1520000.0
5.2675033469139585 3.3766931346746607 0.13961481519701638 1520000.0
5.2675033469139585 3.3766931346746607 0.13961481519701638 1520000.0
5.2675033469139585 3.3766931346746607 0.13961481519701638 1520000.0
5.2675033469139585 3.3766931346746607 0.13961481519701638 1520000.0
5.2675033469139585 3.3766931346746607 0.13961481519701638 1520000.0
5.2675033469139585 3.3766931346746607 0.13961481519701638 1520000.0
5.2675033469139585 3.3766931346746607 0.13961481519701638 1520000.0
5.2675033469139585 3.3766931346746607 0.13961481519701638 1520000.0
5.2675033469139585 3.3766931346746607 0.13961481519701638 1520000.0
5.2675033469139585 3.3766931346746607 0.13961481519701638 1520000.0
5.2675033469139585 3.3766931346746607 0.13961481519701638 1520000.0
5.2675033469139585 3.3766931346746607 0.13961481519701638 1520000.0
5.2675033469139585 3.3766931346746607 0.13961481519701638 1520000.0
5.2675033469139585 3.3766931346746607 0.13961481519701638 1520000.0
5.2675033469139585 3.3766931346746607 0.13961481519701638 1520000.0
5.2675033469139585 3.3766931346746607 0.13961481519701638 1520000.0
5.334804012452672 3.4187951111882664 0.14951653180041727 0.0 4,0,1 coil/filament1/filament2
5.382065773133814 3.3574668914028414 0.04509877524041875 1520000.0
5.314292398777628 3.3149903964193586 0.04351223740778295 1520000.0
5.314292398777628 3.3149903964193586 0.04351223740778295 1520000.0
5.314292398777628 3.3149903964193586 0.04351223740778295 1520000.0
5.314292398777628 3.3149903964193586 0.04351223740778295 1520000.0
5.314292398777628 3.3149903964193586 0.04351223740778295 1520000.0
5.314292398777628 3.3149903964193586 0.04351223740778295 1520000.0
5.314292398777628 3.3149903964193586 0.04351223740778295 1520000.0
5.314292398777628 3.3149903964193586 0.04351223740778295 1520000.0
5.314292398777628 3.3149903964193586 0.04351223740778295 1520000.0
5.314292398777628 3.3149903964193586 0.04351223740778295 1520000.0
5.314292398777628 3.3149903964193586 0.04351223740778295 1520000.0
5.314292398777628 3.3149903964193586 0.04351223740778295 1520000.0
5.314292398777628 3.3149903964193586 0.04351223740778295 1520000.0
5.314292398777628 3.3149903964193586 0.04351223740778295 1520000.0
5.314292398777628 3.3149903964193586 0.04351223740778295 1520000.0
5.314292398777628 3.3149903964193586 0.04351223740778295 1520000.0
5.314292398777628 3.3149903964193586 0.04351223740778295 1520000.0
5.314292398777628 3.3149903964193586 0.04351223740778295 1520000.0
5.314292398777628 3.3149903964193586 0.04351223740778295 1520000.0
5.314292398777628 3.3149903964193586 0.04351223740778295 1520000.0
5.314292398777628 3.3149903964193586 0.04351223740778295 1520000.0
5.314292398777628 3.3149903964193586 0.04351223740778295 1520000.0
5.314292398777628 3.3149903964193586 0.04351223740778295 1520000.0
5.314292398777628 3.3149903964193586 0.04351223740778295 1520000.0
5.314292398777628 3.3149903964193586 0.04351223740778295 1520000.0
5.314292398777628 3.3149903964193586 0.04351223740778295 1520000.0
5.314292398777628 3.3149903964193586 0.04351223740778295 1520000.0
5.314292398777628 3.3149903964193586 0.04351223740778295 1520000.0
5.314292398777628 3.3149903964193586 0.04351223740778295 1520000.0
5.314292398777628 3.3149903964193586 0.04351223740778295 1520000.0
5.314292398777628 3.3149903964193586 0.04351223740778295 1520000.0
5.314292398777628 3.3149903964193586 0.04351223740778295 1520000.0
5.314292398777628 3.3149903964193586 0.04351223740778295 1520000.0
5.314292398777628 3.3149903964193586 0.04351223740778295 1520000.0
5.314292398777628 3.3149903964193586 0.04351223740778295 1520000.0
5.314292398777628 3.3149903964193586 0.04351223740778295 1520000.0
5.314292398777628 3.3149903964193586 0.04351223740778295 1520000.0
5.314292398777628 3.3149903964193586 0.04351223740778295 1520000.0
5.314292398777628 3.3149903964193586 0.04351223740778295 1520000.0
5.314292398777628 3.3149903964193586 0.04351223740778295 1520000.0
5.314292398777628 3.3149903964193586 0.04351223740778295 1520000.0
5.314292398777628 3.3149903964193586 0.04351223740778295 1520000.0
5.314292398777628 3.3149903964193586 0.04351223740778295 1520000.0
5.314292398777628 3.3149903964193586 0.04351223740778295 1520000.0
5.314292398777628 3.3149903964193586 0.04351223740778295 1520000.0
5.314292398777628 3.3149903964193586 0.04351223740778295 1520000.0
5.314292398777628 3.3149903964193586 0.04351223740778295 1520000.0
5.314292398777628 3.3149903964193586 0.04351223740778295 1520000.0
5.314292398777628 3.3149903964193586 0.04351223740778295 1520000.0
5.314292398777628 3.3149903964193586 0.04351223740778295 1520000.0
5.314292398777628 3.3149903964193586 0.04351223740778295 1520000.0
5.314292398777628 3.3149903964193586 0.04351223740778295 1520000.0
5.314292398777628 3.3149903964193586 0.04351223740778295 1520000.0
5.314292398777628 3.3149903964193586 0.04351223740778295 1520000.0
5.314292398777628 3.3149903964193586 0.04351223740778295 1520000.0
5.314292398777628 3.3149903964193586 0.04351223740778295 1520000.0
5.314292398777628 3.3149903964193586 0.04351223740778295 1520000.0
5.314292398777628 3.3149903964193586 0.04351223740778295 1520000.0
5.314292398777628 3.3149903964193586 0.04351223740778295 1520000.0
5.314292398777628 3.3149903964193586 0.04351223740778295 1520000.0
5.314292398777628 3.3149903964193586 0.04351223740778295 1520000.0
5.314292398777628 3.3149903964193586 0.04351223740778295 1520000.0
5.314292398777628 3.3149903964193586 0.04351223740778295 1520000.0
5.382065773133814 3.3574668914028414 0.04509877524041875 0.0 4,1,0 coil/filament1/filament2
5.377334427783172 3.35104433705 0.1485183457051644 1520000.0
5.310033762244458 3.308942360536394 0.1386166291017635 1520000.0
5.310033762244458 3.308942360536394 0.1386166291017635 1520000.0
5.310033762244458 3.308942360536394 0.1386166291017635 1520000.0
5.310033762244458 3.308942360536394 0.1386166291017635 1520000.0
5.310033762244458 3.308942360536394 0.1386166291017635 1520000.0
5.310033762244458 3.308942360536394 0.1386166291017635 1520000.0
5.310033762244458 3.308942360536394 0.1386166291017635 1520000.0
5.310033762244458 3.308942360536394 0.1386166291017635 1520000.0
5.310033762244458 3.308942360536394 0.1386166291017635 1520000.0
5.310033762244458 3.308942360536394 0.1386166291017635 1520000.0
5.310033762244458 3.308942360536394 0.1386166291017635 1520000.0
5.310033762244458 3.308942360536394 0.1386166291017635 1520000.0
5.310033762244458 3.308942360536394 0.1386166291017635 1520000.0
5.310033762244458 3.308942360536394 0.1386166291017635 1520000.0
5.310033762244458 3.308942360536394 0.1386166291017635 1520000.0
5.310033762244458 3.308942360536394 0.1386166291017635 1520000.0
5.310033762244458 3.308942360536394 0.1386166291017635 1520000.0
5.310033762244458 3.308942360536394 0.1386166291017635 1520000.0
5.310033762244458 3.308942360536394 0.1386166291017635 1520000.0
5.310033762244458 3.308942360536394 0.1386166291017635 1520000.0
5.310033762244458 3.308942360536394 0.1386166291017635 1520000.0
5.310033762244458 3.308942360536394 0.1386166291017635 1520000.0
5.310033762244458 3.308942360536394 0.1386166291017635 1520000.0
5.310033762244458 3.308942360536394 0.1386166291017635 1520000.0
5.310033762244458 3.308942360536394 0.1386166291017635 1520000.0
5.310033762244458 3.308942360536394 0.1386166291017635 1520000.0
5.310033762244458 3.308942360536394 0.1386166291017635 1520000.0
5.310033762244458 3.308942360536394 0.1386166291017635 1520000.0
5.310033762244458 3.308942360536394 0.1386166291017635 1520000.0
5.310033762244458 3.308942360536394 0.1386166291017635 1520000.0
5.310033762244458 3.308942360536394 0.1386166291017635 1520000.0
5.310033762244458 3.308942360536394 0.1386166291017635 1520000.0
5.310033762244458 3.308942360536394 0.1386166291017635 1520000.0
5.310033762244458 3.308942360536394 0.1386166291017635 1520000.0
5.310033762244458 3.308942360536394 0.1386166291017635 1520000.0
5.310033762244458 3.308942360536394 0.1386166291017635 1520000.0
5.310033762244458 3.308942360536394 0.1386166291017635 1520000.0
5.310033762244458 3.308942360536394 0.1386166291017635 1520000.0
5.310033762244458 3.308942360536394 0.1386166291017635 1520000.0
5.310033762244458 3.308942360536394 0.1386166291017635 1520000.0
5.310033762244458 3.308942360536394 0.1386166291017635 1520000.0
5.310033762244458 3.308942360536394 0.1386166291017635 1520000.0
5.310033762244458 3.308942360536394 0.1386166291017635 1520000.0
5.310033762244458 3.308942360536394 0.1386166291017635 1520000.0
5.310033762244458 3.308942360536394 0.1386166291017635 1520000.0
5.310033762244458 3.308942360536394 0.1386166291017635 1520000.0
5.310033762244458 3.308942360536394 0.1386166291017635 1520000.0
5.310033762244458 3.308942360536394 0.1386166291017635 1520000.0
5.310033762244458 3.308942360536394 0.1386166291017635 1520000.0
5.310033762244458 3.308942360536394 0.1386166291017635 1520000.0
5.310033762244458 3.308942360536394 0.1386166291017635 1520000.0
5.310033762244458 3.308942360536394 0.1386166291017635 1520000.0
5.310033762244458 3.308942360536394 0.1386166291017635 1520000.0
5.310033762244458 3.308942360536394 0.1386166291017635 1520000.0
5.310033762244458 3.308942360536394 0.1386166291017635 1520000.0
5.310033762244458 3.308942360536394 0.1386166291017635 1520000.0
5.310033762244458 3.308942360536394 0.1386166291017635 1520000.0
5.310033762244458 3.308942360536394 0.1386166291017635 1520000.0
5.310033762244458 3.308942360536394 0.1386166291017635 1520000.0
5.310033762244458 3.308942360536394 0.1386166291017635 1520000.0
5.310033762244458 3.308942360536394 0.1386166291017635 1520000.0
5.310033762244458 3.308942360536394 0.1386166291017635 1520000.0
5.310033762244458 3.308942360536394 0.1386166291017635 1520000.0
5.377334427783172 3.35104433705 0.1485183457051644 0.0 4,1,1 coil/filament1/filament2
