x1, y1, z1, x2, y2, z2, x3, y3, z3, x4, y4, z4
1.335257571069407, -0.07576485416956377, 0.45029890262840255, 1.3490019913349978, -0.12700017747832318, 0.42999440664820865, 1.3872164357566865, -0.07265087742818918, 0.3187201067330794, 1.3734720154910958, -0.021415554119429768, 0.3390246027132733
1.3200334373263982, -0.07823092438020089, 0.4434494790299643, 1.3376672770170006, -0.12881307276433293, 0.4245620768101834, 1.382919471382357, -0.07280161582087784, 0.3168071901637231, 1.3652856316917545, -0.02221946743674581, 0.335694592383504
1.3056504320687432, -0.08168743942841161, 0.4353288003391216, 1.3275980047381222, -0.1312360760398457, 0.4183147865895567, 1.3789949000524995, -0.0728707196240779, 0.3146422042811019, 1.3570473273831205, -0.02332208301264383, 0.3316562180306668
1.292471547149971, -0.08619832463715181, 0.4261313705651448, 1.3188993119655206, -0.13427663285955888, 0.4114245855553193, 1.3752685989902034, -0.07292531358073824, 0.31215384916701033, 1.3488408341746538, -0.024847005358331165, 0.3268606341768358
1.2807922264733496, -0.09164602985511669, 0.41616556747780664, 1.3115025243791514, -0.13786944876089682, 0.4040613059473511, 1.3715368520424611, -0.07313810724704965, 0.3091830000611683, 1.3408265541366593, -0.026914688341269505, 0.3212872615916238
1.2707224879653385, -0.09773904619287836, 0.4057811072281174, 1.3051490660634637, -0.1419162135071136, 0.39632443717234395, 1.3676757520563436, -0.07375759541762551, 0.3055446138695908, 1.3332491739582184, -0.029580428103390274, 0.31500128392536425
1.2621386520815916, -0.1041050090442532, 0.3952598562806999, 1.2994600805359102, -0.14633597397587128, 0.38819610521815257, 1.3636974826662431, -0.07500263156033274, 0.3011256140780802, 1.3263760542119245, -0.032771666628714675, 0.3081893651406275
1.2547445531400807, -0.11040098625182287, 0.3847448412180431, 1.2940490143559884, -0.15107583037091166, 0.37955288740324233, 1.3597121370734515, -0.07695280856923259, 0.29594492155082375, 1.3204076758575438, -0.036277964450143814, 0.3011368753656245
1.2481837908637399, -0.11636358341919852, 0.37424144682760485, 1.288597738179274, -0.1560721260939488, 0.3702184503045184, 1.355849264823946, -0.0795131847133362, 0.2901427320208785, 1.315435317508412, -0.03980464203858591, 0.29416572854396494
1.2421257353768502, -0.12179070227407349, 0.36366064492868616, 1.282869915565739, -0.16119691714024256, 0.3600134527680385, 1.3522102286509985, -0.08246049555033634, 0.2839302292791855, 1.3114660484621097, -0.043054280684167265, 0.28757742143983317
1.2363043296465845, -0.12649514098843073, 0.3528655766802165, 1.2766957536918635, -0.16622094503208723, 0.34878717543960075, 1.3488653876397299, -0.08552749834893825, 0.2775392168848128, 1.308473963594451, -0.045801694305281755, 0.28161761812542857
1.2305324587498947, -0.13026612352898065, 0.3417123353531479, 1.2699697735599922, -0.17080258655541503, 0.33644608755459166, 1.3458670141646851, -0.08848449563849636, 0.2711812365520245, 1.3064296993545876, -0.047948032612061986, 0.2764474843505807
1.2247167082872175, -0.13285950606191274, 0.33009417853461004, 1.2626785206120286, -0.174509815590379, 0.3229954095428213, 1.3432486234164716, -0.09119147863329471, 0.2650068480777597, 1.3052868110916604, -0.04954116910482845, 0.27210561706954844
1.2188763992062477, -0.13403194807994806, 0.31798970459745574, 1.2549448272082728, -0.17689074602741567, 0.3085858787823483, 1.3410049736247809, -0.09359978760078147, 0.25906388929139684, 1.3049365456227557, -0.05074098965331386, 0.2684677151065043
1.2131465902943668, -0.13362022894678804, 0.3054922728641992, 1.2470490391927753, -0.1775947868783636, 0.2935297391270142, 1.3390741084950264, -0.09569724328361676, 0.2532763048255481, 1.3051716595966179, -0.051722685352041185, 0.2652388385627331
1.2077395511195372, -0.1316291052707617, 0.2927908837720322, 1.2393861515357814, -0.17649882114898877, 0.278249863206001, 1.337350603785223, -0.09743023145087429, 0.24747188051352917, 1.3057040033689788, -0.05256051557264721, 0.26201290107956043
1.2028687520732133, -0.12826346345016817, 0.28010550019054203, 1.2323601692706252, -0.17375836144284698, 0.26317297030502407, 1.3357314154045448, -0.09866609349481671, 0.2414543891556525, 1.3062399982071329, -0.05317119550213793, 0.2583869190411705
1.1986765752738375, -0.1238734460329626, 0.2676227174654523, 1.226270521273012, -0.16974381401304564, 0.2486299955550355, 1.3341592035058, -0.09922857786211112, 0.2350729414262661, 1.3065652575066256, -0.053358209882028086, 0.2540656633366829
1.195204073536446, -0.11884928256771414, 0.25547380081015125, 1.2212490280729213, -0.16490620483768526, 0.23481804485180488, 1.332630295812195, -0.09897307671677123, 0.22824569268660935, 1.3065853412757196, -0.052916154446800104, 0.2489014486449557
1.1924038310107368, -0.1135279797904584, 0.24375196560698426, 1.2172611391352839, -0.159651574597567, 0.2218209776020862, 1.3311700932228714, -0.09784432962449946, 0.2209408369820155, 1.3063127850983243, -0.05172073481739087, 0.24287182498691356
1.1901721148456266, -0.10814439513850482, 0.23253634114950128, 1.214148166261429, -0.15426985529316029, 0.20964898909584317, 1.3298012872723628, -0.095889439288719, 0.2131479357342903, 1.3058252358565603, -0.04976397913406354, 0.2360352877879484
1.1883801627228343, -0.10282406646640467, 0.22189768789965758, 1.2116833826725917, -0.1489190513128818, 0.19826609227057929, 1.3285241415136477, -0.093233830727678, 0.20486558329817972, 1.3052209215638904, -0.04713884588120086, 0.22849717892725802
1.1868976581294524, -0.0976019414378774, 0.21188326705433086, 1.2096258214781703, -0.14364516560157217, 0.18759969031189566, 1.3273127627288326, -0.09003986804908512, 0.19610944550064513, 1.3045845993801146, -0.043996643885390346, 0.22039302224308033
1.1856084635567838, -0.09245181969045813, 0.20249381324298243, 1.2077630581757473, -0.13841728786466767, 0.17754206635433495, 1.3261229014032572, -0.08646549371833034, 0.18692921694095588, 1.3039683067842938, -0.0405000255441208, 0.21188096382960336
1.1844193200520134, -0.0873149732863704, 0.19366891868383512, 1.2059373029342648, -0.13316280343061668, 0.16795524753902413, 1.3249057940181164, -0.08263471856981298, 0.17741943105007835, 1.303387811135865, -0.036786888425566724, 0.20313310219488934
1.1832621444798201, -0.0821211185846995, 0.18529122332902867, 1.2040531766643068, -0.1277947134356342, 0.1586849136620284, 1.3236232385069742, -0.07862533582183531, 0.1677144549578157, 1.3028322063224875, -0.03295174097090062, 0.19432076462481598
1.182092169057464, -0.07680072470326003, 0.1772097916963172, 1.2020712631517982, -0.12222967487441401, 0.14958215543266726, 1.322258876841511, -0.07447209940311209, 0.15796735075986149, 1.3022797827471768, -0.029043149231958103, 0.18559498702351143
1.180885279257492, -0.0712921189224833, 0.1692740393142489, 1.1999949006813082, -0.11639939533974922, 0.14052693540351047, 1.3208213881999538, -0.07017842455137574, 0.14832063627581082, 1.3017117667761375, -0.025071148134109822, 0.17706774018654925
1.179636267379387, -0.06554747767753485, 0.1613654383621607, 1.1978562423365071, -0.11025838348926792, 0.1314454214160383, 1.3193388037594294, -0.06572900522481034, 0.13888059064792233, 1.3011188288023092, -0.021018099413077286, 0.16880060759404472
1.178356769099084, -0.05953903877584463, 0.15341649810429342, 1.1957036906821634, -0.10378901503243973, 0.12231563134979191, 1.3178476086095499, -0.06109906263879683, 0.12970422241821777, 1.3005006870264704, -0.016849086382201724, 0.1608050891727193
1.1770706700808566, -0.053263720902649796, 0.1454131690274816, 1.1935904377267743, -0.09700293729937515, 0.1131607547624173, 1.3163821321891915, -0.056260084561779805, 0.12080141715850304, 1.2998623645432739, -0.012520868165054447, 0.15305383142356735
1.1758066304815014, -0.04674340771691753, 0.13738349903098307, 1.191564265647894, -0.08993768754053255, 0.10403396943187013, 1.3149679514698036, -0.05118403628849742, 0.11214845279207296, 1.299210316303411, -0.007989756464882397, 0.14549798239118591
1.1745898661606564, -0.04001965568881152, 0.12937880658349615, 1.1896600584279253, -0.08264880016929341, 0.09500024719119826, 1.3136199039704521, -0.04584767095746059, 0.10370619813333593, 1.2985497117031832, -0.003218526476978706, 0.13808475752563382
1.1734361240307916, -0.033143878830473164, 0.12145361949834939, 1.18789656298111, -0.07519922013025702, 0.08611972679569342, 1.3123433563360818, -0.04023717544115669, 0.09543697181889242, 1.2978829173857633, 0.001818165858627166, 0.13077086452154837
1.172349637459809, -0.026165581522962156, 0.11364887961761977, 1.1862776459521513, -0.0676484723971386, 0.07743534148395481, 1.3111371539641947, -0.03435239712883565, 0.08731636525267122, 1.2972091454718524, 0.007130493745340791, 0.12352990338633618
1.1713250128374624, -0.019121553298571157, 0.10598103342192976, 1.1847967735897489, -0.06004374801952406, 0.06896582517648599, 1.3099972401503426, -0.028209664897214725, 0.07933859360018068, 1.296525479398056, 0.012712529823738172, 0.11635380184562445
1.1703517133255943, -0.012028539852103858, 0.09843818324870031, 1.183442719408883, -0.05241442204755543, 0.06070429822446248, 1.3089203147897872, -0.021842354432316982, 0.0715154840593014, 1.2958293087064985, 0.018543527763134587, 0.10924936908353923
1.1694194658383752, -0.004881173913402918, 0.09098326627248601, 1.1822047686950514, -0.044770901567075076, 0.05262201422593612, 1.307906870063938, -0.015298549667554942, 0.06387022230353454, 1.2951215672072618, 0.024591177986117214, 0.10223147435008442
1.1685232095955898, 0.002344110610329315, 0.0835629610540321, 1.181076472108313, -0.03710803105417147, 0.044676149428870215, 1.3069628366570911, -0.008635557538931886, 0.05642780772104769, 1.294409574144368, 0.030816584125568904, 0.09531461934620958
1.1676666110513891, 0.009679959739893199, 0.07611978050789456, 1.1800576792813149, -0.02941233057048187, 0.03681972622789803, 1.3060993196031352, -0.0019118962630950455, 0.049204838980310805, 1.2937082513732094, 0.03718039404728002, 0.08850489326030733
1.1668634219336875, 0.017156214464068086, 0.06860408894829902, 1.1791548347658616, -0.021671223638172844, 0.029011271152571055, 1.30533057513911, 0.004821470380446884, 0.04220140780456787, 1.293039162306936, 0.043648908482687813, 0.08179422560029583
1.166136198894945, 0.024788761382542154, 0.060983047770190646, 1.1783795051139443, -0.013881669993178792, 0.0212220217516952, 1.3046711009399872, 0.011528122915142696, 0.03539718482192453, 1.292427794720988, 0.050198554290863645, 0.07515821084041997
1.1655124395094834, 0.032572400064393985, 0.05324470999061891, 1.1777452397263557, -0.006055780416721605, 0.013439405424864683, 1.3041329579705472, 0.01818917229082833, 0.028752371996877062, 1.2919001577536748, 0.05681735277194392, 0.06855767656263129
1.1650190324238912, 0.04047951540871683, 0.04539707468210663, 1.177263336472278, 0.00177794683461438, 0.0056666630522895535, 1.3037240438279318, 0.02480138621510869, 0.022212681733542104, 1.291479739779545, 0.06350295478921114, 0.06194309336335918
1.1646766422771258, 0.04846433458258808, 0.03746320724826577, 1.1769386238158304, 0.009577718991539343, -0.002080628385350617, 1.3034473568954024, 0.031371337485819197, 0.015716524407367535, 1.2911853753566978, 0.07025795307686794, 0.05526036004098392
1.1644957475652356, 0.056470963931014466, 0.0294741727407771, 1.1767665457586935, 0.017294716682389043, -0.009779988353430413, 1.3033008646839224, 0.03790768668298657, 0.009202414073103737, 1.2910300664904644, 0.077083933931612, 0.04845657516731125
1.1644754088540719, 0.06444276067669366, 0.021461531318163626, 1.176732464257693, 0.024880893931668622, -0.01740829364261337, 1.3032776425540398, 0.044413982892203524, 0.002615099816179481, 1.2910205871504186, 0.08397584963722857, 0.04148492477695648
1.1646048266700966, 0.07233081708024341, 0.013450734526825726, 1.1768133822862645, 0.03229669087857734, -0.024947962183297305, 1.3033662758700544, 0.050883815114492276, -0.004090255257352333, 1.2911577202538864, 0.09091794131615835, 0.0343084414527707
1.1648668699632412, 0.08009999579487966, 0.005456227138801799, 1.1769816024681485, 0.03951727716648881, -0.0323923686748265, 1.3035517634670224, 0.05729924037813448, -0.010945780856275998, 1.291437030962115, 0.09788195900652531, 0.0269028149573523
1.1652423421269786, 0.08773167107296628, -0.002521352886495097, 1.177209411001139, 0.04653619290513427, -0.0397498613321041, 1.303817126672443, 0.06363256155250174, -0.01797004242634815, 1.2918500577982825, 0.10482803972033375, 0.01925846601926085
1.1657138300158114, 0.09522298081577059, -0.010495670539718234, 1.177473745277327, 0.05336555504590411, -0.04704564045710796, 1.3041456594135705, 0.06985086137831482, -0.025168235579317723, 1.292385744152055, 0.1117082871481813, 0.011381734338072005
1.1662683854826468, 0.10258305882566879, -0.018492739561930205, 1.1777598808669243, 0.060032550423599486, -0.054320658404064526, 1.3045234237820886, 0.07592214090996838, -0.0325333891449138, 1.2930319283978111, 0.11847264931203769, 0.0032945296972205235
1.166898795718486, 0.1098274211566104, -0.026546545830573004, 1.1780633814623243, 0.06657284141685421, -0.061626930046051034, 1.3049413737676598, 0.08182142495723116, -0.04004879832480826, 1.2937767880238216, 0.12507600469698735, -0.00496841410933023
1.1676036126105138, 0.11697219582357986, -0.034692750645404516, 1.178389875691107, 0.07302251689088261, -0.06901944944486758, 1.3053964860635412, 0.08753499224003168, -0.04769179179230155, 1.294610222982948, 0.13148467117272894, -0.013365092992838487
1.1683863107176742, 0.12402982215557018, -0.042961648360927765, 1.1787526658491396, 0.07941077365964469, -0.0765461565843124, 1.3058915154046251, 0.09306131734504422, -0.05543844257259037, 1.2955251602731597, 0.1376803658409697, -0.021853934349205743
1.1692539153246742, 0.13100704722006243, -0.05137202080865655, 1.1791686959650485, 0.08575517035075877, -0.0842384895063831, 1.3064334024633344, 0.0984084816293733, -0.06326831560172548, 1.29651862182296, 0.14366035849867695, -0.03040184690399893
1.1702152838476965, 0.13790488775245605, -0.05992741073509715, 1.1796538805497419, 0.0920601880085977, -0.09210529751610887, 1.307030793801175, 0.10358928117643187, -0.07116820169877423, 1.2975921970991295, 0.14943398092029023, -0.03899031491776252
1.1712790847221979, 0.14471941103641545, -0.06861563206411245, 1.1802190507345842, 0.09831863213250529, -0.10013205198782565, 1.3076914174465606, 0.10861625842446784, -0.07913408500055621, 1.2987514514341743, 0.155017037328378, -0.047617665076843
1.1724515042957047, 0.15144216969722984, -0.07741144436421656, 1.1808677070382354, 0.10451476147299936, -0.10828580085553534, 1.3084200972513484, 0.11349889627349212, -0.08717104125926527, 1.3000038945088177, 0.1604263044977226, -0.056296684767946484
1.1737338255372247, 0.15805975908774186, -0.08628167028436505, 1.1815963919499723, 0.11062803372735944, -0.11652487578150746, 1.3092180082175813, 0.11824434619975008, -0.09529106205043038, 1.3013554418048336, 0.1656760715601325, -0.06504785655328797
1.1751201784570877, 0.16455273586238228, -0.09519177231958358, 1.1823978962630461, 0.11663665625158336, -0.12481143028972917, 1.310083484538955, 0.12286183315817849, -0.10350890182204249, 1.3028057667329966, 0.1707779127689774, -0.0738892438518969
1.1765958833915733, 0.170894646754305, -0.10411291413755433, 1.1832667863037882, 0.12252039458921639, -0.13312447703589234, 1.3110143878266813, 0.12736973698424048, -0.11183611910288369, 1.3043434849144664, 0.1757439891493291, -0.08282455620454568
1.178136917491068, 0.17705216035742335, -0.11302865825622119, 1.1842060133840728, 0.12826240258864866, -0.14147097904594932, 1.3120117079758795, 0.13180340097037022, -0.12027367354816182, 1.3059426120828748, 0.18059315873914492, -0.09183135275843368
1.1797112554788178, 0.18298752202669658, -0.12194063499453833, 1.1852328745944427, 0.1338505651142076, -0.14989257925110422, 1.3130835781038783, 0.13622085210166698, -0.12880373500255704, 1.3075619589882534, 0.18535780901415597, -0.10085179074599117
1.1812832348010054, 0.1886649008538152, -0.1308727059272008, 1.1863826292939939, 0.13928009930932755, -0.15846577665549139, 1.3142481725448554, 0.14070284884086898, -0.1373816918299035, 1.309148778051867, 0.19008765038535663, -0.10978862110161293
1.1828224118700148, 0.19406237618598665, -0.1398730841623249, 1.1877087174761485, 0.14456021639852507, -0.1672938827265551, 1.3155333000597285, 0.14534342748281032, -0.1459298318997338, 1.3106469944535948, 0.1948455872702719, -0.11850903333550361
1.1843178697202195, 0.19919054639515918, -0.14901307238373504, 1.1892793404408653, 0.14972692480657987, -0.17648986163630245, 1.3169706827941448, 0.15022825155592803, -0.15433518358610473, 1.312009212073499, 0.19969187314450734, -0.12685839433353732
1.185796716609905, 0.20411599034080194, -0.15837944245556193, 1.1911704796727016, 0.1548600771805301, -0.18615024887692252, 1.3185848782784517, 0.1554016259746501, -0.16245557114460105, 1.3132111152156551, 0.20465753913492193, -0.13468476472324045
1.1873415864124042, 0.2089823373368328, -0.16805661933123767, 1.193455449229133, 0.1600959115946579, -0.19632281928123163, 1.3203806246931593, 0.1608296604186294, -0.17013844519878685, 1.3142667618764305, 0.20971608616080428, -0.14187224524879288
1.1890986393843463, 0.21401488845418837, -0.17809835970635332, 1.1961925480936344, 0.165620772251257, -0.2069761362163525, 1.3223358125648716, 0.16637518895305337, -0.1772529519323706, 1.3152419038555836, 0.21476930515598475, -0.1483751754223714
1.191269386819198, 0.21949284910906502, -0.18849835197983728, 1.1994164187583627, 0.17163516721616484, -0.2179857756451934, 1.3244058277814925, 0.17180316289047826, -0.18372531141158738, 1.3162587958423277, 0.21966084478337844, -0.15423788774623126
1.1940886474351708, 0.22568504638924156, -0.19917840416580782, 1.2031416081362283, 0.17829414889052433, -0.22915150438602513, 1.326536639919101, 0.17682430317066009, -0.18955774623068403, 1.3174836792180435, 0.2242152006693773, -0.1595846460104667
1.1978002814469901, 0.23276845337546195, -0.21000833332336402, 1.2073817339602382, 0.18564966081683218, -0.2402449858423383, 1.3286754634912752, 0.18116166207178327, -0.19481538047627725, 1.3190940109780271, 0.22828045463041305, -0.16457872795730297
1.2026410582728613, 0.2407632093067423, -0.2208510770376812, 1.2121757122938057, 0.19362201772564738, -0.2510676027978574, 1.3307699553322767, 0.18460998137068926, -0.19958606514726857, 1.3212353013113323, 0.23175117295178418, -0.16936953938709237
1.2088311321004415, 0.24950604408898405, -0.2316080358051426, 1.217605603479272, 0.2020065626713338, -0.2614919431312668, 1.3327595314572884, 0.18706839899869768, -0.20393689003144516, 1.323985060078458, 0.23456788041634793, -0.174052982705321
1.2165593001702482, 0.25865923976095867, -0.24224011972958492, 1.223795096192595, 0.21049971707090634, -0.27147269796328377, 1.3345731516273782, 0.1885501293819645, -0.20789126958696058, 1.3273373556050314, 0.23670965207201686, -0.17865869135326168
1.225951117356568, 0.267741981554004, -0.25275475733215236, 1.2308859228826392, 0.21872695157732885, -0.28102867695440303, 1.336148081811887, 0.189180994218056, -0.2114364769512573, 1.3312132762858158, 0.23819602419473118, -0.18316255732900658
1.2370182989853165, 0.27618213325010266, -0.26316482653013434, 1.238995337381486, 0.2262713048242906, -0.2902062859032752, 1.3374733795139848, 0.18918549383526445, -0.21455658107215242, 1.3354963411178153, 0.23909632226107652, -0.18751512169901158
1.249606904252163, 0.28339980385858615, -0.27343791215751995, 1.2481661126796544, 0.23271681708498965, -0.29903867330542394, 1.338641941843974, 0.1888441702235644, -0.217273918096339, 1.3400827334164824, 0.2395271569971609, -0.19167315694843506
1.2633807690658903, 0.2889240815040806, -0.2834628082319639, 1.258333876817229, 0.23771736572102614, -0.3075177689956792, 1.339874823435332, 0.1884151200405688, -0.21967402934687152, 1.3449217156839932, 0.23962183582362326, -0.1956190685831562
1.2778721786363538, 0.29250827940774665, -0.2930555047257911, 1.269339342368878, 0.24107381721242813, -0.31559273623080975, 1.3414847458342398, 0.18804859398566806, -0.22189360891058107, 1.3500175821017157, 0.23948305618098656, -0.19935637740556245
1.2925898825848163, 0.29418493697895487, -0.30200231772105934, 1.2809871880547963, 0.24277852595373117, -0.3231918997166723, 1.3437864795190673, 0.18774874215578624, -0.22407514085755229, 1.3553891740490873, 0.23915515318100994, -0.20288555886193935
1.3071285150751508, 0.294230511151024, -0.3101114629700226, 1.2931166670982603, 0.24300136624255214, -0.3302480671579015, 1.347007060379198, 0.18740973006134562, -0.2263175350765048, 1.3610189083560884, 0.23863887496981748, -0.20618093088862596
1.3212250569768358, 0.2930687430019783, -0.31724395147192175, 1.3056426738829665, 0.2420338801989035, -0.3367085890433542, 1.3512470061317132, 0.1868967921974395, -0.22865162995757984, 1.3668293892255825, 0.23793165500051433, -0.20918699238614738
1.3347530459609485, 0.2911683047829571, -0.3233175675931995, 1.3185537866533554, 0.24022938615732314, -0.3425282564703951, 1.3564990104214627, 0.1861186866341596, -0.23104573680788398, 1.3726982697290557, 0.23705760525979352, -0.21183504793068836
1.3476825348546428, 0.2889689823949539, -0.32829669893269414, 1.3318798326582517, 0.23796164757151878, -0.34765558313355044, 1.362694223355556, 0.1850615620857883, -0.2334268026902826, 1.378496925551947, 0.23606889690922342, -0.21406791848942636
1.3600379200389476, 0.28683865937753517, -0.33218247965783876, 1.34564663795525, 0.2355995050599321, -0.3520238522112763, 1.36974339997761, 0.18378772621919517, -0.23570082941098838, 1.3841346820613076, 0.23502688053679824, -0.21585945685755079
1.3718716507531425, 0.28505011388424695, -0.33500915369591494, 1.359832240125038, 0.2334826885469671, -0.3555540614789145, 1.377555713704063, 0.18241657524493632, -0.2377648830433819, 1.3895951243321676, 0.23398400058221613, -0.21721997526038228
1.383257417814438, 0.28377128026286236, -0.33684335932449005, 1.37434042342461, 0.2318884189911017, -0.358171648456697, 1.3860336716138282, 0.18109976814785078, -0.2395127217284155, 1.3949506660036561, 0.2329826294196114, -0.21818443259620854
1.394295020465246, 0.2830710931744609, -0.33777816513841125, 1.3890083349546551, 0.23099451090222664, -0.35983084151012007, 1.3950547643779476, 0.17999278751395129, -0.24084166173878546, 1.4003414498885385, 0.23206936978618556, -0.21878898536707664
1.4051110849794155, 0.28294287833128445, -0.33791667709049134, 1.403649951749795, 0.23085983656940876, -0.36053219942617953, 1.4044587086589166, 0.17922305673810981, -0.24166610299445557, 1.4059198418885372, 0.23130609849998549, -0.21905058065876737
1.4158427475103181, 0.2833371158556862, -0.3373500830379735, 1.4181104121647672, 0.2314386842816578, -0.36032072728603176, 1.4140557672922185, 0.17886254706500404, -0.24193377846846528, 1.4117881026377694, 0.23076097863903244, -0.21896313422040695
1.4266075849229907, 0.2841884253787412, -0.3361420417803565, 1.4322972868331827, 0.23262166144607965, -0.35926640446749475, 1.4236544933924948, 0.17891759909105362, -0.24163419880888662, 1.4179647914823028, 0.2304843630237152, -0.21850983612174843
1.4374765424820648, 0.28542843918294764, -0.334326752723633, 1.4461765243749882, 0.23427895010221664, -0.35744125210914823, 1.433092492377582, 0.17934025462717829, -0.2407934581043243, 1.4243925104846586, 0.23048974370790926, -0.217678958718809
1.4484631101949872, 0.28698833333951934, -0.3319180270047886, 1.4597468581242983, 0.23628823449040515, -0.354905349801448, 1.442255970208926, 0.18005251368583244, -0.2394593773921775, 1.4309722222796148, 0.23075261253494664, -0.2164720545955182
1.4595293932427296, 0.2887988989815073, -0.3289222122814155, 1.4730125208294174, 0.2385455589564204, -0.3517048171984152, 1.4510853722560475, 0.18097096339075583, -0.23768496760681337, 1.4376022446693597, 0.23122430341584274, -0.21490236268981364
1.4706024939820783, 0.29079220947880624, -0.32534982478487756, 1.4859654948539238, 0.240965651011015, -0.3478783017744003, 1.4595710558712875, 0.18202402317233937, -0.23551559399944968, 1.444208054999442, 0.2318505816401306, -0.21298711700992698
1.4815951618103207, 0.29290453030133, -0.3212236634918897, 1.4985799157709931, 0.24347783587708993, -0.3434668649518464, 1.4677424103160432, 0.1831600080281414, -0.23298171707711823, 1.4507576563553708, 0.23258670245238147, -0.21073851561716156
1.4924271753165483, 0.2950787025083678, -0.3165821701751359, 1.5108173393029098, 0.2460209126715203, -0.33852243281892447, 1.4756519187892378, 0.1843474067192223, -0.23009765768128124, 1.4572617548028763, 0.23340519655606987, -0.20815739503749267
1.5030443583685895, 0.2972649502374817, -0.311476999383827, 1.522639654870218, 0.24853875622654076, -0.33311082410858206, 1.4833562400056621, 0.1855696949452127, -0.22686643301932252, 1.4637609435040337, 0.2342958889561536, -0.20523260829456746
1.513431053351661, 0.2994201149891928, -0.30596509360153407, 1.5340243389009967, 0.2509777823349952, -0.32730746922618265, 1.4908986721903341, 0.18681714517139306, -0.22328944430010828, 1.4703053866409985, 0.23525947782559062, -0.2019470686754597
1.5236121615100744, 0.3015057315074687, -0.30009809286888944, 1.5449755728481354, 0.25328660089083394, -0.32118742900298136, 1.498298189284376, 0.18807823284618871, -0.2193775542334101, 1.4769347779463151, 0.23629736346282346, -0.19828821809931813
1.5336440591044818, 0.30348522089927427, -0.293913635709694, 1.5555264996295495, 0.2554169530496236, -0.3148143635104458, 1.5055478092153638, 0.18933323804042773, -0.21515879108689107, 1.483665368690296, 0.2374015058900784, -0.19425806328613926
1.543598040957645, 0.30532045068258856, -0.28743219046326624, 1.5657321924388352, 0.25732431626230284, -0.30823340242116887, 1.5126209706432867, 0.19055194039220968, -0.21067927416384155, 1.4904868191620966, 0.2385480748124954, -0.18987806220593897
1.5535422210414709, 0.30696835520927757, -0.28066007359733514, 1.5756569142981942, 0.2589671650993123, -0.3014703136293003, 1.5194820258514559, 0.19169576562230148, -0.20599727701476223, 1.4973673325947325, 0.2396969557322667, -0.18518703698279704
1.5635268673881646, 0.30837884932682724, -0.27359659274881665, 1.585360605283731, 0.2603053294538531, -0.29453613850631766, 1.52609715936186, 0.19272301603643752, -0.2011732181866551, 1.5042634214662935, 0.2407965359094116, -0.18023367242915408
1.5735755688975344, 0.30949529968586564, -0.26624232159178735, 1.5948884170356075, 0.26129894608021953, -0.28743463159713983, 1.5324436083933395, 0.19359478113329778, -0.19625924060554292, 1.5111307602552664, 0.24179113473894384, -0.1750669306001905
1.583682542060305, 0.3102581468554875, -0.25860602456514575, 1.6042652079375233, 0.26190939512982386, -0.2801696993901132, 1.5385161294788505, 0.19427917881259257, -0.1912912851225319, 1.5179334636016322, 0.24262793053825618, -0.16972761029756445
1.5938154964206657, 0.3106111470627672, -0.2507085968234401, 1.613495445733483, 0.262102529862362, -0.2727506850264552, 1.544329764725083, 0.1947525719177394, -0.18628536402721388, 1.5246498154122659, 0.24326118911814457, -0.16424327582419881
1.60392316491244, 0.3105085444944999, -0.24258303684076238, 1.6225680163414602, 0.2618531249327591, -0.26519408861773036, 1.549917919272919, 0.19499789677253668, -0.1812387322455717, 1.5312730678438988, 0.24365331633427753, -0.1586276804686037
1.6139460279990532, 0.30992077903144993, -0.23427017239577985, 1.6314645470146218, 0.26114851278833734, -0.25752114091350176, 1.5553254844784723, 0.19500161525094356, -0.17613569318300254, 1.5378069654629036, 0.24377388149405615, -0.15288472466528064
1.6238277667713856, 0.308836573749047, -0.22581097132182024, 1.6401688714866782, 0.25998941313425267, -0.24975179830328295, 1.5605983304813316, 0.1947513684520321, -0.17095657934834255, 1.544257225766039, 0.24359852906682636, -0.14701575236687983
1.6335242489516844, 0.30726060383655796, -0.21723757916076972, 1.6486746594132524, 0.258387129420906, -0.24189703092654566, 1.5657721059264074, 0.1942357822724614, -0.16568724622405137, 1.5506216954648393, 0.24310925668811334, -0.14102779445827543
1.643007241132044, 0.305207890637637, -0.2085659696755697, 1.6569886194493715, 0.25635805086431374, -0.2339520724577693, 1.570863831793273, 0.19344640916772918, -0.16032594740536357, 1.5568824534759456, 0.24229624894105248, -0.13493984462316397
1.6522617115412752, 0.30269753028019275, -0.1997926474710385, 1.6651281235098463, 0.2539177631848534, -0.22589302611157683, 1.5758688563368441, 0.19238044745646424, -0.1548852659956346, 1.563002444368273, 0.24116021455180356, -0.12878488735509627
1.6612777963471468, 0.2997485534672183, -0.1908963813119805, 1.6731139450145551, 0.2510773091827224, -0.21767800868079323, 1.5807638990208777, 0.19104245916446363, -0.14938858205960354, 1.5689277503534693, 0.2397137034489595, -0.1226069546907908
1.6700402509865981, 0.29637966044740394, -0.1818443209216114, 1.6809602717491006, 0.24784328897093474, -0.2092526005181986, 1.5855150545990642, 0.18944385943075698, -0.1438624089558228, 1.5745950338365617, 0.2379802309072262, -0.1164541293592356
1.6785189628601045, 0.2926129372897686, -0.17260084025390332, 1.688664877749873, 0.2442221035951055, -0.20055844432480013, 1.5900883123189087, 0.18759997352955732, -0.1383269801392697, 1.5799423974291402, 0.23599080722422044, -0.11036937606837287
1.6866638785873165, 0.2884800779340918, -0.1631372139127492, 1.696202365384254, 0.24022722206465286, -0.19154353662562074, 1.5944594933099605, 0.18552548495230609, -0.13278753319647596, 1.584921006513023, 0.23377834082174503, -0.10438121048360444
1.6944066791724044, 0.28402846110361407, -0.1534403753821467, 1.7035228251669032, 0.23588712374712553, -0.18217271812922778, 1.5986205593395897, 0.1832299309181584, -0.12722824918404055, 1.5895044133450908, 0.23137126827464696, -0.09849590643695945
1.7016697979516846, 0.27932393042050047, -0.1435190754475263, 1.7105570709207663, 0.23125076721508858, -0.17243667145063257, 1.6025801641863042, 0.18071536133889404, -0.12161029675219913, 1.5936928912172226, 0.22878852454430593, -0.09269270074909287
1.7083810424107073, 0.27444771001734614, -0.13340572830629466, 1.7172277797940827, 0.22638755359229493, -0.1623573535123034, 1.6063581896583121, 0.17797796060629553, -0.11587504192976526, 1.5975114522749367, 0.2260381170313467, -0.08692341672375654
1.7144897195018671, 0.26948686207252454, -0.12315258592542035, 1.7234637857983037, 0.22138030583040733, -0.15198772734402918, 1.609976384402388, 0.17501395821527807, -0.10995284262626996, 1.6010023181059514, 0.2231205144573953, -0.08111770120766111
1.7199789097762752, 0.2645206041018818, -0.11282216509107763, 1.7292133578056996, 0.21631260705936958, -0.14140457210555063, 1.6134489726487764, 0.17182784167654055, -0.10377648714133551, 1.604214524619352, 0.22003583871905272, -0.07519408012686253
1.7248694619702833, 0.25960715487290703, -0.10247395723995033, 1.7344524792340628, 0.2112546120517197, -0.13069517944678163, 1.6167770320115027, 0.16843907126879887, -0.0972963982049986, 1.6071940147477233, 0.2167916140899862, -0.06907517599816727
1.729214335227399, 0.2547758983968391, -0.09215134557155752, 1.7391860405601838, 0.20625236273627853, -0.11994112030534076, 1.619948399284108, 0.1648837083375231, -0.09049321144657496, 1.6099766939513231, 0.21340724399808367, -0.06270343671279172
1.733085582518105, 0.250027250237282, -0.08187305382596302, 1.7434424545424416, 0.20132395741429482, -0.10920370456958561, 1.6229421234577022, 0.16120981312665156, -0.08338344824749735, 1.6125852514333656, 0.20991310594963875, -0.05605279750387476
1.7365585894632758, 0.24533926158660552, -0.0716319199792576, 1.7472641585441677, 0.1964627802816828, -0.09851537894390335, 1.6257347782342226, 0.15746854843433278, -0.07601605441813546, 1.6150292091533307, 0.2063450297392555, -0.049132595453489705
1.7396982427232242, 0.24067781339831504, -0.06140112987032977, 1.7506970863137055, 0.19164544623068294, -0.08787927953397962, 1.6283060395722722, 0.15370459674788642, -0.06846063853982086, 1.6173071959817908, 0.20273696391551851, -0.04198248887617101
1.7425500985910598, 0.23600709183501134, -0.05114560432721314, 1.753781707695277, 0.1868413737684294, -0.07727648881142916, 1.630642195674652, 0.14994902970688523, -0.060790872991356756, 1.6194105865704347, 0.19911474777346716, -0.034659988507140735
1.7451376432998746, 0.2312981496856284, -0.04083490460855292, 1.7565473157989178, 0.18202162513803555, -0.06667834675496714, 1.6327374863682909, 0.14621606171109802, -0.053067771306492734, 1.6213278138692477, 0.19549258625869087, -0.02722432916007851
1.7474652408373315, 0.22653449372747328, -0.03045392678614279, 1.7590103558901218, 0.17716569889428072, -0.05606002791723979, 1.6345936934994638, 0.14250357104614256, -0.04532732030879696, 1.6230485784466735, 0.19187236587933512, -0.019721219177699957
1.7495253866147824, 0.22171419611960524, -0.020008510474443086, 1.7611767651607677, 0.17226554055624765, -0.04541157802453599, 1.6362184285227184, 0.13879657977389542, -0.037575586140839945, 1.624567049976733, 0.18824523533725301, -0.012172518590747038
1.751308104387224, 0.2168482989163884, -0.009524598222196727, 1.7630473650639744, 0.16732623274870567, -0.03474353398972978, 1.6376226429377674, 0.13507278669950307, -0.029792342464961902, 1.625883382261017, 0.1845948528671858, -0.004573406697428851
1.7528097415329593, 0.21195584642453608, 0.0009585437367606933, 1.764624415675634, 0.1623632088167163, -0.024085892172276517, 1.638818188632878, 0.1313091173845346, -0.02194191395684398, 1.6270035144902033, 0.1809017549923544, 0.003102521952193231
1.7540384993771518, 0.20705685457410766, 0.01139877939021892, 1.7659169910796904, 0.15739670002885287, -0.013481141940326501, 1.6398163767693725, 0.1274878672648102, -0.01398788966159504, 1.627937885066834, 0.177148021810065, 0.01089203166895038
1.755015151569136, 0.20216534128566252, 0.021761966663720034, 1.7669433195816702, 0.1524450861781377, -0.0029737370842513634, 1.6406279972049418, 0.12360079194633891, -0.00590733949980678, 1.6286998291924075, 0.17332104705386372, 0.018828364248164618
1.7557692231434765, 0.1972845041156413, 0.03203011033478913, 1.7677295278225418, 0.14751915941990135, 0.007400827371249318, 1.64126433361392, 0.1196499919840493, 0.002299439304457928, 1.6293040289348548, 0.16941533667978925, 0.02692872226799774
1.7563324972381418, 0.19240517198005547, 0.04220479558657225, 1.7683056245806759, 0.14261874786724466, 0.01762439291088787, 1.6417380430008142, 0.1156456103103784, 0.010606049561957143, 1.62976491565828, 0.1654320344231892, 0.035186452237641525
1.7567323083099893, 0.18750742227361428, 0.05230536474919406, 1.7687003439815239, 0.13773211516888312, 0.027699980688087017, 1.6420629043254011, 0.11160151869319068, 0.018964375089935898, 1.6300948686538665, 0.16137682579792184, 0.04356975915104294
1.7569866156335607, 0.18256446916538616, 0.062362579443399055, 1.7689364476830443, 0.13283775363160583, 0.03765032992597098, 1.6422522507980977, 0.10753061676931519, 0.02731480461520837, 1.6303024187486141, 0.15725733230309552, 0.05202705413263645
1.7571018705629766, 0.17754778886901657, 0.07240942865713972, 1.769027585875828, 0.12790794948904632, 0.047511564077871535, 1.6423167571885038, 0.10344099897123332, 0.035599627806615575, 1.6303910418756524, 0.15308083835120356, 0.060497492385883755
1.7570737904231428, 0.1724326069651106, 0.08247137740597439, 1.7689772803401864, 0.12291359476632367, 0.057323527425285584, 1.6422625962022697, 0.09933353830322621, 0.04377621178619613, 1.630359106285226, 0.14885255050201313, 0.06892406176688494
1.7568905747976802, 0.16720289071407055, 0.09255866386833546, 1.7687802129923054, 0.1178296860908812, 0.06711926197211192, 1.6420907070534032, 0.09520096943182672, 0.05182644446450162, 1.630201068858778, 0.14457417405501607, 0.07726584636072516
1.7565377276815923, 0.16185477511287708, 0.10266295380105345, 1.768425651942504, 0.11264055376703389, 0.07691654290382, 1.6417973714270448, 0.09102852696015369, 0.0597596530050954, 1.6299094471661333, 0.14024274830599687, 0.08550606390232884
1.7560032941708956, 0.15639726807619017, 0.1127594896863386, 1.7679023176971083, 0.10734337869641322, 0.08671396846215797, 1.6413758906649114, 0.08679630006391581, 0.06760792695335359, 1.6294768671386988, 0.13585018944369276, 0.09365344817753422
1.7552820447863975, 0.15084959892842534, 0.12281405369974731, 1.7672033521662347, 0.10194858449603253, 0.09649270841045128, 1.6408190360805666, 0.082483218371381, 0.07541513337936094, 1.6288977287007294, 0.13138423280377381, 0.10173647866865697
1.7543772661507102, 0.14523571706074653, 0.1327923956325766, 1.7663297258683341, 0.09647657983747306, 0.1062231418993503, 1.6401218831174988, 0.07807188976458805, 0.08322297208472847, 1.628169423399875, 0.12683102698786153, 0.10979222581795477
1.753299558024151, 0.13957759224093683, 0.1426691089521134, 1.7652908104972194, 0.09095168844974111, 0.11587412164820696, 1.6392844104696525, 0.07355287350302678, 0.09105823176807565, 1.6272931579965841, 0.1221787772942225, 0.11785321907198207
1.7520631479528324, 0.13388935860523368, 0.15243349337447673, 1.7641018770057433, 0.08539509403382546, 0.12542210121359645, 1.6383129636391427, 0.06892701856693363, 0.09892470955957529, 1.6262742345862318, 0.11742128313834184, 0.12593610172045558
1.7506811294712086, 0.1281738086217337, 0.1620911913395708, 1.7627793928574662, 0.07981871780786436, 0.1348578071315957, 1.6372197236040855, 0.06420529090386358, 0.10680160715199974, 1.6251214602178279, 0.11256038171773293, 0.13403499135997485
1.7491612636943854, 0.12242180008900916, 0.17166159067456999, 1.7613356266279374, 0.07422135664941842, 0.1441890200014609, 1.6360198892182831, 0.05940647431622717, 0.11464845096617893, 1.6238455262847311, 0.1076069177558179, 0.14212102163928803
1.7475035621666277, 0.1166144226326569, 0.18117180701412483, 1.7597740780664892, 0.06858774711216306, 0.15343892259867958, 1.6347271639492764, 0.05455362457813125, 0.12241517887774524, 1.622456648049415, 0.1025803000986251, 0.15014806329319047
1.7457001251630224, 0.11072746389449108, 0.19064864464983444, 1.7580868694905418, 0.06289083497508495, 0.16264033340849565, 1.6333488776354619, 0.049670062389075106, 0.1300549906883245, 1.6209621333079425, 0.09750669130848123, 0.15806330192966328
1.7437370045093215, 0.10473752153025062, 0.20011050459515745, 1.7562547497666967, 0.05709724049680448, 0.17182712295989794, 1.6318823080674176, 0.04477541098635027, 0.13753677062465974, 1.6193645628100424, 0.09241569201979641, 0.16582015225991925
1.7415973895614751, 0.0986286626337476, 0.2095616113203612, 1.7542498690362156, 0.05117527200987511, 0.18102513498849007, 1.6303134155843035, 0.039882202574934175, 0.14485357034857457, 1.617660936109563, 0.08733559319880667, 0.1733900466804457
1.739265193311954, 0.09239788682656079, 0.21899063343593664, 1.7520408810067738, 0.04510371632230238, 0.1902454905377257, 1.6286184605888976, 0.03499395141985516, 0.15202430803626063, 1.6158427728940779, 0.08228812192411357, 0.18076945093447158
1.7367280666579608, 0.08605739035678167, 0.228374414484851, 1.7495991667300652, 0.038878603278212444, 0.19948260192958014, 1.6267681625477115, 0.030105798612942998, 0.15908777169278362, 1.613897062475607, 0.07728458569151223, 0.18797958424805447
1.7339789617006645, 0.07963240075064887, 0.2376855265444736, 1.746904303124813, 0.032515223379300615, 0.20871748992432815, 1.6247334347900182, 0.025208238031964977, 0.16609065687921393, 1.6118080933658696, 0.07232541540331323, 0.1950586934993594
1.7310156724378227, 0.07315507251136084, 0.24690082930795948, 1.7439468229534112, 0.026044335484485537, 0.2179249116671359, 1.622491362225807, 0.02029306764654698, 0.17307344594190316, 1.6095602117102186, 0.06740380467342229, 0.20204936358272674
1.7278383555569847, 0.06665660227308792, 0.2560080734957515, 1.7407271214295512, 0.01950391672838518, 0.22708154656622634, 1.6200299504488231, 0.01535948303661415, 0.18005839709042706, 1.6071411845762567, 0.06251216858131689, 0.2089849240199522
1.7244457232336587, 0.060160257662933286, 0.2650087331142724, 1.7372507455268267, 0.012929459188981408, 0.2361725912158766, 1.6173503130219233, 0.010418106395692715, 0.18704276939363945, 1.6045452907287554, 0.05764890486964459, 0.2158789112920353
1.720831085389382, 0.053677268481318194, 0.2739167684270985, 1.733521536153851, 0.0063458775661197515, 0.24519514080213153, 1.6144654911186798, 0.005491770034438761, 0.19399857215825064, 1.6017750403542108, 0.052823160949637196, 0.22272019978321758
1.7169794796653544, 0.04720628934141085, 0.2827540683221694, 1.7295346612232407, -0.00023698150774317805, 0.25415785411150305, 1.611395978951224, 0.0006131928406262338, 0.2008785058177335, 1.5988407973933376, 0.04805646368978026, 0.2294747200283999
1.7128668025415368, 0.04073624555224643, 0.2915437439966759, 1.725271489179765, -0.006824428821911584, 0.2630771670601582, 1.6081629755546047, -0.004179550338251802, 0.2076266426774951, 1.5957582889163766, 0.043381124035906216, 0.23609321961401275
1.7084613344864858, 0.03425198640844293, 0.3003026399329729, 1.7206978154222496, -0.013432596966956799, 0.2719708725574058, 1.6047810402017508, -0.008848791075268534, 0.2141915514638898, 1.592544559265987, 0.03883579230013119, 0.24252331883945683
1.703727484470277, 0.027741855174387233, 0.3090347558261461, 1.7157663464686235, -0.020080276764722616, 0.2808505492809346, 1.6012519991337335, -0.013363376928764287, 0.22053879660321946, 1.589213137135387, 0.034458755010345565, 0.24872300314843088
1.6986310102759135, 0.021205603922161642, 0.3177275981702111, 1.7104234541982717, -0.026778527383483013, 0.2897150758064415, 1.5975616786563382, -0.01770395698204423, 0.22665929261765227, 1.58576923473398, 0.030280174323600424, 0.2546718149814219
1.693144419672381, 0.014660212402834896, 0.3263531904071489, 1.7046188752838751, -0.03352104020338227, 0.29854772753174, 1.5936805104722054, -0.02186568805998646, 0.2325705195025551, 1.5822060548607113, 0.026315564546230706, 0.26037598237796394
1.687250852482608, 0.008141027764440967, 0.3348740682120415, 1.6983155209680632, -0.04027899254726419, 0.30731840192866094, 1.5895684126094662, -0.02585657183021196, 0.2383095604349517, 1.578503744124011, 0.022563448481493203, 0.2658652267183323
1.6809448106553213, 0.0016971081865512425, 0.34325242836294173, 1.6914957950411322, -0.04700295549478387, 0.31599035716641893, 1.5851835384382365, -0.029691010206143828, 0.24391983166310943, 1.5746325540524255, 0.019009053475191287, 0.27118190285963223
1.6742289802529193, -0.004617641103893174, 0.35145895893944973, 1.6841617609973862, -0.05363128724640556, 0.3245286347954865, 1.580493369469263, -0.033380617123222205, 0.24943579254315323, 1.5705605887247962, 0.015633029019290187, 0.27636611668711647
1.667107936027446, -0.01075380577276049, 0.3594779520001596, 1.6763290545932632, -0.0601012785302974, 0.33290657821483766, 1.5754854208847253, -0.036926121962067814, 0.2548704733754987, 1.566264302318908, 0.012421350795469093, 0.2814418471608206
1.6595809311722156, -0.016672581471775437, 0.36730704247012214, 1.6680171417208236, -0.06635840185022307, 0.34110800422632026, 1.570174266146905, -0.04031381087671416, 0.26020923426997755, 1.561738055598297, 0.009372009501733466, 0.2864082725137794
1.651636445116394, -0.02234698887593425, 0.374952060719655, 1.659239796827156, -0.07236071210136116, 0.34912462314073806, 1.5646022713919978, -0.04351768458392519, 0.2654109531510747, 1.556998919681236, 0.006496038641501726, 0.29123839072999164
1.6432506915385867, -0.027758793846264836, 0.38241878194723083, 1.6499992626810813, -0.07807808701824526, 0.35694986908847354, 1.5588330717558, -0.046506104468805126, 0.27041608637863784, 1.5520845006133055, 0.003813188703175298, 0.29588499923739514
1.6343914999442006, -0.03289300039222673, 0.3897036305096081, 1.640286361936755, -0.08348784587412628, 0.3645709383985061, 1.5529384941624027, -0.04925049189068741, 0.2751600129615833, 1.5470436321698484, 0.0013443535912121274, 0.30029270507268535
1.625028175708603, -0.03773200900442141, 0.3967854126696953, 1.6300876114752263, -0.08856895671621501, 0.37196109279841233, 1.5469807956169677, -0.051733605522217674, 0.2795891595052505, 1.5419213598503443, -0.0008966578104240702, 0.30441347937653346
1.6151466067591709, -0.042251447522765814, 0.40362060454820403, 1.619398873849718, -0.09329714261224108, 0.37907482614492316, 1.5409931378229549, -0.053955258341383025, 0.2836761013100493, 1.5367408707324077, -0.0029095632519077555, 0.30822187971333015
1.6047663205279048, -0.046419626739169384, 0.4101452769705227, 1.608242498286736, -0.09764316076549939, 0.3858490684176966, 1.5349629046660196, -0.055933626197764874, 0.287428664613782, 1.5314867269071883, -0.004710092171434862, 0.31172487316660813
1.5939529218901936, -0.050202006035069066, 0.4162858570760344, 1.5966815245138297, -0.10157594410538094, 0.392212776366037, 1.5288244717139896, -0.057701012641409186, 0.2908886885371724, 1.5260958690903534, -0.006327074571097314, 0.3149617692471698
1.5828180542631678, -0.053570162248784234, 0.42197726757625614, 1.584822857423807, -0.10507040110706971, 0.3981037223467215, 1.5224679764146343, -0.05929484132407083, 0.29411994024160176, 1.520463173253995, -0.007794602465785349, 0.31799348547113643
1.5715029015263333, -0.05651193910458604, 0.4271819296184795, 1.572804664031791, -0.1081168253411694, 0.4034863365495421, 1.515765683242789, -0.060747349286139486, 0.2971902998933063, 1.5144639207373314, -0.00914246304955612, 0.32088589296224374
1.5601495204878535, -0.059037926423339694, 0.4319010669719525, 1.5607712057587524, -0.11072722079884686, 0.40836236789179703, 1.5086087552884104, -0.062078788344463585, 0.3001562276747999, 1.5079870700175115, -0.010389493968956422, 0.32369492675495537
1.548870724551068, -0.06118108593310594, 0.4361736159373082, 1.5488449431210416, -0.1129353194405526, 0.41276979895429133, 1.5009410402776884, -0.06329707922352826, 0.30305461677547174, 1.5009668217077148, -0.011542845716081586, 0.3264584337584886
1.5377282893472908, -0.0629901176149098, 0.44006490390458264, 1.5371053634809437, -0.1147906606183263, 0.4167720786591077, 1.4927783868582496, -0.06440297750335572, 0.3059011603180186, 1.4934013127245966, -0.012602434499939225, 0.32919398556349355
1.5267227872346842, -0.06451994890351484, 0.4436512954833559, 1.5255780213487264, -0.11634981077566497, 0.4204436474038933, 1.4842099667167405, -0.06539706725566044, 0.3086909651821692, 1.4853547326026983, -0.013567205383510313, 0.33189861326163184
1.5157929703010649, -0.0658229330448769, 0.4470059719837143, 1.5142320293549216, -0.11766803825262491, 0.4238567057024649, 1.475385159335964, -0.06628491595711707, 0.31139846708521157, 1.4769461002821072, -0.014439810749369047, 0.33454773336646093
1.504821941487267, -0.06694290384209706, 0.4501873260419473, 1.5029833995346822, -0.1187934075316314, 0.4270705565740876, 1.4664917169128926, -0.06707852717832946, 0.31397728423008714, 1.4683302588654774, -0.015228023488795123, 0.3370940536979468
1.4936497354588711, -0.0679126850305223, 0.45322848818960204, 1.491703919821128, -0.11976381571807936, 0.43012190800287187, 1.4577294260704385, -0.06779419351749642, 0.3163631626567973, 1.4596752417081817, -0.015943062829939358, 0.3394697428435275
1.4820937796327631, -0.06875460060912952, 0.45612612406131015, 1.4802374334198105, -0.12060658657096426, 0.43301410271848184, 1.4492816497988907, -0.0684482495737532, 0.31848285221408823, 1.4511379960118433, -0.016596263611918467, 0.34159487355691653
1.4699776822179913, -0.06948294189632814, 0.4588291599478277, 1.4684251960759742, -0.12133983935600026, 0.43570575248621224, 1.4412872317956882, -0.06905296019406904, 0.32026843979128017, 1.4428397179377053, -0.01719606273439691, 0.3433918472528956
1.4571647370518839, -0.07010734640896593, 0.4612321392849814, 1.4561387267458146, -0.1219749899602176, 0.43810348054107373, 1.4338175819983252, -0.06961462755083667, 0.32167187424140997, 1.4348435923043945, -0.017746983999584985, 0.34480053298531765
1.4435874178169767, -0.07063687653558759, 0.46317999492681045, 1.4433131844756824, -0.1225204668338869, 0.44006597637025596, 1.4268667053412931, -0.07013468597295058, 0.32267175467398995, 1.4271409386825875, -0.018251095674651264, 0.34578577323054444
1.4292618526174528, -0.0710857209743044, 0.46448735778232647, 1.4299701047913327, -0.12298743371099594, 0.4414233036318492, 1.42036205973725, -0.07061265850025877, 0.3232677773460954, 1.41965380756337, -0.018710945763567247, 0.3463318314965727
1.414280781948605, -0.07148148354228334, 0.4649667592749887, 1.416220241919514, -0.12339785570706147, 0.44200660256233765, 1.4141979709071297, -0.07104890328338753, 0.3234669146932683, 1.4122585109362207, -0.019132531118609405, 0.3464270714059194
1.398789251298708, -0.07187548105495536, 0.4644533652848169, 1.402246732898957, -0.12379348222574768, 0.4416760305984769, 1.4082818559714605, -0.07144576693161961, 0.3232722553504526, 1.4048243743712114, -0.01952776576082729, 0.34604959003679264
1.3829568800526513, -0.07235287823333775, 0.4628162985237139, 1.3882792103790917, -0.12424285487694006, 0.4403364603609811, 1.4025743315485997, -0.07180676714050263, 0.3226832996994599, 1.3972520012221592, -0.019916790496900323, 0.3451631378621927
1.3669612705047454, -0.07304025401307408, 0.45995648750497387, 1.3745716576714486, -0.1248435797598023, 0.43793973368541084, 1.3971050958416396, -0.07213352346211573, 0.32170697526797987, 1.3894947086749363, -0.020330197715387497, 0.3437237290875429
1.3509897217692046, -0.0741082376010125, 0.4557999972764496, 1.3613895559304328, -0.12571796160038134, 0.4344805264075955, 1.3919562618908201, -0.07242053434971131, 0.320369962763423, 1.381556427729592, -0.020810810350342452, 0.3416894336322771
