periods 0
begin filament
FOCUSADD Coils
0.4114417040521219 -0.02197921912825194 0.11642557122374692 150000.0
0.40989128089571075 -0.022108976998801842 0.11592008483394559 150000.0
0.40837100084148326 -0.022262429787979175 0.11535298750308026 150000.0
0.40688647980917286 -0.022443290497387195 0.11472535595939015 150000.0
0.40544295457869045 -0.022655099081077698 0.11403866448473568 150000.0
0.4040451109513797 -0.022901085953952117 0.11329475547808283 150000.0
0.4026969304393412 -0.023184032215572453 0.11249580405307243 150000.0
0.4014015625793015 -0.023506131992812377 0.11164427730770868 150000.0
0.40016122883289107 -0.023868862560584667 0.11074288900890321 150000.0
0.398977162594488 -0.0242728679111293 0.10979455054622589 150000.0
0.3978495881525775 -0.024717861197867824 0.10880231912367372 150000.0
0.3967777396251727 -0.025202550980719097 0.10776934426949633 150000.0
0.3957599190067292 -0.025724595459700995 0.10669881384441611 150000.0
0.3947935906189229 -0.026280587928519693 0.10559390080924101 150000.0
0.39387550754456935 -0.02686607554682299 0.10445771206478802 150000.0
0.39300186412989296 -0.02747561226566315 0.10329324069154752 150000.0
0.3921684674408925 -0.028102845399787163 0.10210332288610956 150000.0
0.39137091971475263 -0.028740633981912483 0.1008906008104643 150000.0
0.39060480339854836 -0.02938119571951568 0.09965749243583791 150000.0
0.3898658603355288 -0.030016278164308793 0.09840616927474413 150000.0
0.3891501570428846 -0.030637348655039504 0.0971385426567632 150000.0
0.3884542288013878 -0.031235796755310335 0.09585625892196967 150000.0
0.38777519640363717 -0.03180314232027592 0.09456070359093552 150000.0
0.3871108508230857 -0.032331242018503466 0.09325301423472396 150000.0
0.38645970269533453 -0.03281248712426159 0.09193410142739909 150000.0
0.3858209952608687 -0.03323998568359395 0.09060467683390802 150000.0
0.38519468121333406 -0.03360772273336804 0.0892652871848616 150000.0
0.38458136563772166 -0.033910693091304074 0.08791635263338086 150000.0
0.3839822188207214 -0.03414500229980003 0.08655820779288485 150000.0
0.3833988640920461 -0.03430793254979338 0.08519114363105276 150000.0
0.3828332469445699 -0.03439797177745873 0.0838154483533957 150000.0
0.38228749243268495 -0.03441480555538434 0.08243144545502645 150000.0
0.38176375823090153 -0.0343592728277396 0.08103952725185663 150000.0
0.3812640907368764 -0.03423328790324375 0.07964018241835556 150000.0
0.38079029123335095 -0.034039732361536595 0.07823401634922701 150000.0
0.380343798409872 -0.033782321595358045 0.07682176351361647 150000.0
0.37992559253299907 -0.03346545155917515 0.07540429136574492 150000.0
0.37953612530302344 -0.033094031891811884 0.07398259579532215 150000.0
0.3791752780171351 -0.032673311905733776 0.07255778852308405 150000.0
0.3788423491516845 -0.032208705981400854 0.07113107724910502 150000.0
0.37853607096054925 -0.03170562467708678 0.06970373972260209 150000.0
0.37825465324176544 -0.031169317380857747 0.0682770932021541 150000.0
0.3779958511237133 -0.030604731621426937 0.06685246099805522 150000.0
0.37775705262868464 -0.030016393257401693 0.0654311379214461 150000.0
0.3775353809361288 -0.02940831072654117 0.06401435650031354 150000.0
0.37732780572549107 -0.0287839054095686 0.06260325575817065 150000.0
0.3771312577477869 -0.028145969000703683 0.06119885419053417 150000.0
0.37694274085701157 -0.027496647632937396 0.059802028325933 150000.0
0.3767594361115346 -0.02683745143075927 0.05841349793582067 150000.0
0.37657879320055276 -0.02616928720188475 0.05703381857935243 150000.0
0.3763986053170999 -0.02549251117053091 0.05566338175568625 150000.0
0.37621706463212196 -0.024806998027102473 0.054302422511449296 150000.0
0.3760327966618372 -0.024112222141998742 0.05295103393815318 150000.0
0.37584487299764896 -0.02340734657341338 0.051609187616826424 150000.0
0.3756528030192184 -0.022691315488845742 0.050276758746114536 150000.0
0.37545650627579896 -0.02196294580610255 0.048953554443469154 150000.0
0.37525626814454144 -0.02122101422157412 0.04763934355038404 150000.0
0.37505268211310433 -0.02046433630389441 0.046333886210418854 150000.0
0.3748465825553586 -0.019691834956519345 0.04503696152585939 150000.0
0.37463897215447933 -0.018902596256416954 0.04374839173242063 150000.0
0.3744309481722808 -0.018095911419501013 0.0424680615529476 150000.0
0.3742236315759724 -0.017271304388623742 0.041195931687083465 150000.0
0.374018102634825 -0.01642854525116415 0.03993204574656785 150000.0
0.37381534602171707 -0.015567650338778603 0.03867653033422363 150000.0
0.37361620773894655 -0.01468887041533999 0.03742958836586719 150000.0
0.3734213653807985 -0.01379266880045118 0.03619148612484082 150000.0
0.3732313123969984 -0.01287969159210207 0.03496253489594512 150000.0
0.37304635618122295 -0.011950732337133424 0.03374306832873692 150000.0
0.3728666290244818 -0.011006693553229478 0.03253341691232028 150000.0
0.3726921102862082 -0.010048547438668738 0.031333881092136064 150000.0
0.3725226575806159 -0.009077297929073571 0.03014470461618974 150000.0
0.3723580443774531 -0.008093945991463663 0.028966049661522376 150000.0
0.3721980011896644 -0.007099459705820973 0.027797975164994316 150000.0
0.37204225747001674 -0.006094750295815819 0.026640419574449067 150000.0
0.37189058145847376 -0.005080654856607148 0.02549318896064434 150000.0
0.3717428154964464 -0.004057926111325947 0.024355951104478545 150000.0
0.3715989047293015 -0.003027229129805079 0.02322823581830038 150000.0
0.3714589176245113 -0.0019891445814453515 0.022109441396301617 150000.0
0.37132305730508214 -0.0009441777835166611 0.020998846739184767 150000.0
0.37119166329979997 0.00010722744245557002 0.019895628383332416 150000.0
0.3710652039068527 0.0011646712734650832 0.018798881403018528 150000.0
0.37094425992134156 0.0022277780225335945 0.01770764296069366 150000.0
0.3708295009599575 0.003296175224213284 0.01662091716552658 150000.0
0.3707216560033664 0.004369472952614431 0.01553769986965828 150000.0
0.37062148005105566 0.005447244568307066 0.014457002085187269 150000.0
0.37052971893462855 0.006529009951851072 0.01337787083767214 150000.0
0.37044707436146473 0.007614222103132695 0.0122994064739585 150000.0
0.3703741711664819 0.008702257778285146 0.011220775699265054 150000.0
0.37031152854728544 0.009792412610997758 0.010141219913308979 150000.0
0.37025953676474427 0.01088390093329736 0.009060058728299718 150000.0
0.37021844042875107 0.011975860282379357 0.007976688862522448 150000.0
0.37018832908204113 0.013067360363575305 0.006890578892053245 150000.0
0.3701691353690429 0.01415741604252168 0.0058012605917014196 150000.0
0.37016064065688775 0.015245003768068283 0.0047083177892322265 150000.0
0.3701624875850478 0.016329080686063254 0.00361137378277607 150000.0
0.3701741986785697 0.017408605596189647 0.002510078423102598 150000.0
0.3701951998833069 0.01848256083164386 0.001404095938091349 150000.0
0.3702248476809296 0.019549974105759 0.0002930944792570079 150000.0
0.37026245832270055 0.020609939370914737 -0.0008232617926220774 150000.0
0.3703073376848545 0.02166163577271622 -0.0019453174818294446 150000.0
0.37035881029101636 0.02270434385523809 -0.0030734272449716203 150000.0
0.3704162461604583 0.02373745827921758 -0.004207953518024574 150000.0
0.3704790843138354 0.02476049645184154 -0.005349260884747536 150000.0
0.3705468519868481 0.025773102630827185 -0.006497707544617134 150000.0
0.3706191788522148 0.02677504725260756 -0.007653634559145741 150000.0
0.370695805816389 0.027766221439397356 -0.008817353725087932 150000.0
0.37077658822525983 0.028746626856500205 -0.009989135029903196 150000.0
0.3708614935698457 0.02971636131214312 -0.011169194681512982 150000.0
0.37095059401798325 0.030675600709096144 -0.012357684668226112 150000.0
0.37104405430304765 0.031624578161214605 -0.01355468469804951 150000.0
0.3711421156703088 0.03256356126907187 -0.014760197196618578 150000.0
0.37124507671272644 0.03349282869702532 -0.015974145821219553 150000.0
0.37135327202032653 0.034412647299582086 -0.017196377690012688 150000.0
0.37146704962225635 0.035323251098750945 -0.01842666924840797 150000.0
0.3715867482211268 0.03622482340849585 -0.019664735417880302 150000.0
0.37171267520915563 0.03711748333171877 -0.020910241415806247 150000.0
0.37184508641910613 0.03800127771626407 -0.022162816416530964 150000.0
0.3719841685040484 0.038876179449221934 -0.023422068059852315 150000.0
0.37213002476198154 0.03974209269682302 -0.024687596716025856 150000.0
0.3722826651268659 0.04059886536775195 -0.025959008394514843 150000.0
0.37244200093821433 0.041446308701908206 -0.027235925240367262 150000.0
0.37260784497771166 0.04228422347932709 -0.028517992695411193 150000.0
0.3727799171233081 0.04311243192323186 -0.02980488260434847 150000.0
0.37295785581842056 0.0439308139577185 -0.031096291806423253 150000.0
0.37314123538586846 0.044739346096812654 -0.03239193605566778 150000.0
0.3733295890331394 0.04553814091065941 -0.03369153943766533 150000.0
0.37352243719868544 0.04632748475892759 -0.03499481977726096 150000.0
0.3737193206807952 0.04710787132174817 -0.03630147083800936 150000.0
0.3739198377756064 0.04788002841208152 -0.03761114237946956 150000.0
0.3741236844352603 0.048644935633271554 -0.038923419343965864 150000.0
0.37433069624936355 0.04940383065906838 -0.04023780157473711 150000.0
0.3745408908626864 0.05015820226150701 -0.04155368551154194 150000.0
0.3747545092806502 0.05090976868858406 -0.042870349262036866 150000.0
0.3749720543935251 0.05166044058526978 -0.04418694230756368 150000.0
0.37519432498217975 0.05241226833749268 -0.045502480876145085 150000.0
0.375422443463612 0.05316737447225105 -0.046815849714847375 150000.0
0.3756578757023274 0.05392787253526979 -0.04812581063455175 150000.0
0.3759024413602194 0.054695774653734895 -0.049431017802975014 150000.0
0.3761583134856562 0.05547289073615153 -0.050730039349770266 150000.0
0.3764280063505017 0.05626072292420246 -0.05202138444549349 150000.0
0.37671435092570454 0.0570603594540039 -0.053303534648933726 150000.0
0.3770204578309676 0.057872372471299664 -0.05457497800804413 150000.0
0.37734966808634884 0.058696724547474224 -0.05583424416880898 150000.0
0.3777054925137298 0.059532688638854726 -0.05707993860991185 150000.0
0.3780915411608281 0.060378786007728794 -0.058310774089818926 150000.0
0.3785114446243833 0.06123274617715732 -0.05952559747161082 150000.0
0.3789687696058245 0.0620914923312354 -0.060723410277910374 150000.0
0.37946693141604554 0.06295115471718989 -0.061903381615460745 150000.0
0.38000910643174657 0.06380711358541573 -0.06306485248216061 150000.0
0.38059814767345324 0.06465407205760496 -0.06420733090920634 150000.0
0.3812365067090341 0.06548615808884688 -0.06533047787375829 150000.0
0.38192616497660364 0.06629705344022879 -0.06643408441666665 150000.0
0.38266857736445065 0.06708014636077812 -0.06751804088733897 150000.0
0.3834646304879877 0.06782870354904512 -0.06858229968612664 150000.0
0.38431461757729807 0.06853605598063035 -0.06962683325783733 150000.0
0.38521823125371585 0.06919579239897483 -0.07065158938573608 150000.0
0.3861745747567207 0.06980195371559726 -0.07165644602596453 150000.0
0.38718219141549265 0.07034922128554974 -0.07264116799579051 150000.0
0.38823911137889355 0.07083309203512754 -0.0736053677800777 150000.0
0.38934291386173436 0.071250033729493 -0.07454847255031626 150000.0
0.3904908024723226 0.07159761427155732 -0.07546969920775587 150000.0
0.39167969059281654 0.07187459979988252 -0.07636803888128349 150000.0
0.39290629332212473 0.07208101746888008 -0.07724225185189519 150000.0
0.3941672221872633 0.07221818010361464 -0.07809087336353988 150000.0
0.39545907870186187 0.07228867136858202 -0.07891223024236857 150000.0
0.39677854290973 0.0722962916120752 -0.07970446771206734 150000.0
0.398122453297191 0.07224596607795196 -0.08046558529079331 150000.0
0.3994878748806199 0.0721436186464137 -0.08119348021221995 150000.0
0.4008721528559674 0.07199601560862207 -0.08188599645288419 150000.0
0.4022729499071221 0.0718105851359151 -0.08254097718922922 150000.0
0.40368826607440744 0.07159521902080894 -0.08315631836350465 150000.0
0.40511644094258953 0.07135806390274745 -0.0837300210145979 150000.0
0.40655613877527064 0.07110730951871133 -0.08426024012769116 150000.0
0.4080063180544116 0.07085098152391052 -0.08474532796841203 150000.0
0.4094661876362993 0.07059674611268102 -0.0851838701796551 150000.0
0.4109351523689668 0.07035173305136376 -0.08557471331382542 150000.0
0.41241275149738726 0.07012238284459114 -0.08591698292693467 150000.0
0.4138985934863728 0.069914322637962 -0.08621009184785856 150000.0
0.4153922910012523 0.06973227416789131 -0.0864537387288507 150000.0
0.4168933996978369 0.06957999566549375 -0.08664789745498014 150000.0
0.41840136419156176 0.06946025817224041 -0.08679279841517797 150000.0
0.4199154741172767 0.06937485529852576 -0.08688890299387048 150000.0
0.42143483258194686 0.06932464411769167 -0.08693687291200414 150000.0
0.4229583385868067 0.06930961369749522 -0.08693753621726706 150000.0
0.4244846841939797 0.06932897678010598 -0.08689185178909194 150000.0
0.42601236637996637 0.06938127937123968 -0.08680087418445641 150000.0
0.42753971270102176 0.0694645225170098 -0.08666572051154063 150000.0
0.42906491913848804 0.06957629034762451 -0.0864875407915653 150000.0
0.43058609783713836 0.06971387854994827 -0.086267492971022 150000.0
0.4321013319320257 0.06987441778190893 -0.08600672339714893 150000.0
0.4336087343066422 0.07005498713353456 -0.08570635319145836 150000.0
0.43510650695521386 0.07025271353351793 -0.08536747057293621 150000.0
0.4365929976419451 0.07046485394914394 -0.084991128817342 150000.0
0.4380667507562521 0.07068885827737766 -0.0845783492131091 150000.0
0.4395265496411353 0.07092241191881739 -0.08413012810588419 150000.0
0.44097144819767087 0.07116345810676436 -0.08364744692680692 150000.0
0.44240079020967915 0.0714102010763817 -0.08313128398340587 150000.0
0.4438142155502187 0.07166109205495623 -0.08258262676031143 150000.0
0.4452116531827965 0.07191480079285151 -0.08200248352828704 150000.0
0.4465933016108697 0.07217017590504382 -0.08139189318757757 150000.0
0.44795959811624947 0.07242619763568017 -0.08075193246387356 150000.0
0.4493111787210096 0.0726819267853833 -0.08008371981710873 150000.0
0.450648831275165 0.07293645345754537 -0.07938841569694459 150000.0
0.45197344438827963 0.07318884900138249 -0.07866721906475474 150000.0
0.4532859550713812 0.07343812408189293 -0.07792136038059017 150000.0
0.4545872979303487 0.07368319522410505 -0.0771520915064544 150000.0
0.45587835855817904 0.07392286150116957 -0.07636067318795203 150000.0
0.45715993342614614 0.07415579230650479 -0.07554836093199456 150000.0
0.4584326980969324 0.07438052641383236 -0.0747163901898004 150000.0
0.4596971850079924 0.07459548182835352 -0.07386596177753277 150000.0
0.4609537714378714 0.07479897530627348 -0.07299822842197187 150000.0
0.46220267761241063 0.07498924990098413 -0.07211428321066321 150000.0
0.4634439742728514 0.07516450850725852 -0.07121515056429606 150000.0
0.464677598453123 0.07532295113562551 -0.07030178014647398 150000.0
0.46590337573412566 0.07546281356396492 -0.06937504389796023 150000.0
0.467121046887305 0.07558240507902739 -0.06843573614589502 150000.0
0.4683302966088291 0.0756801432247896 -0.06748457651069643 150000.0
0.469530781990479 0.07575458379716038 -0.06652221513086719 150000.0
0.47072215847526483 0.07580444473902903 -0.06554923956326336 150000.0
0.47190410129609833 0.07582862306496137 -0.06456618260513987 150000.0
0.47307632077661044 0.07582620444752458 -0.06357353023234605 150000.0
0.4742385703581953 0.07579646559350481 -0.06257172885905529 150000.0
0.4753906467740146 0.07573886999624709 -0.061561191197534657 150000.0
0.4765323823819878 0.07565305804183851 -0.06054230012645925 150000.0
0.47766363025575986 0.07553883274911816 -0.059515410153862996 150000.0
0.47878424317677687 0.07539614262043798 -0.058480846273297436 150000.0
0.4798940481362845 0.07522506316310346 -0.05743890024390017 150000.0
0.48099281831289137 0.07502577860964635 -0.056389824560112475 150000.0
0.48208024471592575 0.0747985652252899 -0.055333824597612186 150000.0
0.48315590976232414 0.07454377735685852 -0.05427104961234155 150000.0
0.48421926497988804 0.07426183706851572 -0.05320158341492263 150000.0
0.4852696148068217 0.0739532278500676 -0.05212543563179977 150000.0
0.4863061081004561 0.07361849249988434 -0.05104253448940017 150000.0
0.48732773849947053 0.07325823490442923 -0.049952722015000825 150000.0
0.4883333542334487 0.07287312508672333 -0.04885575243896574 150000.0
0.48932167737619037 0.0724639066009432 -0.047751294413235 150000.0
0.4902913319329096 0.07203140512971157 -0.04663893744030545 150000.0
0.4912408795749615 0.07157653700906214 -0.045518202648959005 150000.0
0.49216886132596066 0.0711003163718248 -0.04438855777394751 150000.0
0.4930738430928882 0.07060385966487574 -0.04324943591475753 150000.0
0.493954462651588 0.07008838645419564 -0.04210025738202263 150000.0
0.49480947555665933 0.06955521567257693 -0.040940453707065845 150000.0
0.4956377974607752 0.069005756771262 -0.039769492706536756 150000.0
0.4964385404978535 0.0684414955876663 -0.0385869033733526 150000.0
0.49721104169854186 0.0678639751126792 -0.0373922993165501 150000.0
0.49795488184630976 0.06727477170765762 -0.03618539950112839 150000.0
0.4986698937213438 0.0666754676583618 -0.03496604514458886 150000.0
0.49935615928442195 0.06606762123801252 -0.03373421180481603 150000.0
0.5000139959868718 0.06545273566514756 -0.03249001593467952 150000.0
0.5006439330165781 0.06483222846954617 -0.031233715468627937 150000.0
0.5012466788654232 0.06420740281231756 -0.029965704328642526 150000.0
0.5018230820951368 0.06357942224164423 -0.028686501071985036 150000.0
0.5023740875561118 0.06294929020727372 -0.02739673223090508 150000.0
0.5029006905542964 0.06231783541432984 -0.026097111194730106 150000.0
0.5034038915502776 0.06168570378543246 -0.024788413738879574 150000.0
0.503884653907076 0.061053357438910015 -0.023471451497296354 150000.0
0.5043438669837134 0.06042108070261984 -0.022147044792225627 150000.0
0.5047823165144365 0.05978899279177878 -0.020815996270343192 150000.0
0.5052006637412979 0.05915706640957027 -0.019479066744099067 150000.0
0.5055994342104685 0.05852515120401976 -0.018136954504213453 150000.0
0.5059790165351773 0.05789300075371519 -0.016790279161076543 150000.0
0.506339670808696 0.05726030157425482 -0.01543957080160712 150000.0
0.5066815457579128 0.056626702547586734 -0.0140852649301327 150000.0
0.5070047031986953 0.055991843182649846 -0.012727703316265 150000.0
0.5073091479211205 0.055355379216906364 -0.011367140520575672 150000.0
0.5075948608223104 0.054717004257495566 -0.01000375553163601 150000.0
0.5078618329357049 0.05407646642544833 -0.008637667646369942 150000.0
0.5081100979878622 0.053433579289650625 -0.00726895547823633 150000.0
0.5083397612473081 0.052788226738511 -0.005897677799776679 150000.0
0.508551022705104 0.05214036181385613 -0.004523894828542212 150000.0
0.5087441930252031 0.051489999899997384 -0.0031476885543890655 150000.0
0.5089197011980653 0.05083720699847479 -0.001769180782271619 150000.0
0.5090780933911643 0.05018208410515369 -0.0003885477232152137 150000.0
0.5092200230786031 0.04952474892402089 0.0009939698028047822 150000.0
0.509346233111115 0.04886531628859253 0.002378061199268757 150000.0
0.5094575309199774 0.048203878709914716 0.003763346279011931 150000.0
0.5095547584997724 0.047540488427981524 0.005149380773601317 150000.0
0.5096387591565423 0.046875142214972784 0.006535666790634742 150000.0
0.5097103432181413 0.04620776997337341 0.007921667522348127 150000.0
0.5097702549691874 0.0455382279038675 0.009306825232656257 150000.0
0.5098191429901812 0.04486629670478797 0.010690581335828191 150000.0
0.5098575358548025 0.044191684927352225 0.012072397242073258 150000.0
0.5098858247860442 0.043514037270730666 0.013451774592284114 150000.0
0.509904254413903 0.042832947279876014 0.014828273539618572 150000.0
0.5099129222447139 0.04214797362720905 0.016201527857476274 150000.0
0.5099117868796392 0.04145865893418135 0.0175712558542538 150000.0
0.5099006844446196 0.04076454993406222 0.018937266342507954 150000.0
0.5098793521537532 0.04006521770201365 0.020299459227043338 150000.0
0.5098474574578336 0.03936027668643324 0.02165782062295764 150000.0
0.5098046308603701 0.03864940136510891 0.02301241276884649 150000.0
0.5097505002390521 0.037932339514185856 0.02436335933961485 150000.0
0.5096847244074215 0.03720892130581772 0.02571082706591156 150000.0
0.5096070236964791 0.036479063726259954 0.027055004813552306 150000.0
0.5095172055264255 0.03574277011174941 0.028396081450330592 150000.0
0.5094151832626707 0.03500012491479871 0.02973422391771914 150000.0
0.5093009870868136 0.034251284118101605 0.031069556924782214 150000.0
0.5091747661343549 0.03349646198760904 0.032402145590458356 150000.0
0.5090367817226935 0.03273591508315093 0.033731982183316724 150000.0
0.5088873920783313 0.03196992461015567 0.03505897785548981 150000.0
0.5087270295329884 0.03119877828958092 0.03638295995514797 150000.0
0.5085561716578177 0.030422752939856204 0.03770367514892467 150000.0
0.5083753082102016 0.029642098904197382 0.03902079821417387 150000.0
0.508184906051865 0.028857027323803908 0.040333945994245585 150000.0
0.5079853743411025 0.028067701061525965 0.04164269567140861 150000.0
0.5077770322956976 0.02727422983489763 0.04294660622335886 150000.0
0.5075600816662657 0.02647666983834748 0.04424524170922871 150000.0
0.5073345857617196 0.02567502784028361 0.04553819489428593 150000.0
0.5071004564480222 0.02486926945074834 0.04682510967862857 150000.0
0.5068574500251635 0.02405933098812857 0.048105700847938485 150000.0
0.5066051723085158 0.023245134146009306 0.04937976981151636 150000.0
0.5063430926368911 0.022426602487941073 0.05064721522620951 150000.0
0.5060705659400413 0.021603678689286334 0.051908037710795316 150000.0
0.5057868614617341 0.02077634140775769 0.05316233821554716 150000.0
0.505491196286383 0.019944620699436658 0.05441031000415822 150000.0
0.5051827714875226 0.019108611001932726 0.05565222460573555 150000.0
0.5048608085277616 0.018268480873383713 0.05688841247826253 150000.0
0.5045245835056651 0.01742447889375491 0.05811923946756356 150000.0
0.5041734569689711 0.016576935388738435 0.05934508042550165 150000.0
0.5038068972888433 0.01572625990968187 0.06056629154965014 150000.0
0.5034244959999697 0.014872934677508885 0.06178318311058931 150000.0
0.5030259740306486 0.014017504456760643 0.06299599423457931 150000.0
0.5026111783426713 0.013160563551161537 0.06420487130717363 150000.0
0.502180069134694 0.012302740790286742 0.06540985136228568 150000.0
0.5017326983937722 0.011444683496981627 0.06661085153238196 150000.0
0.501269181166648 0.010587041480046862 0.06780766527546452 150000.0
0.5007896614263162 0.009730452083552195 0.06899996568452736 150000.0
0.500294274796586 0.008875527244621637 0.07018731574976254 150000.0
0.4997831106411223 0.008022843371561377 0.071369185009351 150000.0
0.499256176106227 0.007172934663548688 0.07254497161790148 150000.0
0.498713364621036 0.006326290264691261 0.07371402850783722 150000.0
0.49815443110837493 0.005483355394303727 0.07487569204074304 150000.0
0.4975789757584686 0.004644536338183866 0.07602931136105023 150000.0
0.4969864376902007 0.003810208939112768 0.07717427658620758 150000.0
0.4963760992033782 0.002980730004423457 0.07831004400215914 150000.0
0.4957471006496004 0.0021564508679946387 0.07943615658032234 150000.0
0.4950984652620836 0.0013377322143206874 0.08055225838534322 150000.0
0.4944291326306427 0.000524959200762685 0.08165810178830774 150000.0
0.49373799892991194 -0.0002814440958614113 0.08275354681871314 150000.0
0.4930239615453784 -0.0010810018312050573 0.08383855245665019 150000.0
0.4922859654245942 -0.0018731759594460657 0.08491316015735531 150000.0
0.49152304833266697 -0.0026573588738284092 0.08597747038491448 150000.0
0.49073438222381577 -0.0034328695901001947 0.08703161338175801 150000.0
0.48991930815489904 -0.004198953726039822 0.08807571578867032 150000.0
0.48907736255108597 -0.004954787306471032 0.08910986503258522 150000.0
0.48820829316577735 -0.005699484205691949 0.09013407359735862 150000.0
0.4873120637241112 -0.006432106842147706 0.09114824537272423 150000.0
0.48638884696149864 -0.007151679575744606 0.09215214623208891 150000.0
0.48543900651979827 -0.00785720413612277 0.09314538082111631 150000.0
0.48446306889536417 -0.008547676336920664 0.09412737725365153 150000.0
0.48346168729723243 -0.009222103309398268 0.09509738102363173 150000.0
0.4824355998255621 -0.009879520517788445 0.09605445897128197 150000.0
0.4813855847820197 -0.010519007893836616 0.0969975136140037 150000.0
0.48031241614599735 -0.011139704541347429 0.09792530759522455 150000.0
0.47921682227539125 -0.011740821602744558 0.09883649744820429 150000.0
0.47809945071248794 -0.01232165303643268 0.0997296753466616 150000.0
0.47696084160180247 -0.012881584213022539 0.10060341704879636 150000.0
0.4758014116776492 -0.013420098387288203 0.1014563338613972 150000.0
0.47462145008686857 -0.013936781229247316 0.10228712617723765 150000.0
0.47342112651843027 -0.014431323692220877 0.10309463598715327 150000.0
0.47220051126611806 -0.01490352355118528 0.10387789574680471 150000.0
0.47095960600718645 -0.015353285957595398 0.10463617108892935 150000.0
0.4696983832940158 -0.015780623327241033 0.10536899510959502 150000.0
0.468416832080323 -0.01618565480942822 0.10607619230963779 150000.0
0.46711500608568557 -0.01656860548615353 0.10675789072213752 150000.0
0.46579307148048343 -0.016929805329227516 0.10741452128058884 150000.0
0.4644513502748694 -0.01726968781396427 0.10804680405381968 150000.0
0.46309035593367787 -0.01758878796381306 0.10865572156400008 150000.0
0.46171081811323866 -0.017887739495074904 0.10924247998399234 150000.0
0.4603136940099803 -0.018167270657606694 0.10980845955151569 150000.0
0.45890016459423777 -0.018428198337120064 0.11035515601433485 150000.0
0.4574716149327761 -0.018671420005286765 0.11088411531093151 150000.0
0.4560295988266757 -0.018897903179501085 0.11139686397777053 150000.0
0.45457578904641416 -0.019108672184602594 0.11189483794590227 150000.0
0.4531119154683123 -0.019304792189275836 0.11237931244093857 150000.0
0.45163969434104423 -0.019487350710814106 0.11285133563230978 150000.0
0.45016075267660893 -0.019657437029897334 0.1133116684970306 150000.0
0.4486765523137163 -0.019816120214992516 0.11376073308222383 150000.0
0.44718831850079344 -0.019964426704516924 0.11419857098615853 150000.0
0.44569697786262963 -0.020103318613394407 0.11462481344977045 150000.0
0.4442031103369375 -0.020233674098673198 0.11503866398197996 150000.0
0.4427069190999556 -0.020356271217705647 0.11543889395593537 150000.0
0.4412082216661146 -0.020471776726357794 0.11582385113251518 150000.0
0.4397064642847176 -0.02058074118255631 0.11619148061332867 150000.0
0.43820076052013024 -0.02068360153642531 0.11653935731668129 150000.0
0.4366899535565584 -0.02078069210282971 0.11686472872158657 150000.0
0.43517270038786865 -0.020872264432554764 0.1171645663478403 150000.0
0.43364757471507 -0.020958516138579665 0.11743562424086668 150000.0
0.43211318415680117 -0.021039628214232598 0.1176745026104361 150000.0
0.4305682963546283 -0.02111580982622722 0.1178777147300927 150000.0
0.4290119677892518 -0.02118734900771718 0.11804175523307518 150000.0
0.42744366866717803 -0.021254667147313906 0.11816316803141881 150000.0
0.42586339712523597 -0.021318374703128667 0.11823861222626746 150000.0
0.4242717762493636 -0.02137932519888698 0.11826492455634717 150000.0
0.42267012801142173 -0.021438664311499597 0.11823917713478892 150000.0
0.42106051917059784 -0.021497870760636088 0.11815872943930493 150000.0
0.41944577542227096 -0.021558785778569605 0.11802127373567176 150000.0
0.4178294615480763 -0.02162362818242998 0.1178248733200974 150000.0
0.41621582695325987 -0.021694992491432787 0.11756799315529518 150000.0
0.4146097176879085 -0.021775828119364148 0.11724952264357982 150000.0
0.4130164577481849 -0.021869398408615057 0.11686879042635115 150000.0
0.4130164577481849 -0.021869398408615057 0.11686879042635115 0
