periods 0
begin filament
FOCUSADD Coils
6.86437377405657 0.4691616295552621 0.062120686965237384 1620000.000000215
6.784726855749234 0.46174110444724764 0.06097866627103048 1620000.000000215
6.784726855749234 0.46174110444724764 0.06097866627103048 1620000.000000215
6.784726855749234 0.46174110444724764 0.06097866627103048 1620000.000000215
6.784726855749234 0.46174110444724764 0.06097866627103048 1620000.000000215
6.784726855749234 0.46174110444724764 0.06097866627103048 1620000.000000215
6.784726855749234 0.46174110444724764 0.06097866627103048 1620000.000000215
6.784726855749234 0.46174110444724764 0.06097866627103048 1620000.000000215
6.784726855749234 0.46174110444724764 0.06097866627103048 1620000.000000215
6.784726855749234 0.46174110444724764 0.06097866627103048 1620000.000000215
6.784726855749234 0.46174110444724764 0.06097866627103048 1620000.000000215
6.784726855749234 0.46174110444724764 0.06097866627103048 1620000.000000215
6.784726855749234 0.46174110444724764 0.06097866627103048 1620000.000000215
6.784726855749234 0.46174110444724764 0.06097866627103048 1620000.000000215
6.784726855749234 0.46174110444724764 0.06097866627103048 1620000.000000215
6.784726855749234 0.46174110444724764 0.06097866627103048 1620000.000000215
6.784726855749234 0.46174110444724764 0.06097866627103048 1620000.000000215
6.784726855749234 0.46174110444724764 0.06097866627103048 1620000.000000215
6.784726855749234 0.46174110444724764 0.06097866627103048 1620000.000000215
6.784726855749234 0.46174110444724764 0.06097866627103048 1620000.000000215
6.784726855749234 0.46174110444724764 0.06097866627103048 1620000.000000215
6.784726855749234 0.46174110444724764 0.06097866627103048 1620000.000000215
6.784726855749234 0.46174110444724764 0.06097866627103048 1620000.000000215
6.784726855749234 0.46174110444724764 0.06097866627103048 1620000.000000215
6.784726855749234 0.46174110444724764 0.06097866627103048 1620000.000000215
6.784726855749234 0.46174110444724764 0.06097866627103048 1620000.000000215
6.784726855749234 0.46174110444724764 0.06097866627103048 1620000.000000215
6.784726855749234 0.46174110444724764 0.06097866627103048 1620000.000000215
6.784726855749234 0.46174110444724764 0.06097866627103048 1620000.000000215
6.784726855749234 0.46174110444724764 0.06097866627103048 1620000.000000215
6.784726855749234 0.46174110444724764 0.06097866627103048 1620000.000000215
6.784726855749234 0.46174110444724764 0.06097866627103048 1620000.000000215
6.784726855749234 0.46174110444724764 0.06097866627103048 1620000.000000215
6.784726855749234 0.46174110444724764 0.06097866627103048 1620000.000000215
6.784726855749234 0.46174110444724764 0.06097866627103048 1620000.000000215
6.784726855749234 0.46174110444724764 0.06097866627103048 1620000.000000215
6.784726855749234 0.46174110444724764 0.06097866627103048 1620000.000000215
6.784726855749234 0.46174110444724764 0.06097866627103048 1620000.000000215
6.784726855749234 0.46174110444724764 0.06097866627103048 1620000.000000215
6.784726855749234 0.46174110444724764 0.06097866627103048 1620000.000000215
6.784726855749234 0.46174110444724764 0.06097866627103048 1620000.000000215
6.784726855749234 0.46174110444724764 0.06097866627103048 1620000.000000215
6.784726855749234 0.46174110444724764 0.06097866627103048 1620000.000000215
6.784726855749234 0.46174110444724764 0.06097866627103048 1620000.000000215
6.784726855749234 0.46174110444724764 0.06097866627103048 1620000.000000215
6.784726855749234 0.46174110444724764 0.06097866627103048 1620000.000000215
6.784726855749234 0.46174110444724764 0.06097866627103048 1620000.000000215
6.784726855749234 0.46174110444724764 0.06097866627103048 1620000.000000215
6.784726855749234 0.46174110444724764 0.06097866627103048 1620000.000000215
6.784726855749234 0.46174110444724764 0.06097866627103048 1620000.000000215
6.784726855749234 0.46174110444724764 0.06097866627103048 1620000.000000215
6.784726855749234 0.46174110444724764 0.06097866627103048 1620000.000000215
6.784726855749234 0.46174110444724764 0.06097866627103048 1620000.000000215
6.784726855749234 0.46174110444724764 0.06097866627103048 1620000.000000215
6.784726855749234 0.46174110444724764 0.06097866627103048 1620000.000000215
6.784726855749234 0.46174110444724764 0.06097866627103048 1620000.000000215
6.784726855749234 0.46174110444724764 0.06097866627103048 1620000.000000215
6.784726855749234 0.46174110444724764 0.06097866627103048 1620000.000000215
6.784726855749234 0.46174110444724764 0.06097866627103048 1620000.000000215
6.784726855749234 0.46174110444724764 0.06097866627103048 1620000.000000215
6.784726855749234 0.46174110444724764 0.06097866627103048 1620000.000000215
6.784726855749234 0.46174110444724764 0.06097866627103048 1620000.000000215
6.784726855749234 0.46174110444724764 0.06097866627103048 1620000.000000215
6.784726855749234 0.46174110444724764 0.06097866627103048 1620000.000000215
6.86437377405657 0.4691616295552621 0.062120686965237384 0.0 0,0,0 coil/filament1/filament2
6.861517065154956 0.4622364211635275 0.15364622163622624 1620000.000000215
6.781997270264852 0.45517393238380444 0.148476746530188 1620000.000000215
6.781997270264852 0.45517393238380444 0.148476746530188 1620000.000000215
6.781997270264852 0.45517393238380444 0.148476746530188 1620000.000000215
6.781997270264852 0.45517393238380444 0.148476746530188 1620000.000000215
6.781997270264852 0.45517393238380444 0.148476746530188 1620000.000000215
6.781997270264852 0.45517393238380444 0.148476746530188 1620000.000000215
6.781997270264852 0.45517393238380444 0.148476746530188 1620000.000000215
6.781997270264852 0.45517393238380444 0.148476746530188 1620000.000000215
6.781997270264852 0.45517393238380444 0.148476746530188 1620000.000000215
6.781997270264852 0.45517393238380444 0.148476746530188 1620000.000000215
6.781997270264852 0.45517393238380444 0.148476746530188 1620000.000000215
6.781997270264852 0.45517393238380444 0.148476746530188 1620000.000000215
6.781997270264852 0.45517393238380444 0.148476746530188 1620000.000000215
6.781997270264852 0.45517393238380444 0.148476746530188 1620000.000000215
6.781997270264852 0.45517393238380444 0.148476746530188 1620000.000000215
6.781997270264852 0.45517393238380444 0.148476746530188 1620000.000000215
6.781997270264852 0.45517393238380444 0.148476746530188 1620000.000000215
6.781997270264852 0.45517393238380444 0.148476746530188 1620000.000000215
6.781997270264852 0.45517393238380444 0.148476746530188 1620000.000000215
6.781997270264852 0.45517393238380444 0.148476746530188 1620000.000000215
6.781997270264852 0.45517393238380444 0.148476746530188 1620000.000000215
6.781997270264852 0.45517393238380444 0.148476746530188 1620000.000000215
6.781997270264852 0.45517393238380444 0.148476746530188 1620000.000000215
6.781997270264852 0.45517393238380444 0.148476746530188 1620000.000000215
6.781997270264852 0.45517393238380444 0.148476746530188 1620000.000000215
6.781997270264852 0.45517393238380444 0.148476746530188 1620000.000000215
6.781997270264852 0.45517393238380444 0.148476746530188 1620000.000000215
6.781997270264852 0.45517393238380444 0.148476746530188 1620000.000000215
6.781997270264852 0.45517393238380444 0.148476746530188 1620000.000000215
6.781997270264852 0.45517393238380444 0.148476746530188 1620000.000000215
6.781997270264852 0.45517393238380444 0.148476746530188 1620000.000000215
6.781997270264852 0.45517393238380444 0.148476746530188 1620000.000000215
6.781997270264852 0.45517393238380444 0.148476746530188 1620000.000000215
6.781997270264852 0.45517393238380444 0.148476746530188 1620000.000000215
6.781997270264852 0.45517393238380444 0.148476746530188 1620000.000000215
6.781997270264852 0.45517393238380444 0.148476746530188 1620000.000000215
6.781997270264852 0.45517393238380444 0.148476746530188 1620000.000000215
6.781997270264852 0.45517393238380444 0.148476746530188 1620000.000000215
6.781997270264852 0.45517393238380444 0.148476746530188 1620000.000000215
6.781997270264852 0.45517393238380444 0.148476746530188 1620000.000000215
6.781997270264852 0.45517393238380444 0.148476746530188 1620000.000000215
6.781997270264852 0.45517393238380444 0.148476746530188 1620000.000000215
6.781997270264852 0.45517393238380444 0.148476746530188 1620000.000000215
6.781997270264852 0.45517393238380444 0.148476746530188 1620000.000000215
6.781997270264852 0.45517393238380444 0.148476746530188 1620000.000000215
6.781997270264852 0.45517393238380444 0.148476746530188 1620000.000000215
6.781997270264852 0.45517393238380444 0.148476746530188 1620000.000000215
6.781997270264852 0.45517393238380444 0.148476746530188 1620000.000000215
6.781997270264852 0.45517393238380444 0.148476746530188 1620000.000000215
6.781997270264852 0.45517393238380444 0.148476746530188 1620000.000000215
6.781997270264852 0.45517393238380444 0.148476746530188 1620000.000000215
6.781997270264852 0.45517393238380444 0.148476746530188 1620000.000000215
6.781997270264852 0.45517393238380444 0.148476746530188 1620000.000000215
6.781997270264852 0.45517393238380444 0.148476746530188 1620000.000000215
6.781997270264852 0.45517393238380444 0.148476746530188 1620000.000000215
6.781997270264852 0.45517393238380444 0.148476746530188 1620000.000000215
6.781997270264852 0.45517393238380444 0.148476746530188 1620000.000000215
6.781997270264852 0.45517393238380444 0.148476746530188 1620000.000000215
6.781997270264852 0.45517393238380444 0.148476746530188 1620000.000000215
6.781997270264852 0.45517393238380444 0.148476746530188 1620000.000000215
6.781997270264852 0.45517393238380444 0.148476746530188 1620000.000000215
6.781997270264852 0.45517393238380444 0.148476746530188 1620000.000000215
6.781997270264852 0.45517393238380444 0.148476746530188 1620000.000000215
6.861517065154956 0.4622364211635275 0.15364622163622624 0.0 0,0,1 coil/filament1/filament2
6.871859574578309 0.389740352081362 0.056102092863414596 1620000.000000215
6.792212656270974 0.38231982697334754 0.05496007216920769 1620000.000000215
6.792212656270974 0.38231982697334754 0.05496007216920769 1620000.000000215
6.792212656270974 0.38231982697334754 0.05496007216920769 1620000.000000215
6.792212656270974 0.38231982697334754 0.05496007216920769 1620000.000000215
6.792212656270974 0.38231982697334754 0.05496007216920769 1620000.000000215
6.792212656270974 0.38231982697334754 0.05496007216920769 1620000.000000215
6.792212656270974 0.38231982697334754 0.05496007216920769 1620000.000000215
6.792212656270974 0.38231982697334754 0.05496007216920769 1620000.000000215
6.792212656270974 0.38231982697334754 0.05496007216920769 1620000.000000215
6.792212656270974 0.38231982697334754 0.05496007216920769 1620000.000000215
6.792212656270974 0.38231982697334754 0.05496007216920769 1620000.000000215
6.792212656270974 0.38231982697334754 0.05496007216920769 1620000.000000215
6.792212656270974 0.38231982697334754 0.05496007216920769 1620000.000000215
6.792212656270974 0.38231982697334754 0.05496007216920769 1620000.000000215
6.792212656270974 0.38231982697334754 0.05496007216920769 1620000.000000215
6.792212656270974 0.38231982697334754 0.05496007216920769 1620000.000000215
6.792212656270974 0.38231982697334754 0.05496007216920769 1620000.000000215
6.792212656270974 0.38231982697334754 0.05496007216920769 1620000.000000215
6.792212656270974 0.38231982697334754 0.05496007216920769 1620000.000000215
6.792212656270974 0.38231982697334754 0.05496007216920769 1620000.000000215
6.792212656270974 0.38231982697334754 0.05496007216920769 1620000.000000215
6.792212656270974 0.38231982697334754 0.05496007216920769 1620000.000000215
6.792212656270974 0.38231982697334754 0.05496007216920769 1620000.000000215
6.792212656270974 0.38231982697334754 0.05496007216920769 1620000.000000215
6.792212656270974 0.38231982697334754 0.05496007216920769 1620000.000000215
6.792212656270974 0.38231982697334754 0.05496007216920769 1620000.000000215
6.792212656270974 0.38231982697334754 0.05496007216920769 1620000.000000215
6.792212656270974 0.38231982697334754 0.05496007216920769 1620000.000000215
6.792212656270974 0.38231982697334754 0.05496007216920769 1620000.000000215
6.792212656270974 0.38231982697334754 0.05496007216920769 1620000.000000215
6.792212656270974 0.38231982697334754 0.05496007216920769 1620000.000000215
6.792212656270974 0.38231982697334754 0.05496007216920769 1620000.000000215
6.792212656270974 0.38231982697334754 0.05496007216920769 1620000.000000215
6.792212656270974 0.38231982697334754 0.05496007216920769 1620000.000000215
6.792212656270974 0.38231982697334754 0.05496007216920769 1620000.000000215
6.792212656270974 0.38231982697334754 0.05496007216920769 1620000.000000215
6.792212656270974 0.38231982697334754 0.05496007216920769 1620000.000000215
6.792212656270974 0.38231982697334754 0.05496007216920769 1620000.000000215
6.792212656270974 0.38231982697334754 0.05496007216920769 1620000.000000215
6.792212656270974 0.38231982697334754 0.05496007216920769 1620000.000000215
6.792212656270974 0.38231982697334754 0.05496007216920769 1620000.000000215
6.792212656270974 0.38231982697334754 0.05496007216920769 1620000.000000215
6.792212656270974 0.38231982697334754 0.05496007216920769 1620000.000000215
6.792212656270974 0.38231982697334754 0.05496007216920769 1620000.000000215
6.792212656270974 0.38231982697334754 0.05496007216920769 1620000.000000215
6.792212656270974 0.38231982697334754 0.05496007216920769 1620000.000000215
6.792212656270974 0.38231982697334754 0.05496007216920769 1620000.000000215
6.792212656270974 0.38231982697334754 0.05496007216920769 1620000.000000215
6.792212656270974 0.38231982697334754 0.05496007216920769 1620000.000000215
6.792212656270974 0.38231982697334754 0.05496007216920769 1620000.000000215
6.792212656270974 0.38231982697334754 0.05496007216920769 1620000.000000215
6.792212656270974 0.38231982697334754 0.05496007216920769 1620000.000000215
6.792212656270974 0.38231982697334754 0.05496007216920769 1620000.000000215
6.792212656270974 0.38231982697334754 0.05496007216920769 1620000.000000215
6.792212656270974 0.38231982697334754 0.05496007216920769 1620000.000000215
6.792212656270974 0.38231982697334754 0.05496007216920769 1620000.000000215
6.792212656270974 0.38231982697334754 0.05496007216920769 1620000.000000215
6.792212656270974 0.38231982697334754 0.05496007216920769 1620000.000000215
6.792212656270974 0.38231982697334754 0.05496007216920769 1620000.000000215
6.792212656270974 0.38231982697334754 0.05496007216920769 1620000.000000215
6.792212656270974 0.38231982697334754 0.05496007216920769 1620000.000000215
6.792212656270974 0.38231982697334754 0.05496007216920769 1620000.000000215
6.792212656270974 0.38231982697334754 0.05496007216920769 1620000.000000215
6.871859574578309 0.389740352081362 0.056102092863414596 0.0 0,1,0 coil/filament1/filament2
6.868922863908829 0.38275906899251755 0.1483072482609043 1620000.000000215
6.789403069018725 0.3756965802127945 0.14313777315486606 1620000.000000215
6.789403069018725 0.3756965802127945 0.14313777315486606 1620000.000000215
6.789403069018725 0.3756965802127945 0.14313777315486606 1620000.000000215
6.789403069018725 0.3756965802127945 0.14313777315486606 1620000.000000215
6.789403069018725 0.3756965802127945 0.14313777315486606 1620000.000000215
6.789403069018725 0.3756965802127945 0.14313777315486606 1620000.000000215
6.789403069018725 0.3756965802127945 0.14313777315486606 1620000.000000215
6.789403069018725 0.3756965802127945 0.14313777315486606 1620000.000000215
6.789403069018725 0.3756965802127945 0.14313777315486606 1620000.000000215
6.789403069018725 0.3756965802127945 0.14313777315486606 1620000.000000215
6.789403069018725 0.3756965802127945 0.14313777315486606 1620000.000000215
6.789403069018725 0.3756965802127945 0.14313777315486606 1620000.000000215
6.789403069018725 0.3756965802127945 0.14313777315486606 1620000.000000215
6.789403069018725 0.3756965802127945 0.14313777315486606 1620000.000000215
6.789403069018725 0.3756965802127945 0.14313777315486606 1620000.000000215
6.789403069018725 0.3756965802127945 0.14313777315486606 1620000.000000215
6.789403069018725 0.3756965802127945 0.14313777315486606 1620000.000000215
6.789403069018725 0.3756965802127945 0.14313777315486606 1620000.000000215
6.789403069018725 0.3756965802127945 0.14313777315486606 1620000.000000215
6.789403069018725 0.3756965802127945 0.14313777315486606 1620000.000000215
6.789403069018725 0.3756965802127945 0.14313777315486606 1620000.000000215
6.789403069018725 0.3756965802127945 0.14313777315486606 1620000.000000215
6.789403069018725 0.3756965802127945 0.14313777315486606 1620000.000000215
6.789403069018725 0.3756965802127945 0.14313777315486606 1620000.000000215
6.789403069018725 0.3756965802127945 0.14313777315486606 1620000.000000215
6.789403069018725 0.3756965802127945 0.14313777315486606 1620000.000000215
6.789403069018725 0.3756965802127945 0.14313777315486606 1620000.000000215
6.789403069018725 0.3756965802127945 0.14313777315486606 1620000.000000215
6.789403069018725 0.3756965802127945 0.14313777315486606 1620000.000000215
6.789403069018725 0.3756965802127945 0.14313777315486606 1620000.000000215
6.789403069018725 0.3756965802127945 0.14313777315486606 1620000.000000215
6.789403069018725 0.3756965802127945 0.14313777315486606 1620000.000000215
6.789403069018725 0.3756965802127945 0.14313777315486606 1620000.000000215
6.789403069018725 0.3756965802127945 0.14313777315486606 1620000.000000215
6.789403069018725 0.3756965802127945 0.14313777315486606 1620000.000000215
6.789403069018725 0.3756965802127945 0.14313777315486606 1620000.000000215
6.789403069018725 0.3756965802127945 0.14313777315486606 1620000.000000215
6.789403069018725 0.3756965802127945 0.14313777315486606 1620000.000000215
6.789403069018725 0.3756965802127945 0.14313777315486606 1620000.000000215
6.789403069018725 0.3756965802127945 0.14313777315486606 1620000.000000215
6.789403069018725 0.3756965802127945 0.14313777315486606 1620000.000000215
6.789403069018725 0.3756965802127945 0.14313777315486606 1620000.000000215
6.789403069018725 0.3756965802127945 0.14313777315486606 1620000.000000215
6.789403069018725 0.3756965802127945 0.14313777315486606 1620000.000000215
6.789403069018725 0.3756965802127945 0.14313777315486606 1620000.000000215
6.789403069018725 0.3756965802127945 0.14313777315486606 1620000.000000215
6.789403069018725 0.3756965802127945 0.14313777315486606 1620000.000000215
6.789403069018725 0.3756965802127945 0.14313777315486606 1620000.000000215
6.789403069018725 0.3756965802127945 0.14313777315486606 1620000.000000215
6.789403069018725 0.3756965802127945 0.14313777315486606 1620000.000000215
6.789403069018725 0.3756965802127945 0.14313777315486606 1620000.000000215
6.789403069018725 0.3756965802127945 0.14313777315486606 1620000.000000215
6.789403069018725 0.3756965802127945 0.14313777315486606 1620000.000000215
6.789403069018725 0.3756965802127945 0.14313777315486606 1620000.000000215
6.789403069018725 0.3756965802127945 0.14313777315486606 1620000.000000215
6.789403069018725 0.3756965802127945 0.14313777315486606 1620000.000000215
6.789403069018725 0.3756965802127945 0.14313777315486606 1620000.000000215
6.789403069018725 0.3756965802127945 0.14313777315486606 1620000.000000215
6.789403069018725 0.3756965802127945 0.14313777315486606 1620000.000000215
6.789403069018725 0.3756965802127945 0.14313777315486606 1620000.000000215
6.789403069018725 0.3756965802127945 0.14313777315486606 1620000.000000215
6.789403069018725 0.3756965802127945 0.14313777315486606 1620000.000000215
6.789403069018725 0.3756965802127945 0.14313777315486606 1620000.000000215
6.868922863908829 0.38275906899251755 0.1483072482609043 0.0 0,1,1 coil/filament1/filament2
6.651980319967159 1.398640706105441 0.22493974520783339 1620000.000000131
6.577455987311375 1.3751262706708522 0.20781680245833514 1620000.000000131
6.577455987311375 1.3751262706708522 0.20781680245833514 1620000.000000131
6.577455987311375 1.3751262706708522 0.20781680245833514 1620000.000000131
6.577455987311375 1.3751262706708522 0.20781680245833514 1620000.000000131
6.577455987311375 1.3751262706708522 0.20781680245833514 1620000.000000131
6.577455987311375 1.3751262706708522 0.20781680245833514 1620000.000000131
6.577455987311375 1.3751262706708522 0.20781680245833514 1620000.000000131
6.577455987311375 1.3751262706708522 0.20781680245833514 1620000.000000131
6.577455987311375 1.3751262706708522 0.20781680245833514 1620000.000000131
6.577455987311375 1.3751262706708522 0.20781680245833514 1620000.000000131
6.577455987311375 1.3751262706708522 0.20781680245833514 1620000.000000131
6.577455987311375 1.3751262706708522 0.20781680245833514 1620000.000000131
6.577455987311375 1.3751262706708522 0.20781680245833514 1620000.000000131
6.577455987311375 1.3751262706708522 0.20781680245833514 1620000.000000131
6.577455987311375 1.3751262706708522 0.20781680245833514 1620000.000000131
6.577455987311375 1.3751262706708522 0.20781680245833514 1620000.000000131
6.577455987311375 1.3751262706708522 0.20781680245833514 1620000.000000131
6.577455987311375 1.3751262706708522 0.20781680245833514 1620000.000000131
6.577455987311375 1.3751262706708522 0.20781680245833514 1620000.000000131
6.577455987311375 1.3751262706708522 0.20781680245833514 1620000.000000131
6.577455987311375 1.3751262706708522 0.20781680245833514 1620000.000000131
6.577455987311375 1.3751262706708522 0.20781680245833514 1620000.000000131
6.577455987311375 1.3751262706708522 0.20781680245833514 1620000.000000131
6.577455987311375 1.3751262706708522 0.20781680245833514 1620000.000000131
6.577455987311375 1.3751262706708522 0.20781680245833514 1620000.000000131
6.577455987311375 1.3751262706708522 0.20781680245833514 1620000.000000131
6.577455987311375 1.3751262706708522 0.20781680245833514 1620000.000000131
6.577455987311375 1.3751262706708522 0.20781680245833514 1620000.000000131
6.577455987311375 1.3751262706708522 0.20781680245833514 1620000.000000131
6.577455987311375 1.3751262706708522 0.20781680245833514 1620000.000000131
6.577455987311375 1.3751262706708522 0.20781680245833514 1620000.000000131
6.577455987311375 1.3751262706708522 0.20781680245833514 1620000.000000131
6.577455987311375 1.3751262706708522 0.20781680245833514 1620000.000000131
6.577455987311375 1.3751262706708522 0.20781680245833514 1620000.000000131
6.577455987311375 1.3751262706708522 0.20781680245833514 1620000.000000131
6.577455987311375 1.3751262706708522 0.20781680245833514 1620000.000000131
6.577455987311375 1.3751262706708522 0.20781680245833514 1620000.000000131
6.577455987311375 1.3751262706708522 0.20781680245833514 1620000.000000131
6.577455987311375 1.3751262706708522 0.20781680245833514 1620000.000000131
6.577455987311375 1.3751262706708522 0.20781680245833514 1620000.000000131
6.577455987311375 1.3751262706708522 0.20781680245833514 1620000.000000131
6.577455987311375 1.3751262706708522 0.20781680245833514 1620000.000000131
6.577455987311375 1.3751262706708522 0.20781680245833514 1620000.000000131
6.577455987311375 1.3751262706708522 0.20781680245833514 1620000.000000131
6.577455987311375 1.3751262706708522 0.20781680245833514 1620000.000000131
6.577455987311375 1.3751262706708522 0.20781680245833514 1620000.000000131
6.577455987311375 1.3751262706708522 0.20781680245833514 1620000.000000131
6.577455987311375 1.3751262706708522 0.20781680245833514 1620000.000000131
6.577455987311375 1.3751262706708522 0.20781680245833514 1620000.000000131
6.577455987311375 1.3751262706708522 0.20781680245833514 1620000.000000131
6.577455987311375 1.3751262706708522 0.20781680245833514 1620000.000000131
6.577455987311375 1.3751262706708522 0.20781680245833514 1620000.000000131
6.577455987311375 1.3751262706708522 0.20781680245833514 1620000.000000131
6.577455987311375 1.3751262706708522 0.20781680245833514 1620000.000000131
6.577455987311375 1.3751262706708522 0.20781680245833514 1620000.000000131
6.577455987311375 1.3751262706708522 0.20781680245833514 1620000.000000131
6.577455987311375 1.3751262706708522 0.20781680245833514 1620000.000000131
6.577455987311375 1.3751262706708522 0.20781680245833514 1620000.000000131
6.577455987311375 1.3751262706708522 0.20781680245833514 1620000.000000131
6.577455987311375 1.3751262706708522 0.20781680245833514 1620000.000000131
6.577455987311375 1.3751262706708522 0.20781680245833514 1620000.000000131
6.577455987311375 1.3751262706708522 0.20781680245833514 1620000.000000131
6.577455987311375 1.3751262706708522 0.20781680245833514 1620000.000000131
6.651980319967159 1.398640706105441 0.22493974520783339 0.0 1,0,0 coil/filament1/filament2
6.6372324133354015 1.3729214154941944 0.3136886816879146 1620000.000000131
6.563401477273897 1.3499062331662819 0.2932120056223277 1620000.000000131
6.563401477273897 1.3499062331662819 0.2932120056223277 1620000.000000131
6.563401477273897 1.3499062331662819 0.2932120056223277 1620000.000000131
6.563401477273897 1.3499062331662819 0.2932120056223277 1620000.000000131
6.563401477273897 1.3499062331662819 0.2932120056223277 1620000.000000131
6.563401477273897 1.3499062331662819 0.2932120056223277 1620000.000000131
6.563401477273897 1.3499062331662819 0.2932120056223277 1620000.000000131
6.563401477273897 1.3499062331662819 0.2932120056223277 1620000.000000131
6.563401477273897 1.3499062331662819 0.2932120056223277 1620000.000000131
6.563401477273897 1.3499062331662819 0.2932120056223277 1620000.000000131
6.563401477273897 1.3499062331662819 0.2932120056223277 1620000.000000131
6.563401477273897 1.3499062331662819 0.2932120056223277 1620000.000000131
6.563401477273897 1.3499062331662819 0.2932120056223277 1620000.000000131
6.563401477273897 1.3499062331662819 0.2932120056223277 1620000.000000131
6.563401477273897 1.3499062331662819 0.2932120056223277 1620000.000000131
6.563401477273897 1.3499062331662819 0.2932120056223277 1620000.000000131
6.563401477273897 1.3499062331662819 0.2932120056223277 1620000.000000131
6.563401477273897 1.3499062331662819 0.2932120056223277 1620000.000000131
6.563401477273897 1.3499062331662819 0.2932120056223277 1620000.000000131
6.563401477273897 1.3499062331662819 0.2932120056223277 1620000.000000131
6.563401477273897 1.3499062331662819 0.2932120056223277 1620000.000000131
6.563401477273897 1.3499062331662819 0.2932120056223277 1620000.000000131
6.563401477273897 1.3499062331662819 0.2932120056223277 1620000.000000131
6.563401477273897 1.3499062331662819 0.2932120056223277 1620000.000000131
6.563401477273897 1.3499062331662819 0.2932120056223277 1620000.000000131
6.563401477273897 1.3499062331662819 0.2932120056223277 1620000.000000131
6.563401477273897 1.3499062331662819 0.2932120056223277 1620000.000000131
6.563401477273897 1.3499062331662819 0.2932120056223277 1620000.000000131
6.563401477273897 1.3499062331662819 0.2932120056223277 1620000.000000131
6.563401477273897 1.3499062331662819 0.2932120056223277 1620000.000000131
6.563401477273897 1.3499062331662819 0.2932120056223277 1620000.000000131
6.563401477273897 1.3499062331662819 0.2932120056223277 1620000.000000131
6.563401477273897 1.3499062331662819 0.2932120056223277 1620000.000000131
6.563401477273897 1.3499062331662819 0.2932120056223277 1620000.000000131
6.563401477273897 1.3499062331662819 0.2932120056223277 1620000.000000131
6.563401477273897 1.3499062331662819 0.2932120056223277 1620000.000000131
6.563401477273897 1.3499062331662819 0.2932120056223277 1620000.000000131
6.563401477273897 1.3499062331662819 0.2932120056223277 1620000.000000131
6.563401477273897 1.3499062331662819 0.2932120056223277 1620000.000000131
6.563401477273897 1.3499062331662819 0.2932120056223277 1620000.000000131
6.563401477273897 1.3499062331662819 0.2932120056223277 1620000.000000131
6.563401477273897 1.3499062331662819 0.2932120056223277 1620000.000000131
6.563401477273897 1.3499062331662819 0.2932120056223277 1620000.000000131
6.563401477273897 1.3499062331662819 0.2932120056223277 1620000.000000131
6.563401477273897 1.3499062331662819 0.2932120056223277 1620000.000000131
6.563401477273897 1.3499062331662819 0.2932120056223277 1620000.000000131
6.563401477273897 1.3499062331662819 0.2932120056223277 1620000.000000131
6.563401477273897 1.3499062331662819 0.2932120056223277 1620000.000000131
6.563401477273897 1.3499062331662819 0.2932120056223277 1620000.000000131
6.563401477273897 1.3499062331662819 0.2932120056223277 1620000.000000131
6.563401477273897 1.3499062331662819 0.2932120056223277 1620000.000000131
6.563401477273897 1.3499062331662819 0.2932120056223277 1620000.000000131
6.563401477273897 1.3499062331662819 0.2932120056223277 1620000.000000131
6.563401477273897 1.3499062331662819 0.2932120056223277 1620000.000000131
6.563401477273897 1.3499062331662819 0.2932120056223277 1620000.000000131
6.563401477273897 1.3499062331662819 0.2932120056223277 1620000.000000131
6.563401477273897 1.3499062331662819 0.2932120056223277 1620000.000000131
6.563401477273897 1.3499062331662819 0.2932120056223277 1620000.000000131
6.563401477273897 1.3499062331662819 0.2932120056223277 1620000.000000131
6.563401477273897 1.3499062331662819 0.2932120056223277 1620000.000000131
6.563401477273897 1.3499062331662819 0.2932120056223277 1620000.000000131
6.563401477273897 1.3499062331662819 0.2932120056223277 1620000.000000131
6.563401477273897 1.3499062331662819 0.2932120056223277 1620000.000000131
6.6372324133354015 1.3729214154941944 0.3136886816879146 0.0 1,0,1 coil/filament1/filament2
6.679149809819317 1.3255500852211695 0.20706294572008374 1620000.000000131
6.604625477163533 1.3020356497865808 0.1899400029705855 1620000.000000131
6.604625477163533 1.3020356497865808 0.1899400029705855 1620000.000000131
6.604625477163533 1.3020356497865808 0.1899400029705855 1620000.000000131
6.604625477163533 1.3020356497865808 0.1899400029705855 1620000.000000131
6.604625477163533 1.3020356497865808 0.1899400029705855 1620000.000000131
6.604625477163533 1.3020356497865808 0.1899400029705855 1620000.000000131
6.604625477163533 1.3020356497865808 0.1899400029705855 1620000.000000131
6.604625477163533 1.3020356497865808 0.1899400029705855 1620000.000000131
6.604625477163533 1.3020356497865808 0.1899400029705855 1620000.000000131
6.604625477163533 1.3020356497865808 0.1899400029705855 1620000.000000131
6.604625477163533 1.3020356497865808 0.1899400029705855 1620000.000000131
6.604625477163533 1.3020356497865808 0.1899400029705855 1620000.000000131
6.604625477163533 1.3020356497865808 0.1899400029705855 1620000.000000131
6.604625477163533 1.3020356497865808 0.1899400029705855 1620000.000000131
6.604625477163533 1.3020356497865808 0.1899400029705855 1620000.000000131
6.604625477163533 1.3020356497865808 0.1899400029705855 1620000.000000131
6.604625477163533 1.3020356497865808 0.1899400029705855 1620000.000000131
6.604625477163533 1.3020356497865808 0.1899400029705855 1620000.000000131
6.604625477163533 1.3020356497865808 0.1899400029705855 1620000.000000131
6.604625477163533 1.3020356497865808 0.1899400029705855 1620000.000000131
6.604625477163533 1.3020356497865808 0.1899400029705855 1620000.000000131
6.604625477163533 1.3020356497865808 0.1899400029705855 1620000.000000131
6.604625477163533 1.3020356497865808 0.1899400029705855 1620000.000000131
6.604625477163533 1.3020356497865808 0.1899400029705855 1620000.000000131
6.604625477163533 1.3020356497865808 0.1899400029705855 1620000.000000131
6.604625477163533 1.3020356497865808 0.1899400029705855 1620000.000000131
6.604625477163533 1.3020356497865808 0.1899400029705855 1620000.000000131
6.604625477163533 1.3020356497865808 0.1899400029705855 1620000.000000131
6.604625477163533 1.3020356497865808 0.1899400029705855 1620000.000000131
6.604625477163533 1.3020356497865808 0.1899400029705855 1620000.000000131
6.604625477163533 1.3020356497865808 0.1899400029705855 1620000.000000131
6.604625477163533 1.3020356497865808 0.1899400029705855 1620000.000000131
6.604625477163533 1.3020356497865808 0.1899400029705855 1620000.000000131
6.604625477163533 1.3020356497865808 0.1899400029705855 1620000.000000131
6.604625477163533 1.3020356497865808 0.1899400029705855 1620000.000000131
6.604625477163533 1.3020356497865808 0.1899400029705855 1620000.000000131
6.604625477163533 1.3020356497865808 0.1899400029705855 1620000.000000131
6.604625477163533 1.3020356497865808 0.1899400029705855 1620000.000000131
6.604625477163533 1.3020356497865808 0.1899400029705855 1620000.000000131
6.604625477163533 1.3020356497865808 0.1899400029705855 1620000.000000131
6.604625477163533 1.3020356497865808 0.1899400029705855 1620000.000000131
6.604625477163533 1.3020356497865808 0.1899400029705855 1620000.000000131
6.604625477163533 1.3020356497865808 0.1899400029705855 1620000.000000131
6.604625477163533 1.3020356497865808 0.1899400029705855 1620000.000000131
6.604625477163533 1.3020356497865808 0.1899400029705855 1620000.000000131
6.604625477163533 1.3020356497865808 0.1899400029705855 1620000.000000131
6.604625477163533 1.3020356497865808 0.1899400029705855 1620000.000000131
6.604625477163533 1.3020356497865808 0.1899400029705855 1620000.000000131
6.604625477163533 1.3020356497865808 0.1899400029705855 1620000.000000131
6.604625477163533 1.3020356497865808 0.1899400029705855 1620000.000000131
6.604625477163533 1.3020356497865808 0.1899400029705855 1620000.000000131
6.604625477163533 1.3020356497865808 0.1899400029705855 1620000.000000131
6.604625477163533 1.3020356497865808 0.1899400029705855 1620000.000000131
6.604625477163533 1.3020356497865808 0.1899400029705855 1620000.000000131
6.604625477163533 1.3020356497865808 0.1899400029705855 1620000.000000131
6.604625477163533 1.3020356497865808 0.1899400029705855 1620000.000000131
6.604625477163533 1.3020356497865808 0.1899400029705855 1620000.000000131
6.604625477163533 1.3020356497865808 0.1899400029705855 1620000.000000131
6.604625477163533 1.3020356497865808 0.1899400029705855 1620000.000000131
6.604625477163533 1.3020356497865808 0.1899400029705855 1620000.000000131
6.604625477163533 1.3020356497865808 0.1899400029705855 1620000.000000131
6.604625477163533 1.3020356497865808 0.1899400029705855 1620000.000000131
6.604625477163533 1.3020356497865808 0.1899400029705855 1620000.000000131
6.679149809819317 1.3255500852211695 0.20706294572008374 0.0 1,1,0 coil/filament1/filament2
6.664506637571784 1.299363408315511 0.298025467707243 1620000.000000131
6.590675701510279 1.2763482259875985 0.2775487916416561 1620000.000000131
6.590675701510279 1.2763482259875985 0.2775487916416561 1620000.000000131
6.590675701510279 1.2763482259875985 0.2775487916416561 1620000.000000131
6.590675701510279 1.2763482259875985 0.2775487916416561 1620000.000000131
6.590675701510279 1.2763482259875985 0.2775487916416561 1620000.000000131
6.590675701510279 1.2763482259875985 0.2775487916416561 1620000.000000131
6.590675701510279 1.2763482259875985 0.2775487916416561 1620000.000000131
6.590675701510279 1.2763482259875985 0.2775487916416561 1620000.000000131
6.590675701510279 1.2763482259875985 0.2775487916416561 1620000.000000131
6.590675701510279 1.2763482259875985 0.2775487916416561 1620000.000000131
6.590675701510279 1.2763482259875985 0.2775487916416561 1620000.000000131
6.590675701510279 1.2763482259875985 0.2775487916416561 1620000.000000131
6.590675701510279 1.2763482259875985 0.2775487916416561 1620000.000000131
6.590675701510279 1.2763482259875985 0.2775487916416561 1620000.000000131
6.590675701510279 1.2763482259875985 0.2775487916416561 1620000.000000131
6.590675701510279 1.2763482259875985 0.2775487916416561 1620000.000000131
6.590675701510279 1.2763482259875985 0.2775487916416561 1620000.000000131
6.590675701510279 1.2763482259875985 0.2775487916416561 1620000.000000131
6.590675701510279 1.2763482259875985 0.2775487916416561 1620000.000000131
6.590675701510279 1.2763482259875985 0.2775487916416561 1620000.000000131
6.590675701510279 1.2763482259875985 0.2775487916416561 1620000.000000131
6.590675701510279 1.2763482259875985 0.2775487916416561 1620000.000000131
6.590675701510279 1.2763482259875985 0.2775487916416561 1620000.000000131
6.590675701510279 1.2763482259875985 0.2775487916416561 1620000.000000131
6.590675701510279 1.2763482259875985 0.2775487916416561 1620000.000000131
6.590675701510279 1.2763482259875985 0.2775487916416561 1620000.000000131
6.590675701510279 1.2763482259875985 0.2775487916416561 1620000.000000131
6.590675701510279 1.2763482259875985 0.2775487916416561 1620000.000000131
6.590675701510279 1.2763482259875985 0.2775487916416561 1620000.000000131
6.590675701510279 1.2763482259875985 0.2775487916416561 1620000.000000131
6.590675701510279 1.2763482259875985 0.2775487916416561 1620000.000000131
6.590675701510279 1.2763482259875985 0.2775487916416561 1620000.000000131
6.590675701510279 1.2763482259875985 0.2775487916416561 1620000.000000131
6.590675701510279 1.2763482259875985 0.2775487916416561 1620000.000000131
6.590675701510279 1.2763482259875985 0.2775487916416561 1620000.000000131
6.590675701510279 1.2763482259875985 0.2775487916416561 1620000.000000131
6.590675701510279 1.2763482259875985 0.2775487916416561 1620000.000000131
6.590675701510279 1.2763482259875985 0.2775487916416561 1620000.000000131
6.590675701510279 1.2763482259875985 0.2775487916416561 1620000.000000131
6.590675701510279 1.2763482259875985 0.2775487916416561 1620000.000000131
6.590675701510279 1.2763482259875985 0.2775487916416561 1620000.000000131
6.590675701510279 1.2763482259875985 0.2775487916416561 1620000.000000131
6.590675701510279 1.2763482259875985 0.2775487916416561 1620000.000000131
6.590675701510279 1.2763482259875985 0.2775487916416561 1620000.000000131
6.590675701510279 1.2763482259875985 0.2775487916416561 1620000.000000131
6.590675701510279 1.2763482259875985 0.2775487916416561 1620000.000000131
6.590675701510279 1.2763482259875985 0.2775487916416561 1620000.000000131
6.590675701510279 1.2763482259875985 0.2775487916416561 1620000.000000131
6.590675701510279 1.2763482259875985 0.2775487916416561 1620000.000000131
6.590675701510279 1.2763482259875985 0.2775487916416561 1620000.000000131
6.590675701510279 1.2763482259875985 0.2775487916416561 1620000.000000131
6.590675701510279 1.2763482259875985 0.2775487916416561 1620000.000000131
6.590675701510279 1.2763482259875985 0.2775487916416561 1620000.000000131
6.590675701510279 1.2763482259875985 0.2775487916416561 1620000.000000131
6.590675701510279 1.2763482259875985 0.2775487916416561 1620000.000000131
6.590675701510279 1.2763482259875985 0.2775487916416561 1620000.000000131
6.590675701510279 1.2763482259875985 0.2775487916416561 1620000.000000131
6.590675701510279 1.2763482259875985 0.2775487916416561 1620000.000000131
6.590675701510279 1.2763482259875985 0.2775487916416561 1620000.000000131
6.590675701510279 1.2763482259875985 0.2775487916416561 1620000.000000131
6.590675701510279 1.2763482259875985 0.2775487916416561 1620000.000000131
6.590675701510279 1.2763482259875985 0.2775487916416561 1620000.000000131
6.590675701510279 1.2763482259875985 0.2775487916416561 1620000.000000131
6.664506637571784 1.299363408315511 0.298025467707243 0.0 1,1,1 coil/filament1/filament2
6.305533479542143 2.2294471864915524 0.24646862739267658 1620000.000000001
6.240079117998743 2.1853921337325644 0.23324444948444215 1620000.000000001
6.240079117998743 2.1853921337325644 0.23324444948444215 1620000.000000001
6.240079117998743 2.1853921337325644 0.23324444948444215 1620000.000000001
6.240079117998743 2.1853921337325644 0.23324444948444215 1620000.000000001
6.240079117998743 2.1853921337325644 0.23324444948444215 1620000.000000001
6.240079117998743 2.1853921337325644 0.23324444948444215 1620000.000000001
6.240079117998743 2.1853921337325644 0.23324444948444215 1620000.000000001
6.240079117998743 2.1853921337325644 0.23324444948444215 1620000.000000001
6.240079117998743 2.1853921337325644 0.23324444948444215 1620000.000000001
6.240079117998743 2.1853921337325644 0.23324444948444215 1620000.000000001
6.240079117998743 2.1853921337325644 0.23324444948444215 1620000.000000001
6.240079117998743 2.1853921337325644 0.23324444948444215 1620000.000000001
6.240079117998743 2.1853921337325644 0.23324444948444215 1620000.000000001
6.240079117998743 2.1853921337325644 0.23324444948444215 1620000.000000001
6.240079117998743 2.1853921337325644 0.23324444948444215 1620000.000000001
6.240079117998743 2.1853921337325644 0.23324444948444215 1620000.000000001
6.240079117998743 2.1853921337325644 0.23324444948444215 1620000.000000001
6.240079117998743 2.1853921337325644 0.23324444948444215 1620000.000000001
6.240079117998743 2.1853921337325644 0.23324444948444215 1620000.000000001
6.240079117998743 2.1853921337325644 0.23324444948444215 1620000.000000001
6.240079117998743 2.1853921337325644 0.23324444948444215 1620000.000000001
6.240079117998743 2.1853921337325644 0.23324444948444215 1620000.000000001
6.240079117998743 2.1853921337325644 0.23324444948444215 1620000.000000001
6.240079117998743 2.1853921337325644 0.23324444948444215 1620000.000000001
6.240079117998743 2.1853921337325644 0.23324444948444215 1620000.000000001
6.240079117998743 2.1853921337325644 0.23324444948444215 1620000.000000001
6.240079117998743 2.1853921337325644 0.23324444948444215 1620000.000000001
6.240079117998743 2.1853921337325644 0.23324444948444215 1620000.000000001
6.240079117998743 2.1853921337325644 0.23324444948444215 1620000.000000001
6.240079117998743 2.1853921337325644 0.23324444948444215 1620000.000000001
6.240079117998743 2.1853921337325644 0.23324444948444215 1620000.000000001
6.240079117998743 2.1853921337325644 0.23324444948444215 1620000.000000001
6.240079117998743 2.1853921337325644 0.23324444948444215 1620000.000000001
6.240079117998743 2.1853921337325644 0.23324444948444215 1620000.000000001
6.240079117998743 2.1853921337325644 0.23324444948444215 1620000.000000001
6.240079117998743 2.1853921337325644 0.23324444948444215 1620000.000000001
6.240079117998743 2.1853921337325644 0.23324444948444215 1620000.000000001
6.240079117998743 2.1853921337325644 0.23324444948444215 1620000.000000001
6.240079117998743 2.1853921337325644 0.23324444948444215 1620000.000000001
6.240079117998743 2.1853921337325644 0.23324444948444215 1620000.000000001
6.240079117998743 2.1853921337325644 0.23324444948444215 1620000.000000001
6.240079117998743 2.1853921337325644 0.23324444948444215 1620000.000000001
6.240079117998743 2.1853921337325644 0.23324444948444215 1620000.000000001
6.240079117998743 2.1853921337325644 0.23324444948444215 1620000.000000001
6.240079117998743 2.1853921337325644 0.23324444948444215 1620000.000000001
6.240079117998743 2.1853921337325644 0.23324444948444215 1620000.000000001
6.240079117998743 2.1853921337325644 0.23324444948444215 1620000.000000001
6.240079117998743 2.1853921337325644 0.23324444948444215 1620000.000000001
6.240079117998743 2.1853921337325644 0.23324444948444215 1620000.000000001
6.240079117998743 2.1853921337325644 0.23324444948444215 1620000.000000001
6.240079117998743 2.1853921337325644 0.23324444948444215 1620000.000000001
6.240079117998743 2.1853921337325644 0.23324444948444215 1620000.000000001
6.240079117998743 2.1853921337325644 0.23324444948444215 1620000.000000001
6.240079117998743 2.1853921337325644 0.23324444948444215 1620000.000000001
6.240079117998743 2.1853921337325644 0.23324444948444215 1620000.000000001
6.240079117998743 2.1853921337325644 0.23324444948444215 1620000.000000001
6.240079117998743 2.1853921337325644 0.23324444948444215 1620000.000000001
6.240079117998743 2.1853921337325644 0.23324444948444215 1620000.000000001
6.240079117998743 2.1853921337325644 0.23324444948444215 1620000.000000001
6.240079117998743 2.1853921337325644 0.23324444948444215 1620000.000000001
6.240079117998743 2.1853921337325644 0.23324444948444215 1620000.000000001
6.240079117998743 2.1853921337325644 0.23324444948444215 1620000.000000001
6.240079117998743 2.1853921337325644 0.23324444948444215 1620000.000000001
6.305533479542143 2.2294471864915524 0.24646862739267658 0.0 2,0,0 coil/filament1/filament2
6.259709345383862 2.243041584559301 0.39209295443213943 1620000.000000001
6.195845451871823 2.199238309567575 0.372026160829717 1620000.000000001
6.195845451871823 2.199238309567575 0.372026160829717 1620000.000000001
6.195845451871823 2.199238309567575 0.372026160829717 1620000.000000001
6.195845451871823 2.199238309567575 0.372026160829717 1620000.000000001
6.195845451871823 2.199238309567575 0.372026160829717 1620000.000000001
6.195845451871823 2.199238309567575 0.372026160829717 1620000.000000001
6.195845451871823 2.199238309567575 0.372026160829717 1620000.000000001
6.195845451871823 2.199238309567575 0.372026160829717 1620000.000000001
6.195845451871823 2.199238309567575 0.372026160829717 1620000.000000001
6.195845451871823 2.199238309567575 0.372026160829717 1620000.000000001
6.195845451871823 2.199238309567575 0.372026160829717 1620000.000000001
6.195845451871823 2.199238309567575 0.372026160829717 1620000.000000001
6.195845451871823 2.199238309567575 0.372026160829717 1620000.000000001
6.195845451871823 2.199238309567575 0.372026160829717 1620000.000000001
6.195845451871823 2.199238309567575 0.372026160829717 1620000.000000001
6.195845451871823 2.199238309567575 0.372026160829717 1620000.000000001
6.195845451871823 2.199238309567575 0.372026160829717 1620000.000000001
6.195845451871823 2.199238309567575 0.372026160829717 1620000.000000001
6.195845451871823 2.199238309567575 0.372026160829717 1620000.000000001
6.195845451871823 2.199238309567575 0.372026160829717 1620000.000000001
6.195845451871823 2.199238309567575 0.372026160829717 1620000.000000001
6.195845451871823 2.199238309567575 0.372026160829717 1620000.000000001
6.195845451871823 2.199238309567575 0.372026160829717 1620000.000000001
6.195845451871823 2.199238309567575 0.372026160829717 1620000.000000001
6.195845451871823 2.199238309567575 0.372026160829717 1620000.000000001
6.195845451871823 2.199238309567575 0.372026160829717 1620000.000000001
6.195845451871823 2.199238309567575 0.372026160829717 1620000.000000001
6.195845451871823 2.199238309567575 0.372026160829717 1620000.000000001
6.195845451871823 2.199238309567575 0.372026160829717 1620000.000000001
6.195845451871823 2.199238309567575 0.372026160829717 1620000.000000001
6.195845451871823 2.199238309567575 0.372026160829717 1620000.000000001
6.195845451871823 2.199238309567575 0.372026160829717 1620000.000000001
6.195845451871823 2.199238309567575 0.372026160829717 1620000.000000001
6.195845451871823 2.199238309567575 0.372026160829717 1620000.000000001
6.195845451871823 2.199238309567575 0.372026160829717 1620000.000000001
6.195845451871823 2.199238309567575 0.372026160829717 1620000.000000001
6.195845451871823 2.199238309567575 0.372026160829717 1620000.000000001
6.195845451871823 2.199238309567575 0.372026160829717 1620000.000000001
6.195845451871823 2.199238309567575 0.372026160829717 1620000.000000001
6.195845451871823 2.199238309567575 0.372026160829717 1620000.000000001
6.195845451871823 2.199238309567575 0.372026160829717 1620000.000000001
6.195845451871823 2.199238309567575 0.372026160829717 1620000.000000001
6.195845451871823 2.199238309567575 0.372026160829717 1620000.000000001
6.195845451871823 2.199238309567575 0.372026160829717 1620000.000000001
6.195845451871823 2.199238309567575 0.372026160829717 1620000.000000001
6.195845451871823 2.199238309567575 0.372026160829717 1620000.000000001
6.195845451871823 2.199238309567575 0.372026160829717 1620000.000000001
6.195845451871823 2.199238309567575 0.372026160829717 1620000.000000001
6.195845451871823 2.199238309567575 0.372026160829717 1620000.000000001
6.195845451871823 2.199238309567575 0.372026160829717 1620000.000000001
6.195845451871823 2.199238309567575 0.372026160829717 1620000.000000001
6.195845451871823 2.199238309567575 0.372026160829717 1620000.000000001
6.195845451871823 2.199238309567575 0.372026160829717 1620000.000000001
6.195845451871823 2.199238309567575 0.372026160829717 1620000.000000001
6.195845451871823 2.199238309567575 0.372026160829717 1620000.000000001
6.195845451871823 2.199238309567575 0.372026160829717 1620000.000000001
6.195845451871823 2.199238309567575 0.372026160829717 1620000.000000001
6.195845451871823 2.199238309567575 0.372026160829717 1620000.000000001
6.195845451871823 2.199238309567575 0.372026160829717 1620000.000000001
6.195845451871823 2.199238309567575 0.372026160829717 1620000.000000001
6.195845451871823 2.199238309567575 0.372026160829717 1620000.000000001
6.195845451871823 2.199238309567575 0.372026160829717 1620000.000000001
6.195845451871823 2.199238309567575 0.372026160829717 1620000.000000001
6.259709345383862 2.243041584559301 0.39209295443213943 0.0 2,0,1 coil/filament1/filament2
6.345401180188585 2.1636388398072257 0.26837360289691436 1620000.000000001
6.279946818645184 2.1195837870482377 0.2551494249886799 1620000.000000001
6.279946818645184 2.1195837870482377 0.2551494249886799 1620000.000000001
6.279946818645184 2.1195837870482377 0.2551494249886799 1620000.000000001
6.279946818645184 2.1195837870482377 0.2551494249886799 1620000.000000001
6.279946818645184 2.1195837870482377 0.2551494249886799 1620000.000000001
6.279946818645184 2.1195837870482377 0.2551494249886799 1620000.000000001
6.279946818645184 2.1195837870482377 0.2551494249886799 1620000.000000001
6.279946818645184 2.1195837870482377 0.2551494249886799 1620000.000000001
6.279946818645184 2.1195837870482377 0.2551494249886799 1620000.000000001
6.279946818645184 2.1195837870482377 0.2551494249886799 1620000.000000001
6.279946818645184 2.1195837870482377 0.2551494249886799 1620000.000000001
6.279946818645184 2.1195837870482377 0.2551494249886799 1620000.000000001
6.279946818645184 2.1195837870482377 0.2551494249886799 1620000.000000001
6.279946818645184 2.1195837870482377 0.2551494249886799 1620000.000000001
6.279946818645184 2.1195837870482377 0.2551494249886799 1620000.000000001
6.279946818645184 2.1195837870482377 0.2551494249886799 1620000.000000001
6.279946818645184 2.1195837870482377 0.2551494249886799 1620000.000000001
6.279946818645184 2.1195837870482377 0.2551494249886799 1620000.000000001
6.279946818645184 2.1195837870482377 0.2551494249886799 1620000.000000001
6.279946818645184 2.1195837870482377 0.2551494249886799 1620000.000000001
6.279946818645184 2.1195837870482377 0.2551494249886799 1620000.000000001
6.279946818645184 2.1195837870482377 0.2551494249886799 1620000.000000001
6.279946818645184 2.1195837870482377 0.2551494249886799 1620000.000000001
6.279946818645184 2.1195837870482377 0.2551494249886799 1620000.000000001
6.279946818645184 2.1195837870482377 0.2551494249886799 1620000.000000001
6.279946818645184 2.1195837870482377 0.2551494249886799 1620000.000000001
6.279946818645184 2.1195837870482377 0.2551494249886799 1620000.000000001
6.279946818645184 2.1195837870482377 0.2551494249886799 1620000.000000001
6.279946818645184 2.1195837870482377 0.2551494249886799 1620000.000000001
6.279946818645184 2.1195837870482377 0.2551494249886799 1620000.000000001
6.279946818645184 2.1195837870482377 0.2551494249886799 1620000.000000001
6.279946818645184 2.1195837870482377 0.2551494249886799 1620000.000000001
6.279946818645184 2.1195837870482377 0.2551494249886799 1620000.000000001
6.279946818645184 2.1195837870482377 0.2551494249886799 1620000.000000001
6.279946818645184 2.1195837870482377 0.2551494249886799 1620000.000000001
6.279946818645184 2.1195837870482377 0.2551494249886799 1620000.000000001
6.279946818645184 2.1195837870482377 0.2551494249886799 1620000.000000001
6.279946818645184 2.1195837870482377 0.2551494249886799 1620000.000000001
6.279946818645184 2.1195837870482377 0.2551494249886799 1620000.000000001
6.279946818645184 2.1195837870482377 0.2551494249886799 1620000.000000001
6.279946818645184 2.1195837870482377 0.2551494249886799 1620000.000000001
6.279946818645184 2.1195837870482377 0.2551494249886799 1620000.000000001
6.279946818645184 2.1195837870482377 0.2551494249886799 1620000.000000001
6.279946818645184 2.1195837870482377 0.2551494249886799 1620000.000000001
6.279946818645184 2.1195837870482377 0.2551494249886799 1620000.000000001
6.279946818645184 2.1195837870482377 0.2551494249886799 1620000.000000001
6.279946818645184 2.1195837870482377 0.2551494249886799 1620000.000000001
6.279946818645184 2.1195837870482377 0.2551494249886799 1620000.000000001
6.279946818645184 2.1195837870482377 0.2551494249886799 1620000.000000001
6.279946818645184 2.1195837870482377 0.2551494249886799 1620000.000000001
6.279946818645184 2.1195837870482377 0.2551494249886799 1620000.000000001
6.279946818645184 2.1195837870482377 0.2551494249886799 1620000.000000001
6.279946818645184 2.1195837870482377 0.2551494249886799 1620000.000000001
6.279946818645184 2.1195837870482377 0.2551494249886799 1620000.000000001
6.279946818645184 2.1195837870482377 0.2551494249886799 1620000.000000001
6.279946818645184 2.1195837870482377 0.2551494249886799 1620000.000000001
6.279946818645184 2.1195837870482377 0.2551494249886799 1620000.000000001
6.279946818645184 2.1195837870482377 0.2551494249886799 1620000.000000001
6.279946818645184 2.1195837870482377 0.2551494249886799 1620000.000000001
6.279946818645184 2.1195837870482377 0.2551494249886799 1620000.000000001
6.279946818645184 2.1195837870482377 0.2551494249886799 1620000.000000001
6.279946818645184 2.1195837870482377 0.2551494249886799 1620000.000000001
6.279946818645184 2.1195837870482377 0.2551494249886799 1620000.000000001
6.345401180188585 2.1636388398072257 0.26837360289691436 0.0 2,1,0 coil/filament1/filament2
6.300563885320037 2.1761469213102447 0.40809328553492735 1620000.000000001
6.236699991807998 2.132343646318519 0.38802649193250494 1620000.000000001
6.236699991807998 2.132343646318519 0.38802649193250494 1620000.000000001
6.236699991807998 2.132343646318519 0.38802649193250494 1620000.000000001
6.236699991807998 2.132343646318519 0.38802649193250494 1620000.000000001
6.236699991807998 2.132343646318519 0.38802649193250494 1620000.000000001
6.236699991807998 2.132343646318519 0.38802649193250494 1620000.000000001
6.236699991807998 2.132343646318519 0.38802649193250494 1620000.000000001
6.236699991807998 2.132343646318519 0.38802649193250494 1620000.000000001
6.236699991807998 2.132343646318519 0.38802649193250494 1620000.000000001
6.236699991807998 2.132343646318519 0.38802649193250494 1620000.000000001
6.236699991807998 2.132343646318519 0.38802649193250494 1620000.000000001
6.236699991807998 2.132343646318519 0.38802649193250494 1620000.000000001
6.236699991807998 2.132343646318519 0.38802649193250494 1620000.000000001
6.236699991807998 2.132343646318519 0.38802649193250494 1620000.000000001
6.236699991807998 2.132343646318519 0.38802649193250494 1620000.000000001
6.236699991807998 2.132343646318519 0.38802649193250494 1620000.000000001
6.236699991807998 2.132343646318519 0.38802649193250494 1620000.000000001
6.236699991807998 2.132343646318519 0.38802649193250494 1620000.000000001
6.236699991807998 2.132343646318519 0.38802649193250494 1620000.000000001
6.236699991807998 2.132343646318519 0.38802649193250494 1620000.000000001
6.236699991807998 2.132343646318519 0.38802649193250494 1620000.000000001
6.236699991807998 2.132343646318519 0.38802649193250494 1620000.000000001
6.236699991807998 2.132343646318519 0.38802649193250494 1620000.000000001
6.236699991807998 2.132343646318519 0.38802649193250494 1620000.000000001
6.236699991807998 2.132343646318519 0.38802649193250494 1620000.000000001
6.236699991807998 2.132343646318519 0.38802649193250494 1620000.000000001
6.236699991807998 2.132343646318519 0.38802649193250494 1620000.000000001
6.236699991807998 2.132343646318519 0.38802649193250494 1620000.000000001
6.236699991807998 2.132343646318519 0.38802649193250494 1620000.000000001
6.236699991807998 2.132343646318519 0.38802649193250494 1620000.000000001
6.236699991807998 2.132343646318519 0.38802649193250494 1620000.000000001
6.236699991807998 2.132343646318519 0.38802649193250494 1620000.000000001
6.236699991807998 2.132343646318519 0.38802649193250494 1620000.000000001
6.236699991807998 2.132343646318519 0.38802649193250494 1620000.000000001
6.236699991807998 2.132343646318519 0.38802649193250494 1620000.000000001
6.236699991807998 2.132343646318519 0.38802649193250494 1620000.000000001
6.236699991807998 2.132343646318519 0.38802649193250494 1620000.000000001
6.236699991807998 2.132343646318519 0.38802649193250494 1620000.000000001
6.236699991807998 2.132343646318519 0.38802649193250494 1620000.000000001
6.236699991807998 2.132343646318519 0.38802649193250494 1620000.000000001
6.236699991807998 2.132343646318519 0.38802649193250494 1620000.000000001
6.236699991807998 2.132343646318519 0.38802649193250494 1620000.000000001
6.236699991807998 2.132343646318519 0.38802649193250494 1620000.000000001
6.236699991807998 2.132343646318519 0.38802649193250494 1620000.000000001
6.236699991807998 2.132343646318519 0.38802649193250494 1620000.000000001
6.236699991807998 2.132343646318519 0.38802649193250494 1620000.000000001
6.236699991807998 2.132343646318519 0.38802649193250494 1620000.000000001
6.236699991807998 2.132343646318519 0.38802649193250494 1620000.000000001
6.236699991807998 2.132343646318519 0.38802649193250494 1620000.000000001
6.236699991807998 2.132343646318519 0.38802649193250494 1620000.000000001
6.236699991807998 2.132343646318519 0.38802649193250494 1620000.000000001
6.236699991807998 2.132343646318519 0.38802649193250494 1620000.000000001
6.236699991807998 2.132343646318519 0.38802649193250494 1620000.000000001
6.236699991807998 2.132343646318519 0.38802649193250494 1620000.000000001
6.236699991807998 2.132343646318519 0.38802649193250494 1620000.000000001
6.236699991807998 2.132343646318519 0.38802649193250494 1620000.000000001
6.236699991807998 2.132343646318519 0.38802649193250494 1620000.000000001
6.236699991807998 2.132343646318519 0.38802649193250494 1620000.000000001
6.236699991807998 2.132343646318519 0.38802649193250494 1620000.000000001
6.236699991807998 2.132343646318519 0.38802649193250494 1620000.000000001
6.236699991807998 2.132343646318519 0.38802649193250494 1620000.000000001
6.236699991807998 2.132343646318519 0.38802649193250494 1620000.000000001
6.236699991807998 2.132343646318519 0.38802649193250494 1620000.000000001
6.300563885320037 2.1761469213102447 0.40809328553492735 0.0 2,1,1 coil/filament1/filament2
6.1340487569723585 2.690197461025145 0.00926853561871771 1619999.9999998757
6.066321554446694 2.6521494506645644 -0.009846247813189704 1619999.9999998757
6.066321554446694 2.6521494506645644 -0.009846247813189704 1619999.9999998757
6.066321554446694 2.6521494506645644 -0.009846247813189704 1619999.9999998757
6.066321554446694 2.6521494506645644 -0.009846247813189704 1619999.9999998757
6.066321554446694 2.6521494506645644 -0.009846247813189704 1619999.9999998757
6.066321554446694 2.6521494506645644 -0.009846247813189704 1619999.9999998757
6.066321554446694 2.6521494506645644 -0.009846247813189704 1619999.9999998757
6.066321554446694 2.6521494506645644 -0.009846247813189704 1619999.9999998757
6.066321554446694 2.6521494506645644 -0.009846247813189704 1619999.9999998757
6.066321554446694 2.6521494506645644 -0.009846247813189704 1619999.9999998757
6.066321554446694 2.6521494506645644 -0.009846247813189704 1619999.9999998757
6.066321554446694 2.6521494506645644 -0.009846247813189704 1619999.9999998757
6.066321554446694 2.6521494506645644 -0.009846247813189704 1619999.9999998757
6.066321554446694 2.6521494506645644 -0.009846247813189704 1619999.9999998757
6.066321554446694 2.6521494506645644 -0.009846247813189704 1619999.9999998757
6.066321554446694 2.6521494506645644 -0.009846247813189704 1619999.9999998757
6.066321554446694 2.6521494506645644 -0.009846247813189704 1619999.9999998757
6.066321554446694 2.6521494506645644 -0.009846247813189704 1619999.9999998757
6.066321554446694 2.6521494506645644 -0.009846247813189704 1619999.9999998757
6.066321554446694 2.6521494506645644 -0.009846247813189704 1619999.9999998757
6.066321554446694 2.6521494506645644 -0.009846247813189704 1619999.9999998757
6.066321554446694 2.6521494506645644 -0.009846247813189704 1619999.9999998757
6.066321554446694 2.6521494506645644 -0.009846247813189704 1619999.9999998757
6.066321554446694 2.6521494506645644 -0.009846247813189704 1619999.9999998757
6.066321554446694 2.6521494506645644 -0.009846247813189704 1619999.9999998757
6.066321554446694 2.6521494506645644 -0.009846247813189704 1619999.9999998757
6.066321554446694 2.6521494506645644 -0.009846247813189704 1619999.9999998757
6.066321554446694 2.6521494506645644 -0.009846247813189704 1619999.9999998757
6.066321554446694 2.6521494506645644 -0.009846247813189704 1619999.9999998757
6.066321554446694 2.6521494506645644 -0.009846247813189704 1619999.9999998757
6.066321554446694 2.6521494506645644 -0.009846247813189704 1619999.9999998757
6.066321554446694 2.6521494506645644 -0.009846247813189704 1619999.9999998757
6.066321554446694 2.6521494506645644 -0.009846247813189704 1619999.9999998757
6.066321554446694 2.6521494506645644 -0.009846247813189704 1619999.9999998757
6.066321554446694 2.6521494506645644 -0.009846247813189704 1619999.9999998757
6.066321554446694 2.6521494506645644 -0.009846247813189704 1619999.9999998757
6.066321554446694 2.6521494506645644 -0.009846247813189704 1619999.9999998757
6.066321554446694 2.6521494506645644 -0.009846247813189704 1619999.9999998757
6.066321554446694 2.6521494506645644 -0.009846247813189704 1619999.9999998757
6.066321554446694 2.6521494506645644 -0.009846247813189704 1619999.9999998757
6.066321554446694 2.6521494506645644 -0.009846247813189704 1619999.9999998757
6.066321554446694 2.6521494506645644 -0.009846247813189704 1619999.9999998757
6.066321554446694 2.6521494506645644 -0.009846247813189704 1619999.9999998757
6.066321554446694 2.6521494506645644 -0.009846247813189704 1619999.9999998757
6.066321554446694 2.6521494506645644 -0.009846247813189704 1619999.9999998757
6.066321554446694 2.6521494506645644 -0.009846247813189704 1619999.9999998757
6.066321554446694 2.6521494506645644 -0.009846247813189704 1619999.9999998757
6.066321554446694 2.6521494506645644 -0.009846247813189704 1619999.9999998757
6.066321554446694 2.6521494506645644 -0.009846247813189704 1619999.9999998757
6.066321554446694 2.6521494506645644 -0.009846247813189704 1619999.9999998757
6.066321554446694 2.6521494506645644 -0.009846247813189704 1619999.9999998757
6.066321554446694 2.6521494506645644 -0.009846247813189704 1619999.9999998757
6.066321554446694 2.6521494506645644 -0.009846247813189704 1619999.9999998757
6.066321554446694 2.6521494506645644 -0.009846247813189704 1619999.9999998757
6.066321554446694 2.6521494506645644 -0.009846247813189704 1619999.9999998757
6.066321554446694 2.6521494506645644 -0.009846247813189704 1619999.9999998757
6.066321554446694 2.6521494506645644 -0.009846247813189704 1619999.9999998757
6.066321554446694 2.6521494506645644 -0.009846247813189704 1619999.9999998757
6.066321554446694 2.6521494506645644 -0.009846247813189704 1619999.9999998757
6.066321554446694 2.6521494506645644 -0.009846247813189704 1619999.9999998757
6.066321554446694 2.6521494506645644 -0.009846247813189704 1619999.9999998757
6.066321554446694 2.6521494506645644 -0.009846247813189704 1619999.9999998757
6.066321554446694 2.6521494506645644 -0.009846247813189704 1619999.9999998757
6.1340487569723585 2.690197461025145 0.00926853561871771 0.0 3,0,0 coil/filament1/filament2
6.045587112748619 2.7347314575135138 0.1913621243983326 1619999.9999998757
5.981467101980301 2.693635253437036 0.16687281592350503 1619999.9999998757
5.981467101980301 2.693635253437036 0.16687281592350503 1619999.9999998757
5.981467101980301 2.693635253437036 0.16687281592350503 1619999.9999998757
5.981467101980301 2.693635253437036 0.16687281592350503 1619999.9999998757
5.981467101980301 2.693635253437036 0.16687281592350503 1619999.9999998757
5.981467101980301 2.693635253437036 0.16687281592350503 1619999.9999998757
5.981467101980301 2.693635253437036 0.16687281592350503 1619999.9999998757
5.981467101980301 2.693635253437036 0.16687281592350503 1619999.9999998757
5.981467101980301 2.693635253437036 0.16687281592350503 1619999.9999998757
5.981467101980301 2.693635253437036 0.16687281592350503 1619999.9999998757
5.981467101980301 2.693635253437036 0.16687281592350503 1619999.9999998757
5.981467101980301 2.693635253437036 0.16687281592350503 1619999.9999998757
5.981467101980301 2.693635253437036 0.16687281592350503 1619999.9999998757
5.981467101980301 2.693635253437036 0.16687281592350503 1619999.9999998757
5.981467101980301 2.693635253437036 0.16687281592350503 1619999.9999998757
5.981467101980301 2.693635253437036 0.16687281592350503 1619999.9999998757
5.981467101980301 2.693635253437036 0.16687281592350503 1619999.9999998757
5.981467101980301 2.693635253437036 0.16687281592350503 1619999.9999998757
5.981467101980301 2.693635253437036 0.16687281592350503 1619999.9999998757
5.981467101980301 2.693635253437036 0.16687281592350503 1619999.9999998757
5.981467101980301 2.693635253437036 0.16687281592350503 1619999.9999998757
5.981467101980301 2.693635253437036 0.16687281592350503 1619999.9999998757
5.981467101980301 2.693635253437036 0.16687281592350503 1619999.9999998757
5.981467101980301 2.693635253437036 0.16687281592350503 1619999.9999998757
5.981467101980301 2.693635253437036 0.16687281592350503 1619999.9999998757
5.981467101980301 2.693635253437036 0.16687281592350503 1619999.9999998757
5.981467101980301 2.693635253437036 0.16687281592350503 1619999.9999998757
5.981467101980301 2.693635253437036 0.16687281592350503 1619999.9999998757
5.981467101980301 2.693635253437036 0.16687281592350503 1619999.9999998757
5.981467101980301 2.693635253437036 0.16687281592350503 1619999.9999998757
5.981467101980301 2.693635253437036 0.16687281592350503 1619999.9999998757
5.981467101980301 2.693635253437036 0.16687281592350503 1619999.9999998757
5.981467101980301 2.693635253437036 0.16687281592350503 1619999.9999998757
5.981467101980301 2.693635253437036 0.16687281592350503 1619999.9999998757
5.981467101980301 2.693635253437036 0.16687281592350503 1619999.9999998757
5.981467101980301 2.693635253437036 0.16687281592350503 1619999.9999998757
5.981467101980301 2.693635253437036 0.16687281592350503 1619999.9999998757
5.981467101980301 2.693635253437036 0.16687281592350503 1619999.9999998757
5.981467101980301 2.693635253437036 0.16687281592350503 1619999.9999998757
5.981467101980301 2.693635253437036 0.16687281592350503 1619999.9999998757
5.981467101980301 2.693635253437036 0.16687281592350503 1619999.9999998757
5.981467101980301 2.693635253437036 0.16687281592350503 1619999.9999998757
5.981467101980301 2.693635253437036 0.16687281592350503 1619999.9999998757
5.981467101980301 2.693635253437036 0.16687281592350503 1619999.9999998757
5.981467101980301 2.693635253437036 0.16687281592350503 1619999.9999998757
5.981467101980301 2.693635253437036 0.16687281592350503 1619999.9999998757
5.981467101980301 2.693635253437036 0.16687281592350503 1619999.9999998757
5.981467101980301 2.693635253437036 0.16687281592350503 1619999.9999998757
5.981467101980301 2.693635253437036 0.16687281592350503 1619999.9999998757
5.981467101980301 2.693635253437036 0.16687281592350503 1619999.9999998757
5.981467101980301 2.693635253437036 0.16687281592350503 1619999.9999998757
5.981467101980301 2.693635253437036 0.16687281592350503 1619999.9999998757
5.981467101980301 2.693635253437036 0.16687281592350503 1619999.9999998757
5.981467101980301 2.693635253437036 0.16687281592350503 1619999.9999998757
5.981467101980301 2.693635253437036 0.16687281592350503 1619999.9999998757
5.981467101980301 2.693635253437036 0.16687281592350503 1619999.9999998757
5.981467101980301 2.693635253437036 0.16687281592350503 1619999.9999998757
5.981467101980301 2.693635253437036 0.16687281592350503 1619999.9999998757
5.981467101980301 2.693635253437036 0.16687281592350503 1619999.9999998757
5.981467101980301 2.693635253437036 0.16687281592350503 1619999.9999998757
5.981467101980301 2.693635253437036 0.16687281592350503 1619999.9999998757
5.981467101980301 2.693635253437036 0.16687281592350503 1619999.9999998757
5.981467101980301 2.693635253437036 0.16687281592350503 1619999.9999998757
6.045587112748619 2.7347314575135138 0.1913621243983326 0.0 3,0,1 coil/filament1/filament2
6.1644334391817415 2.621851754363997 0.0376522539801852 1619999.9999998757
6.096706236656077 2.5838037440034163 0.018537470548277788 1619999.9999998757
6.096706236656077 2.5838037440034163 0.018537470548277788 1619999.9999998757
6.096706236656077 2.5838037440034163 0.018537470548277788 1619999.9999998757
6.096706236656077 2.5838037440034163 0.018537470548277788 1619999.9999998757
6.096706236656077 2.5838037440034163 0.018537470548277788 1619999.9999998757
6.096706236656077 2.5838037440034163 0.018537470548277788 1619999.9999998757
6.096706236656077 2.5838037440034163 0.018537470548277788 1619999.9999998757
6.096706236656077 2.5838037440034163 0.018537470548277788 1619999.9999998757
6.096706236656077 2.5838037440034163 0.018537470548277788 1619999.9999998757
6.096706236656077 2.5838037440034163 0.018537470548277788 1619999.9999998757
6.096706236656077 2.5838037440034163 0.018537470548277788 1619999.9999998757
6.096706236656077 2.5838037440034163 0.018537470548277788 1619999.9999998757
6.096706236656077 2.5838037440034163 0.018537470548277788 1619999.9999998757
6.096706236656077 2.5838037440034163 0.018537470548277788 1619999.9999998757
6.096706236656077 2.5838037440034163 0.018537470548277788 1619999.9999998757
6.096706236656077 2.5838037440034163 0.018537470548277788 1619999.9999998757
6.096706236656077 2.5838037440034163 0.018537470548277788 1619999.9999998757
6.096706236656077 2.5838037440034163 0.018537470548277788 1619999.9999998757
6.096706236656077 2.5838037440034163 0.018537470548277788 1619999.9999998757
6.096706236656077 2.5838037440034163 0.018537470548277788 1619999.9999998757
6.096706236656077 2.5838037440034163 0.018537470548277788 1619999.9999998757
6.096706236656077 2.5838037440034163 0.018537470548277788 1619999.9999998757
6.096706236656077 2.5838037440034163 0.018537470548277788 1619999.9999998757
6.096706236656077 2.5838037440034163 0.018537470548277788 1619999.9999998757
6.096706236656077 2.5838037440034163 0.018537470548277788 1619999.9999998757
6.096706236656077 2.5838037440034163 0.018537470548277788 1619999.9999998757
6.096706236656077 2.5838037440034163 0.018537470548277788 1619999.9999998757
6.096706236656077 2.5838037440034163 0.018537470548277788 1619999.9999998757
6.096706236656077 2.5838037440034163 0.018537470548277788 1619999.9999998757
6.096706236656077 2.5838037440034163 0.018537470548277788 1619999.9999998757
6.096706236656077 2.5838037440034163 0.018537470548277788 1619999.9999998757
6.096706236656077 2.5838037440034163 0.018537470548277788 1619999.9999998757
6.096706236656077 2.5838037440034163 0.018537470548277788 1619999.9999998757
6.096706236656077 2.5838037440034163 0.018537470548277788 1619999.9999998757
6.096706236656077 2.5838037440034163 0.018537470548277788 1619999.9999998757
6.096706236656077 2.5838037440034163 0.018537470548277788 1619999.9999998757
6.096706236656077 2.5838037440034163 0.018537470548277788 1619999.9999998757
6.096706236656077 2.5838037440034163 0.018537470548277788 1619999.9999998757
6.096706236656077 2.5838037440034163 0.018537470548277788 1619999.9999998757
6.096706236656077 2.5838037440034163 0.018537470548277788 1619999.9999998757
6.096706236656077 2.5838037440034163 0.018537470548277788 1619999.9999998757
6.096706236656077 2.5838037440034163 0.018537470548277788 1619999.9999998757
6.096706236656077 2.5838037440034163 0.018537470548277788 1619999.9999998757
6.096706236656077 2.5838037440034163 0.018537470548277788 1619999.9999998757
6.096706236656077 2.5838037440034163 0.018537470548277788 1619999.9999998757
6.096706236656077 2.5838037440034163 0.018537470548277788 1619999.9999998757
6.096706236656077 2.5838037440034163 0.018537470548277788 1619999.9999998757
6.096706236656077 2.5838037440034163 0.018537470548277788 1619999.9999998757
6.096706236656077 2.5838037440034163 0.018537470548277788 1619999.9999998757
6.096706236656077 2.5838037440034163 0.018537470548277788 1619999.9999998757
6.096706236656077 2.5838037440034163 0.018537470548277788 1619999.9999998757
6.096706236656077 2.5838037440034163 0.018537470548277788 1619999.9999998757
6.096706236656077 2.5838037440034163 0.018537470548277788 1619999.9999998757
6.096706236656077 2.5838037440034163 0.018537470548277788 1619999.9999998757
6.096706236656077 2.5838037440034163 0.018537470548277788 1619999.9999998757
6.096706236656077 2.5838037440034163 0.018537470548277788 1619999.9999998757
6.096706236656077 2.5838037440034163 0.018537470548277788 1619999.9999998757
6.096706236656077 2.5838037440034163 0.018537470548277788 1619999.9999998757
6.096706236656077 2.5838037440034163 0.018537470548277788 1619999.9999998757
6.096706236656077 2.5838037440034163 0.018537470548277788 1619999.9999998757
6.096706236656077 2.5838037440034163 0.018537470548277788 1619999.9999998757
6.096706236656077 2.5838037440034163 0.018537470548277788 1619999.9999998757
6.096706236656077 2.5838037440034163 0.018537470548277788 1619999.9999998757
6.1644334391817415 2.621851754363997 0.0376522539801852 0.0 3,1,0 coil/filament1/filament2
6.075749442066662 2.6682158189787546 0.22401030536486186 1619999.9999998757
6.011629431298344 2.6271196149022766 0.19952099689003427 1619999.9999998757
6.011629431298344 2.6271196149022766 0.19952099689003427 1619999.9999998757
6.011629431298344 2.6271196149022766 0.19952099689003427 1619999.9999998757
6.011629431298344 2.6271196149022766 0.19952099689003427 1619999.9999998757
6.011629431298344 2.6271196149022766 0.19952099689003427 1619999.9999998757
6.011629431298344 2.6271196149022766 0.19952099689003427 1619999.9999998757
6.011629431298344 2.6271196149022766 0.19952099689003427 1619999.9999998757
6.011629431298344 2.6271196149022766 0.19952099689003427 1619999.9999998757
6.011629431298344 2.6271196149022766 0.19952099689003427 1619999.9999998757
6.011629431298344 2.6271196149022766 0.19952099689003427 1619999.9999998757
6.011629431298344 2.6271196149022766 0.19952099689003427 1619999.9999998757
6.011629431298344 2.6271196149022766 0.19952099689003427 1619999.9999998757
6.011629431298344 2.6271196149022766 0.19952099689003427 1619999.9999998757
6.011629431298344 2.6271196149022766 0.19952099689003427 1619999.9999998757
6.011629431298344 2.6271196149022766 0.19952099689003427 1619999.9999998757
6.011629431298344 2.6271196149022766 0.19952099689003427 1619999.9999998757
6.011629431298344 2.6271196149022766 0.19952099689003427 1619999.9999998757
6.011629431298344 2.6271196149022766 0.19952099689003427 1619999.9999998757
6.011629431298344 2.6271196149022766 0.19952099689003427 1619999.9999998757
6.011629431298344 2.6271196149022766 0.19952099689003427 1619999.9999998757
6.011629431298344 2.6271196149022766 0.19952099689003427 1619999.9999998757
6.011629431298344 2.6271196149022766 0.19952099689003427 1619999.9999998757
6.011629431298344 2.6271196149022766 0.19952099689003427 1619999.9999998757
6.011629431298344 2.6271196149022766 0.19952099689003427 1619999.9999998757
6.011629431298344 2.6271196149022766 0.19952099689003427 1619999.9999998757
6.011629431298344 2.6271196149022766 0.19952099689003427 1619999.9999998757
6.011629431298344 2.6271196149022766 0.19952099689003427 1619999.9999998757
6.011629431298344 2.6271196149022766 0.19952099689003427 1619999.9999998757
6.011629431298344 2.6271196149022766 0.19952099689003427 1619999.9999998757
6.011629431298344 2.6271196149022766 0.19952099689003427 1619999.9999998757
6.011629431298344 2.6271196149022766 0.19952099689003427 1619999.9999998757
6.011629431298344 2.6271196149022766 0.19952099689003427 1619999.9999998757
6.011629431298344 2.6271196149022766 0.19952099689003427 1619999.9999998757
6.011629431298344 2.6271196149022766 0.19952099689003427 1619999.9999998757
6.011629431298344 2.6271196149022766 0.19952099689003427 1619999.9999998757
6.011629431298344 2.6271196149022766 0.19952099689003427 1619999.9999998757
6.011629431298344 2.6271196149022766 0.19952099689003427 1619999.9999998757
6.011629431298344 2.6271196149022766 0.19952099689003427 1619999.9999998757
6.011629431298344 2.6271196149022766 0.19952099689003427 1619999.9999998757
6.011629431298344 2.6271196149022766 0.19952099689003427 1619999.9999998757
6.011629431298344 2.6271196149022766 0.19952099689003427 1619999.9999998757
6.011629431298344 2.6271196149022766 0.19952099689003427 1619999.9999998757
6.011629431298344 2.6271196149022766 0.19952099689003427 1619999.9999998757
6.011629431298344 2.6271196149022766 0.19952099689003427 1619999.9999998757
6.011629431298344 2.6271196149022766 0.19952099689003427 1619999.9999998757
6.011629431298344 2.6271196149022766 0.19952099689003427 1619999.9999998757
6.011629431298344 2.6271196149022766 0.19952099689003427 1619999.9999998757
6.011629431298344 2.6271196149022766 0.19952099689003427 1619999.9999998757
6.011629431298344 2.6271196149022766 0.19952099689003427 1619999.9999998757
6.011629431298344 2.6271196149022766 0.19952099689003427 1619999.9999998757
6.011629431298344 2.6271196149022766 0.19952099689003427 1619999.9999998757
6.011629431298344 2.6271196149022766 0.19952099689003427 1619999.9999998757
6.011629431298344 2.6271196149022766 0.19952099689003427 1619999.9999998757
6.011629431298344 2.6271196149022766 0.19952099689003427 1619999.9999998757
6.011629431298344 2.6271196149022766 0.19952099689003427 1619999.9999998757
6.011629431298344 2.6271196149022766 0.19952099689003427 1619999.9999998757
6.011629431298344 2.6271196149022766 0.19952099689003427 1619999.9999998757
6.011629431298344 2.6271196149022766 0.19952099689003427 1619999.9999998757
6.011629431298344 2.6271196149022766 0.19952099689003427 1619999.9999998757
6.011629431298344 2.6271196149022766 0.19952099689003427 1619999.9999998757
6.011629431298344 2.6271196149022766 0.19952099689003427 1619999.9999998757
6.011629431298344 2.6271196149022766 0.19952099689003427 1619999.9999998757
6.011629431298344 2.6271196149022766 0.19952099689003427 1619999.9999998757
6.075749442066662 2.6682158189787546 0.22401030536486186 0.0 3,1,1 coil/filament1/filament2
5.75923008146258 3.3651533838938885 -0.014970900905810727 1619999.999999775
5.686920274506181 3.332478962145504 -0.004788858805280086 1619999.999999775
5.686920274506181 3.332478962145504 -0.004788858805280086 1619999.999999775
5.686920274506181 3.332478962145504 -0.004788858805280086 1619999.999999775
5.686920274506181 3.332478962145504 -0.004788858805280086 1619999.999999775
5.686920274506181 3.332478962145504 -0.004788858805280086 1619999.999999775
5.686920274506181 3.332478962145504 -0.004788858805280086 1619999.999999775
5.686920274506181 3.332478962145504 -0.004788858805280086 1619999.999999775
5.686920274506181 3.332478962145504 -0.004788858805280086 1619999.999999775
5.686920274506181 3.332478962145504 -0.004788858805280086 1619999.999999775
5.686920274506181 3.332478962145504 -0.004788858805280086 1619999.999999775
5.686920274506181 3.332478962145504 -0.004788858805280086 1619999.999999775
5.686920274506181 3.332478962145504 -0.004788858805280086 1619999.999999775
5.686920274506181 3.332478962145504 -0.004788858805280086 1619999.999999775
5.686920274506181 3.332478962145504 -0.004788858805280086 1619999.999999775
5.686920274506181 3.332478962145504 -0.004788858805280086 1619999.999999775
5.686920274506181 3.332478962145504 -0.004788858805280086 1619999.999999775
5.686920274506181 3.332478962145504 -0.004788858805280086 1619999.999999775
5.686920274506181 3.332478962145504 -0.004788858805280086 1619999.999999775
5.686920274506181 3.332478962145504 -0.004788858805280086 1619999.999999775
5.686920274506181 3.332478962145504 -0.004788858805280086 1619999.999999775
5.686920274506181 3.332478962145504 -0.004788858805280086 1619999.999999775
5.686920274506181 3.332478962145504 -0.004788858805280086 1619999.999999775
5.686920274506181 3.332478962145504 -0.004788858805280086 1619999.999999775
5.686920274506181 3.332478962145504 -0.004788858805280086 1619999.999999775
5.686920274506181 3.332478962145504 -0.004788858805280086 1619999.999999775
5.686920274506181 3.332478962145504 -0.004788858805280086 1619999.999999775
5.686920274506181 3.332478962145504 -0.004788858805280086 1619999.999999775
5.686920274506181 3.332478962145504 -0.004788858805280086 1619999.999999775
5.686920274506181 3.332478962145504 -0.004788858805280086 1619999.999999775
5.686920274506181 3.332478962145504 -0.004788858805280086 1619999.999999775
5.686920274506181 3.332478962145504 -0.004788858805280086 1619999.999999775
5.686920274506181 3.332478962145504 -0.004788858805280086 1619999.999999775
5.686920274506181 3.332478962145504 -0.004788858805280086 1619999.999999775
5.686920274506181 3.332478962145504 -0.004788858805280086 1619999.999999775
5.686920274506181 3.332478962145504 -0.004788858805280086 1619999.999999775
5.686920274506181 3.332478962145504 -0.004788858805280086 1619999.999999775
5.686920274506181 3.332478962145504 -0.004788858805280086 1619999.999999775
5.686920274506181 3.332478962145504 -0.004788858805280086 1619999.999999775
5.686920274506181 3.332478962145504 -0.004788858805280086 1619999.999999775
5.686920274506181 3.332478962145504 -0.004788858805280086 1619999.999999775
5.686920274506181 3.332478962145504 -0.004788858805280086 1619999.999999775
5.686920274506181 3.332478962145504 -0.004788858805280086 1619999.999999775
5.686920274506181 3.332478962145504 -0.004788858805280086 1619999.999999775
5.686920274506181 3.332478962145504 -0.004788858805280086 1619999.999999775
5.686920274506181 3.332478962145504 -0.004788858805280086 1619999.999999775
5.686920274506181 3.332478962145504 -0.004788858805280086 1619999.999999775
5.686920274506181 3.332478962145504 -0.004788858805280086 1619999.999999775
5.686920274506181 3.332478962145504 -0.004788858805280086 1619999.999999775
5.686920274506181 3.332478962145504 -0.004788858805280086 1619999.999999775
5.686920274506181 3.332478962145504 -0.004788858805280086 1619999.999999775
5.686920274506181 3.332478962145504 -0.004788858805280086 1619999.999999775
5.686920274506181 3.332478962145504 -0.004788858805280086 1619999.999999775
5.686920274506181 3.332478962145504 -0.004788858805280086 1619999.999999775
5.686920274506181 3.332478962145504 -0.004788858805280086 1619999.999999775
5.686920274506181 3.332478962145504 -0.004788858805280086 1619999.999999775
5.686920274506181 3.332478962145504 -0.004788858805280086 1619999.999999775
5.686920274506181 3.332478962145504 -0.004788858805280086 1619999.999999775
5.686920274506181 3.332478962145504 -0.004788858805280086 1619999.999999775
5.686920274506181 3.332478962145504 -0.004788858805280086 1619999.999999775
5.686920274506181 3.332478962145504 -0.004788858805280086 1619999.999999775
5.686920274506181 3.332478962145504 -0.004788858805280086 1619999.999999775
5.686920274506181 3.332478962145504 -0.004788858805280086 1619999.999999775
5.686920274506181 3.332478962145504 -0.004788858805280086 1619999.999999775
5.75923008146258 3.3651533838938885 -0.014970900905810727 0.0 4,0,0 coil/filament1/filament2
5.791888719255803 3.2858329810306257 0.10141378707894128 1619999.999999775
5.715337308766745 3.263512406682683 0.09495828454902427 1619999.999999775
5.715337308766745 3.263512406682683 0.09495828454902427 1619999.999999775
5.715337308766745 3.263512406682683 0.09495828454902427 1619999.999999775
5.715337308766745 3.263512406682683 0.09495828454902427 1619999.999999775
5.715337308766745 3.263512406682683 0.09495828454902427 1619999.999999775
5.715337308766745 3.263512406682683 0.09495828454902427 1619999.999999775
5.715337308766745 3.263512406682683 0.09495828454902427 1619999.999999775
5.715337308766745 3.263512406682683 0.09495828454902427 1619999.999999775
5.715337308766745 3.263512406682683 0.09495828454902427 1619999.999999775
5.715337308766745 3.263512406682683 0.09495828454902427 1619999.999999775
5.715337308766745 3.263512406682683 0.09495828454902427 1619999.999999775
5.715337308766745 3.263512406682683 0.09495828454902427 1619999.999999775
5.715337308766745 3.263512406682683 0.09495828454902427 1619999.999999775
5.715337308766745 3.263512406682683 0.09495828454902427 1619999.999999775
5.715337308766745 3.263512406682683 0.09495828454902427 1619999.999999775
5.715337308766745 3.263512406682683 0.09495828454902427 1619999.999999775
5.715337308766745 3.263512406682683 0.09495828454902427 1619999.999999775
5.715337308766745 3.263512406682683 0.09495828454902427 1619999.999999775
5.715337308766745 3.263512406682683 0.09495828454902427 1619999.999999775
5.715337308766745 3.263512406682683 0.09495828454902427 1619999.999999775
5.715337308766745 3.263512406682683 0.09495828454902427 1619999.999999775
5.715337308766745 3.263512406682683 0.09495828454902427 1619999.999999775
5.715337308766745 3.263512406682683 0.09495828454902427 1619999.999999775
5.715337308766745 3.263512406682683 0.09495828454902427 1619999.999999775
5.715337308766745 3.263512406682683 0.09495828454902427 1619999.999999775
5.715337308766745 3.263512406682683 0.09495828454902427 1619999.999999775
5.715337308766745 3.263512406682683 0.09495828454902427 1619999.999999775
5.715337308766745 3.263512406682683 0.09495828454902427 1619999.999999775
5.715337308766745 3.263512406682683 0.09495828454902427 1619999.999999775
5.715337308766745 3.263512406682683 0.09495828454902427 1619999.999999775
5.715337308766745 3.263512406682683 0.09495828454902427 1619999.999999775
5.715337308766745 3.263512406682683 0.09495828454902427 1619999.999999775
5.715337308766745 3.263512406682683 0.09495828454902427 1619999.999999775
5.715337308766745 3.263512406682683 0.09495828454902427 1619999.999999775
5.715337308766745 3.263512406682683 0.09495828454902427 1619999.999999775
5.715337308766745 3.263512406682683 0.09495828454902427 1619999.999999775
5.715337308766745 3.263512406682683 0.09495828454902427 1619999.999999775
5.715337308766745 3.263512406682683 0.09495828454902427 1619999.999999775
5.715337308766745 3.263512406682683 0.09495828454902427 1619999.999999775
5.715337308766745 3.263512406682683 0.09495828454902427 1619999.999999775
5.715337308766745 3.263512406682683 0.09495828454902427 1619999.999999775
5.715337308766745 3.263512406682683 0.09495828454902427 1619999.999999775
5.715337308766745 3.263512406682683 0.09495828454902427 1619999.999999775
5.715337308766745 3.263512406682683 0.09495828454902427 1619999.999999775
5.715337308766745 3.263512406682683 0.09495828454902427 1619999.999999775
5.715337308766745 3.263512406682683 0.09495828454902427 1619999.999999775
5.715337308766745 3.263512406682683 0.09495828454902427 1619999.999999775
5.715337308766745 3.263512406682683 0.09495828454902427 1619999.999999775
5.715337308766745 3.263512406682683 0.09495828454902427 1619999.999999775
5.715337308766745 3.263512406682683 0.09495828454902427 1619999.999999775
5.715337308766745 3.263512406682683 0.09495828454902427 1619999.999999775
5.715337308766745 3.263512406682683 0.09495828454902427 1619999.999999775
5.715337308766745 3.263512406682683 0.09495828454902427 1619999.999999775
5.715337308766745 3.263512406682683 0.09495828454902427 1619999.999999775
5.715337308766745 3.263512406682683 0.09495828454902427 1619999.999999775
5.715337308766745 3.263512406682683 0.09495828454902427 1619999.999999775
5.715337308766745 3.263512406682683 0.09495828454902427 1619999.999999775
5.715337308766745 3.263512406682683 0.09495828454902427 1619999.999999775
5.715337308766745 3.263512406682683 0.09495828454902427 1619999.999999775
5.715337308766745 3.263512406682683 0.09495828454902427 1619999.999999775
5.715337308766745 3.263512406682683 0.09495828454902427 1619999.999999775
5.715337308766745 3.263512406682683 0.09495828454902427 1619999.999999775
5.715337308766745 3.263512406682683 0.09495828454902427 1619999.999999775
5.791888719255803 3.2858329810306257 0.10141378707894128 0.0 4,0,1 coil/filament1/filament2
5.777138144965304 3.3087475203657433 -0.06880100234753798 1619999.999999775
5.704828338008904 3.276073098617359 -0.05861896024700734 1619999.999999775
5.704828338008904 3.276073098617359 -0.05861896024700734 1619999.999999775
5.704828338008904 3.276073098617359 -0.05861896024700734 1619999.999999775
5.704828338008904 3.276073098617359 -0.05861896024700734 1619999.999999775
5.704828338008904 3.276073098617359 -0.05861896024700734 1619999.999999775
5.704828338008904 3.276073098617359 -0.05861896024700734 1619999.999999775
5.704828338008904 3.276073098617359 -0.05861896024700734 1619999.999999775
5.704828338008904 3.276073098617359 -0.05861896024700734 1619999.999999775
5.704828338008904 3.276073098617359 -0.05861896024700734 1619999.999999775
5.704828338008904 3.276073098617359 -0.05861896024700734 1619999.999999775
5.704828338008904 3.276073098617359 -0.05861896024700734 1619999.999999775
5.704828338008904 3.276073098617359 -0.05861896024700734 1619999.999999775
5.704828338008904 3.276073098617359 -0.05861896024700734 1619999.999999775
5.704828338008904 3.276073098617359 -0.05861896024700734 1619999.999999775
5.704828338008904 3.276073098617359 -0.05861896024700734 1619999.999999775
5.704828338008904 3.276073098617359 -0.05861896024700734 1619999.999999775
5.704828338008904 3.276073098617359 -0.05861896024700734 1619999.999999775
5.704828338008904 3.276073098617359 -0.05861896024700734 1619999.999999775
5.704828338008904 3.276073098617359 -0.05861896024700734 1619999.999999775
5.704828338008904 3.276073098617359 -0.05861896024700734 1619999.999999775
5.704828338008904 3.276073098617359 -0.05861896024700734 1619999.999999775
5.704828338008904 3.276073098617359 -0.05861896024700734 1619999.999999775
5.704828338008904 3.276073098617359 -0.05861896024700734 1619999.999999775
5.704828338008904 3.276073098617359 -0.05861896024700734 1619999.999999775
5.704828338008904 3.276073098617359 -0.05861896024700734 1619999.999999775
5.704828338008904 3.276073098617359 -0.05861896024700734 1619999.999999775
5.704828338008904 3.276073098617359 -0.05861896024700734 1619999.999999775
5.704828338008904 3.276073098617359 -0.05861896024700734 1619999.999999775
5.704828338008904 3.276073098617359 -0.05861896024700734 1619999.999999775
5.704828338008904 3.276073098617359 -0.05861896024700734 1619999.999999775
5.704828338008904 3.276073098617359 -0.05861896024700734 1619999.999999775
5.704828338008904 3.276073098617359 -0.05861896024700734 1619999.999999775
5.704828338008904 3.276073098617359 -0.05861896024700734 1619999.999999775
5.704828338008904 3.276073098617359 -0.05861896024700734 1619999.999999775
5.704828338008904 3.276073098617359 -0.05861896024700734 1619999.999999775
5.704828338008904 3.276073098617359 -0.05861896024700734 1619999.999999775
5.704828338008904 3.276073098617359 -0.05861896024700734 1619999.999999775
5.704828338008904 3.276073098617359 -0.05861896024700734 1619999.999999775
5.704828338008904 3.276073098617359 -0.05861896024700734 1619999.999999775
5.704828338008904 3.276073098617359 -0.05861896024700734 1619999.999999775
5.704828338008904 3.276073098617359 -0.05861896024700734 1619999.999999775
5.704828338008904 3.276073098617359 -0.05861896024700734 1619999.999999775
5.704828338008904 3.276073098617359 -0.05861896024700734 1619999.999999775
5.704828338008904 3.276073098617359 -0.05861896024700734 1619999.999999775
5.704828338008904 3.276073098617359 -0.05861896024700734 1619999.999999775
5.704828338008904 3.276073098617359 -0.05861896024700734 1619999.999999775
5.704828338008904 3.276073098617359 -0.05861896024700734 1619999.999999775
5.704828338008904 3.276073098617359 -0.05861896024700734 1619999.999999775
5.704828338008904 3.276073098617359 -0.05861896024700734 1619999.999999775
5.704828338008904 3.276073098617359 -0.05861896024700734 1619999.999999775
5.704828338008904 3.276073098617359 -0.05861896024700734 1619999.999999775
5.704828338008904 3.276073098617359 -0.05861896024700734 1619999.999999775
5.704828338008904 3.276073098617359 -0.05861896024700734 1619999.999999775
5.704828338008904 3.276073098617359 -0.05861896024700734 1619999.999999775
5.704828338008904 3.276073098617359 -0.05861896024700734 1619999.999999775
5.704828338008904 3.276073098617359 -0.05861896024700734 1619999.999999775
5.704828338008904 3.276073098617359 -0.05861896024700734 1619999.999999775
5.704828338008904 3.276073098617359 -0.05861896024700734 1619999.999999775
5.704828338008904 3.276073098617359 -0.05861896024700734 1619999.999999775
5.704828338008904 3.276073098617359 -0.05861896024700734 1619999.999999775
5.704828338008904 3.276073098617359 -0.05861896024700734 1619999.999999775
5.704828338008904 3.276073098617359 -0.05861896024700734 1619999.999999775
5.704828338008904 3.276073098617359 -0.05861896024700734 1619999.999999775
5.777138144965304 3.3087475203657433 -0.06880100234753798 0.0 4,1,0 coil/filament1/filament2
5.814386590926354 3.2201848170180774 0.06161222514882412 1619999.999999775
5.737835180437297 3.1978642426701347 0.05515672261890712 1619999.999999775
5.737835180437297 3.1978642426701347 0.05515672261890712 1619999.999999775
5.737835180437297 3.1978642426701347 0.05515672261890712 1619999.999999775
5.737835180437297 3.1978642426701347 0.05515672261890712 1619999.999999775
5.737835180437297 3.1978642426701347 0.05515672261890712 1619999.999999775
5.737835180437297 3.1978642426701347 0.05515672261890712 1619999.999999775
5.737835180437297 3.1978642426701347 0.05515672261890712 1619999.999999775
5.737835180437297 3.1978642426701347 0.05515672261890712 1619999.999999775
5.737835180437297 3.1978642426701347 0.05515672261890712 1619999.999999775
5.737835180437297 3.1978642426701347 0.05515672261890712 1619999.999999775
5.737835180437297 3.1978642426701347 0.05515672261890712 1619999.999999775
5.737835180437297 3.1978642426701347 0.05515672261890712 1619999.999999775
5.737835180437297 3.1978642426701347 0.05515672261890712 1619999.999999775
5.737835180437297 3.1978642426701347 0.05515672261890712 1619999.999999775
5.737835180437297 3.1978642426701347 0.05515672261890712 1619999.999999775
5.737835180437297 3.1978642426701347 0.05515672261890712 1619999.999999775
5.737835180437297 3.1978642426701347 0.05515672261890712 1619999.999999775
5.737835180437297 3.1978642426701347 0.05515672261890712 1619999.999999775
5.737835180437297 3.1978642426701347 0.05515672261890712 1619999.999999775
5.737835180437297 3.1978642426701347 0.05515672261890712 1619999.999999775
5.737835180437297 3.1978642426701347 0.05515672261890712 1619999.999999775
5.737835180437297 3.1978642426701347 0.05515672261890712 1619999.999999775
5.737835180437297 3.1978642426701347 0.05515672261890712 1619999.999999775
5.737835180437297 3.1978642426701347 0.05515672261890712 1619999.999999775
5.737835180437297 3.1978642426701347 0.05515672261890712 1619999.999999775
5.737835180437297 3.1978642426701347 0.05515672261890712 1619999.999999775
5.737835180437297 3.1978642426701347 0.05515672261890712 1619999.999999775
5.737835180437297 3.1978642426701347 0.05515672261890712 1619999.999999775
5.737835180437297 3.1978642426701347 0.05515672261890712 1619999.999999775
5.737835180437297 3.1978642426701347 0.05515672261890712 1619999.999999775
5.737835180437297 3.1978642426701347 0.05515672261890712 1619999.999999775
5.737835180437297 3.1978642426701347 0.05515672261890712 1619999.999999775
5.737835180437297 3.1978642426701347 0.05515672261890712 1619999.999999775
5.737835180437297 3.1978642426701347 0.05515672261890712 1619999.999999775
5.737835180437297 3.1978642426701347 0.05515672261890712 1619999.999999775
5.737835180437297 3.1978642426701347 0.05515672261890712 1619999.999999775
5.737835180437297 3.1978642426701347 0.05515672261890712 1619999.999999775
5.737835180437297 3.1978642426701347 0.05515672261890712 1619999.999999775
5.737835180437297 3.1978642426701347 0.05515672261890712 1619999.999999775
5.737835180437297 3.1978642426701347 0.05515672261890712 1619999.999999775
5.737835180437297 3.1978642426701347 0.05515672261890712 1619999.999999775
5.737835180437297 3.1978642426701347 0.05515672261890712 1619999.999999775
5.737835180437297 3.1978642426701347 0.05515672261890712 1619999.999999775
5.737835180437297 3.1978642426701347 0.05515672261890712 1619999.999999775
5.737835180437297 3.1978642426701347 0.05515672261890712 1619999.999999775
5.737835180437297 3.1978642426701347 0.05515672261890712 1619999.999999775
5.737835180437297 3.1978642426701347 0.05515672261890712 1619999.999999775
5.737835180437297 3.1978642426701347 0.05515672261890712 1619999.999999775
5.737835180437297 3.1978642426701347 0.05515672261890712 1619999.999999775
5.737835180437297 3.1978642426701347 0.05515672261890712 1619999.999999775
5.737835180437297 3.1978642426701347 0.05515672261890712 1619999.999999775
5.737835180437297 3.1978642426701347 0.05515672261890712 1619999.999999775
5.737835180437297 3.1978642426701347 0.05515672261890712 1619999.999999775
5.737835180437297 3.1978642426701347 0.05515672261890712 1619999.999999775
5.737835180437297 3.1978642426701347 0.05515672261890712 1619999.999999775
5.737835180437297 3.1978642426701347 0.05515672261890712 1619999.999999775
5.737835180437297 3.1978642426701347 0.05515672261890712 1619999.999999775
5.737835180437297 3.1978642426701347 0.05515672261890712 1619999.999999775
5.737835180437297 3.1978642426701347 0.05515672261890712 1619999.999999775
5.737835180437297 3.1978642426701347 0.05515672261890712 1619999.999999775
5.737835180437297 3.1978642426701347 0.05515672261890712 1619999.999999775
5.737835180437297 3.1978642426701347 0.05515672261890712 1619999.999999775
5.737835180437297 3.1978642426701347 0.05515672261890712 1619999.999999775
5.814386590926354 3.2201848170180774 0.06161222514882412 0.0 4,1,1 coil/filament1/filament2
