periods 0
begin filament
FOCUSADD Coils
6.86453598621708 0.4688082779292405 0.0727376973151521 1620000.0000002196
6.78491844098186 0.46152758289288576 0.06990256583576329 1620000.0000002196
6.78491844098186 0.46152758289288576 0.06990256583576329 1620000.0000002196
6.78491844098186 0.46152758289288576 0.06990256583576329 1620000.0000002196
6.78491844098186 0.46152758289288576 0.06990256583576329 1620000.0000002196
6.78491844098186 0.46152758289288576 0.06990256583576329 1620000.0000002196
6.78491844098186 0.46152758289288576 0.06990256583576329 1620000.0000002196
6.78491844098186 0.46152758289288576 0.06990256583576329 1620000.0000002196
6.78491844098186 0.46152758289288576 0.06990256583576329 1620000.0000002196
6.78491844098186 0.46152758289288576 0.06990256583576329 1620000.0000002196
6.78491844098186 0.46152758289288576 0.06990256583576329 1620000.0000002196
6.78491844098186 0.46152758289288576 0.06990256583576329 1620000.0000002196
6.78491844098186 0.46152758289288576 0.06990256583576329 1620000.0000002196
6.78491844098186 0.46152758289288576 0.06990256583576329 1620000.0000002196
6.78491844098186 0.46152758289288576 0.06990256583576329 1620000.0000002196
6.78491844098186 0.46152758289288576 0.06990256583576329 1620000.0000002196
6.78491844098186 0.46152758289288576 0.06990256583576329 1620000.0000002196
6.78491844098186 0.46152758289288576 0.06990256583576329 1620000.0000002196
6.78491844098186 0.46152758289288576 0.06990256583576329 1620000.0000002196
6.78491844098186 0.46152758289288576 0.06990256583576329 1620000.0000002196
6.78491844098186 0.46152758289288576 0.06990256583576329 1620000.0000002196
6.78491844098186 0.46152758289288576 0.06990256583576329 1620000.0000002196
6.78491844098186 0.46152758289288576 0.06990256583576329 1620000.0000002196
6.78491844098186 0.46152758289288576 0.06990256583576329 1620000.0000002196
6.78491844098186 0.46152758289288576 0.06990256583576329 1620000.0000002196
6.78491844098186 0.46152758289288576 0.06990256583576329 1620000.0000002196
6.78491844098186 0.46152758289288576 0.06990256583576329 1620000.0000002196
6.78491844098186 0.46152758289288576 0.06990256583576329 1620000.0000002196
6.78491844098186 0.46152758289288576 0.06990256583576329 1620000.0000002196
6.78491844098186 0.46152758289288576 0.06990256583576329 1620000.0000002196
6.78491844098186 0.46152758289288576 0.06990256583576329 1620000.0000002196
6.78491844098186 0.46152758289288576 0.06990256583576329 1620000.0000002196
6.78491844098186 0.46152758289288576 0.06990256583576329 1620000.0000002196
6.78491844098186 0.46152758289288576 0.06990256583576329 1620000.0000002196
6.78491844098186 0.46152758289288576 0.06990256583576329 1620000.0000002196
6.78491844098186 0.46152758289288576 0.06990256583576329 1620000.0000002196
6.78491844098186 0.46152758289288576 0.06990256583576329 1620000.0000002196
6.78491844098186 0.46152758289288576 0.06990256583576329 1620000.0000002196
6.78491844098186 0.46152758289288576 0.06990256583576329 1620000.0000002196
6.78491844098186 0.46152758289288576 0.06990256583576329 1620000.0000002196
6.78491844098186 0.46152758289288576 0.06990256583576329 1620000.0000002196
6.78491844098186 0.46152758289288576 0.06990256583576329 1620000.0000002196
6.78491844098186 0.46152758289288576 0.06990256583576329 1620000.0000002196
6.78491844098186 0.46152758289288576 0.06990256583576329 1620000.0000002196
6.78491844098186 0.46152758289288576 0.06990256583576329 1620000.0000002196
6.78491844098186 0.46152758289288576 0.06990256583576329 1620000.0000002196
6.78491844098186 0.46152758289288576 0.06990256583576329 1620000.0000002196
6.78491844098186 0.46152758289288576 0.06990256583576329 1620000.0000002196
6.78491844098186 0.46152758289288576 0.06990256583576329 1620000.0000002196
6.78491844098186 0.46152758289288576 0.06990256583576329 1620000.0000002196
6.78491844098186 0.46152758289288576 0.06990256583576329 1620000.0000002196
6.78491844098186 0.46152758289288576 0.06990256583576329 1620000.0000002196
6.78491844098186 0.46152758289288576 0.06990256583576329 1620000.0000002196
6.78491844098186 0.46152758289288576 0.06990256583576329 1620000.0000002196
6.78491844098186 0.46152758289288576 0.06990256583576329 1620000.0000002196
6.78491844098186 0.46152758289288576 0.06990256583576329 1620000.0000002196
6.78491844098186 0.46152758289288576 0.06990256583576329 1620000.0000002196
6.78491844098186 0.46152758289288576 0.06990256583576329 1620000.0000002196
6.78491844098186 0.46152758289288576 0.06990256583576329 1620000.0000002196
6.78491844098186 0.46152758289288576 0.06990256583576329 1620000.0000002196
6.78491844098186 0.46152758289288576 0.06990256583576329 1620000.0000002196
6.78491844098186 0.46152758289288576 0.06990256583576329 1620000.0000002196
6.78491844098186 0.46152758289288576 0.06990256583576329 1620000.0000002196
6.78491844098186 0.46152758289288576 0.06990256583576329 1620000.0000002196
6.86453598621708 0.4688082779292405 0.0727376973151521 0.0 0,0,0 coil/filament1/filament2
6.859864553651836 0.46241654020346984 0.16566142586672986 1620000.0000002196
6.780422744150534 0.45540434506948574 0.15935048120196518 1620000.0000002196
6.780422744150534 0.45540434506948574 0.15935048120196518 1620000.0000002196
6.780422744150534 0.45540434506948574 0.15935048120196518 1620000.0000002196
6.780422744150534 0.45540434506948574 0.15935048120196518 1620000.0000002196
6.780422744150534 0.45540434506948574 0.15935048120196518 1620000.0000002196
6.780422744150534 0.45540434506948574 0.15935048120196518 1620000.0000002196
6.780422744150534 0.45540434506948574 0.15935048120196518 1620000.0000002196
6.780422744150534 0.45540434506948574 0.15935048120196518 1620000.0000002196
6.780422744150534 0.45540434506948574 0.15935048120196518 1620000.0000002196
6.780422744150534 0.45540434506948574 0.15935048120196518 1620000.0000002196
6.780422744150534 0.45540434506948574 0.15935048120196518 1620000.0000002196
6.780422744150534 0.45540434506948574 0.15935048120196518 1620000.0000002196
6.780422744150534 0.45540434506948574 0.15935048120196518 1620000.0000002196
6.780422744150534 0.45540434506948574 0.15935048120196518 1620000.0000002196
6.780422744150534 0.45540434506948574 0.15935048120196518 1620000.0000002196
6.780422744150534 0.45540434506948574 0.15935048120196518 1620000.0000002196
6.780422744150534 0.45540434506948574 0.15935048120196518 1620000.0000002196
6.780422744150534 0.45540434506948574 0.15935048120196518 1620000.0000002196
6.780422744150534 0.45540434506948574 0.15935048120196518 1620000.0000002196
6.780422744150534 0.45540434506948574 0.15935048120196518 1620000.0000002196
6.780422744150534 0.45540434506948574 0.15935048120196518 1620000.0000002196
6.780422744150534 0.45540434506948574 0.15935048120196518 1620000.0000002196
6.780422744150534 0.45540434506948574 0.15935048120196518 1620000.0000002196
6.780422744150534 0.45540434506948574 0.15935048120196518 1620000.0000002196
6.780422744150534 0.45540434506948574 0.15935048120196518 1620000.0000002196
6.780422744150534 0.45540434506948574 0.15935048120196518 1620000.0000002196
6.780422744150534 0.45540434506948574 0.15935048120196518 1620000.0000002196
6.780422744150534 0.45540434506948574 0.15935048120196518 1620000.0000002196
6.780422744150534 0.45540434506948574 0.15935048120196518 1620000.0000002196
6.780422744150534 0.45540434506948574 0.15935048120196518 1620000.0000002196
6.780422744150534 0.45540434506948574 0.15935048120196518 1620000.0000002196
6.780422744150534 0.45540434506948574 0.15935048120196518 1620000.0000002196
6.780422744150534 0.45540434506948574 0.15935048120196518 1620000.0000002196
6.780422744150534 0.45540434506948574 0.15935048120196518 1620000.0000002196
6.780422744150534 0.45540434506948574 0.15935048120196518 1620000.0000002196
6.780422744150534 0.45540434506948574 0.15935048120196518 1620000.0000002196
6.780422744150534 0.45540434506948574 0.15935048120196518 1620000.0000002196
6.780422744150534 0.45540434506948574 0.15935048120196518 1620000.0000002196
6.780422744150534 0.45540434506948574 0.15935048120196518 1620000.0000002196
6.780422744150534 0.45540434506948574 0.15935048120196518 1620000.0000002196
6.780422744150534 0.45540434506948574 0.15935048120196518 1620000.0000002196
6.780422744150534 0.45540434506948574 0.15935048120196518 1620000.0000002196
6.780422744150534 0.45540434506948574 0.15935048120196518 1620000.0000002196
6.780422744150534 0.45540434506948574 0.15935048120196518 1620000.0000002196
6.780422744150534 0.45540434506948574 0.15935048120196518 1620000.0000002196
6.780422744150534 0.45540434506948574 0.15935048120196518 1620000.0000002196
6.780422744150534 0.45540434506948574 0.15935048120196518 1620000.0000002196
6.780422744150534 0.45540434506948574 0.15935048120196518 1620000.0000002196
6.780422744150534 0.45540434506948574 0.15935048120196518 1620000.0000002196
6.780422744150534 0.45540434506948574 0.15935048120196518 1620000.0000002196
6.780422744150534 0.45540434506948574 0.15935048120196518 1620000.0000002196
6.780422744150534 0.45540434506948574 0.15935048120196518 1620000.0000002196
6.780422744150534 0.45540434506948574 0.15935048120196518 1620000.0000002196
6.780422744150534 0.45540434506948574 0.15935048120196518 1620000.0000002196
6.780422744150534 0.45540434506948574 0.15935048120196518 1620000.0000002196
6.780422744150534 0.45540434506948574 0.15935048120196518 1620000.0000002196
6.780422744150534 0.45540434506948574 0.15935048120196518 1620000.0000002196
6.780422744150534 0.45540434506948574 0.15935048120196518 1620000.0000002196
6.780422744150534 0.45540434506948574 0.15935048120196518 1620000.0000002196
6.780422744150534 0.45540434506948574 0.15935048120196518 1620000.0000002196
6.780422744150534 0.45540434506948574 0.15935048120196518 1620000.0000002196
6.780422744150534 0.45540434506948574 0.15935048120196518 1620000.0000002196
6.780422744150534 0.45540434506948574 0.15935048120196518 1620000.0000002196
6.859864553651836 0.46241654020346984 0.16566142586672986 0.0 0,0,1 coil/filament1/filament2
6.871991568655027 0.38933109065742577 0.06746598090852943 1620000.0000002196
6.792374023419807 0.382050395621071 0.06463084942914062 1620000.0000002196
6.792374023419807 0.382050395621071 0.06463084942914062 1620000.0000002196
6.792374023419807 0.382050395621071 0.06463084942914062 1620000.0000002196
6.792374023419807 0.382050395621071 0.06463084942914062 1620000.0000002196
6.792374023419807 0.382050395621071 0.06463084942914062 1620000.0000002196
6.792374023419807 0.382050395621071 0.06463084942914062 1620000.0000002196
6.792374023419807 0.382050395621071 0.06463084942914062 1620000.0000002196
6.792374023419807 0.382050395621071 0.06463084942914062 1620000.0000002196
6.792374023419807 0.382050395621071 0.06463084942914062 1620000.0000002196
6.792374023419807 0.382050395621071 0.06463084942914062 1620000.0000002196
6.792374023419807 0.382050395621071 0.06463084942914062 1620000.0000002196
6.792374023419807 0.382050395621071 0.06463084942914062 1620000.0000002196
6.792374023419807 0.382050395621071 0.06463084942914062 1620000.0000002196
6.792374023419807 0.382050395621071 0.06463084942914062 1620000.0000002196
6.792374023419807 0.382050395621071 0.06463084942914062 1620000.0000002196
6.792374023419807 0.382050395621071 0.06463084942914062 1620000.0000002196
6.792374023419807 0.382050395621071 0.06463084942914062 1620000.0000002196
6.792374023419807 0.382050395621071 0.06463084942914062 1620000.0000002196
6.792374023419807 0.382050395621071 0.06463084942914062 1620000.0000002196
6.792374023419807 0.382050395621071 0.06463084942914062 1620000.0000002196
6.792374023419807 0.382050395621071 0.06463084942914062 1620000.0000002196
6.792374023419807 0.382050395621071 0.06463084942914062 1620000.0000002196
6.792374023419807 0.382050395621071 0.06463084942914062 1620000.0000002196
6.792374023419807 0.382050395621071 0.06463084942914062 1620000.0000002196
6.792374023419807 0.382050395621071 0.06463084942914062 1620000.0000002196
6.792374023419807 0.382050395621071 0.06463084942914062 1620000.0000002196
6.792374023419807 0.382050395621071 0.06463084942914062 1620000.0000002196
6.792374023419807 0.382050395621071 0.06463084942914062 1620000.0000002196
6.792374023419807 0.382050395621071 0.06463084942914062 1620000.0000002196
6.792374023419807 0.382050395621071 0.06463084942914062 1620000.0000002196
6.792374023419807 0.382050395621071 0.06463084942914062 1620000.0000002196
6.792374023419807 0.382050395621071 0.06463084942914062 1620000.0000002196
6.792374023419807 0.382050395621071 0.06463084942914062 1620000.0000002196
6.792374023419807 0.382050395621071 0.06463084942914062 1620000.0000002196
6.792374023419807 0.382050395621071 0.06463084942914062 1620000.0000002196
6.792374023419807 0.382050395621071 0.06463084942914062 1620000.0000002196
6.792374023419807 0.382050395621071 0.06463084942914062 1620000.0000002196
6.792374023419807 0.382050395621071 0.06463084942914062 1620000.0000002196
6.792374023419807 0.382050395621071 0.06463084942914062 1620000.0000002196
6.792374023419807 0.382050395621071 0.06463084942914062 1620000.0000002196
6.792374023419807 0.382050395621071 0.06463084942914062 1620000.0000002196
6.792374023419807 0.382050395621071 0.06463084942914062 1620000.0000002196
6.792374023419807 0.382050395621071 0.06463084942914062 1620000.0000002196
6.792374023419807 0.382050395621071 0.06463084942914062 1620000.0000002196
6.792374023419807 0.382050395621071 0.06463084942914062 1620000.0000002196
6.792374023419807 0.382050395621071 0.06463084942914062 1620000.0000002196
6.792374023419807 0.382050395621071 0.06463084942914062 1620000.0000002196
6.792374023419807 0.382050395621071 0.06463084942914062 1620000.0000002196
6.792374023419807 0.382050395621071 0.06463084942914062 1620000.0000002196
6.792374023419807 0.382050395621071 0.06463084942914062 1620000.0000002196
6.792374023419807 0.382050395621071 0.06463084942914062 1620000.0000002196
6.792374023419807 0.382050395621071 0.06463084942914062 1620000.0000002196
6.792374023419807 0.382050395621071 0.06463084942914062 1620000.0000002196
6.792374023419807 0.382050395621071 0.06463084942914062 1620000.0000002196
6.792374023419807 0.382050395621071 0.06463084942914062 1620000.0000002196
6.792374023419807 0.382050395621071 0.06463084942914062 1620000.0000002196
6.792374023419807 0.382050395621071 0.06463084942914062 1620000.0000002196
6.792374023419807 0.382050395621071 0.06463084942914062 1620000.0000002196
6.792374023419807 0.382050395621071 0.06463084942914062 1620000.0000002196
6.792374023419807 0.382050395621071 0.06463084942914062 1620000.0000002196
6.792374023419807 0.382050395621071 0.06463084942914062 1620000.0000002196
6.792374023419807 0.382050395621071 0.06463084942914062 1620000.0000002196
6.792374023419807 0.382050395621071 0.06463084942914062 1620000.0000002196
6.871991568655027 0.38933109065742577 0.06746598090852943 0.0 0,1,0 coil/filament1/filament2
6.867262232427723 0.3829023789339379 0.16088937113824273 1620000.0000002196
6.78782042292642 0.3758901837999538 0.15457842647347805 1620000.0000002196
6.78782042292642 0.3758901837999538 0.15457842647347805 1620000.0000002196
6.78782042292642 0.3758901837999538 0.15457842647347805 1620000.0000002196
6.78782042292642 0.3758901837999538 0.15457842647347805 1620000.0000002196
6.78782042292642 0.3758901837999538 0.15457842647347805 1620000.0000002196
6.78782042292642 0.3758901837999538 0.15457842647347805 1620000.0000002196
6.78782042292642 0.3758901837999538 0.15457842647347805 1620000.0000002196
6.78782042292642 0.3758901837999538 0.15457842647347805 1620000.0000002196
6.78782042292642 0.3758901837999538 0.15457842647347805 1620000.0000002196
6.78782042292642 0.3758901837999538 0.15457842647347805 1620000.0000002196
6.78782042292642 0.3758901837999538 0.15457842647347805 1620000.0000002196
6.78782042292642 0.3758901837999538 0.15457842647347805 1620000.0000002196
6.78782042292642 0.3758901837999538 0.15457842647347805 1620000.0000002196
6.78782042292642 0.3758901837999538 0.15457842647347805 1620000.0000002196
6.78782042292642 0.3758901837999538 0.15457842647347805 1620000.0000002196
6.78782042292642 0.3758901837999538 0.15457842647347805 1620000.0000002196
6.78782042292642 0.3758901837999538 0.15457842647347805 1620000.0000002196
6.78782042292642 0.3758901837999538 0.15457842647347805 1620000.0000002196
6.78782042292642 0.3758901837999538 0.15457842647347805 1620000.0000002196
6.78782042292642 0.3758901837999538 0.15457842647347805 1620000.0000002196
6.78782042292642 0.3758901837999538 0.15457842647347805 1620000.0000002196
6.78782042292642 0.3758901837999538 0.15457842647347805 1620000.0000002196
6.78782042292642 0.3758901837999538 0.15457842647347805 1620000.0000002196
6.78782042292642 0.3758901837999538 0.15457842647347805 1620000.0000002196
6.78782042292642 0.3758901837999538 0.15457842647347805 1620000.0000002196
6.78782042292642 0.3758901837999538 0.15457842647347805 1620000.0000002196
6.78782042292642 0.3758901837999538 0.15457842647347805 1620000.0000002196
6.78782042292642 0.3758901837999538 0.15457842647347805 1620000.0000002196
6.78782042292642 0.3758901837999538 0.15457842647347805 1620000.0000002196
6.78782042292642 0.3758901837999538 0.15457842647347805 1620000.0000002196
6.78782042292642 0.3758901837999538 0.15457842647347805 1620000.0000002196
6.78782042292642 0.3758901837999538 0.15457842647347805 1620000.0000002196
6.78782042292642 0.3758901837999538 0.15457842647347805 1620000.0000002196
6.78782042292642 0.3758901837999538 0.15457842647347805 1620000.0000002196
6.78782042292642 0.3758901837999538 0.15457842647347805 1620000.0000002196
6.78782042292642 0.3758901837999538 0.15457842647347805 1620000.0000002196
6.78782042292642 0.3758901837999538 0.15457842647347805 1620000.0000002196
6.78782042292642 0.3758901837999538 0.15457842647347805 1620000.0000002196
6.78782042292642 0.3758901837999538 0.15457842647347805 1620000.0000002196
6.78782042292642 0.3758901837999538 0.15457842647347805 1620000.0000002196
6.78782042292642 0.3758901837999538 0.15457842647347805 1620000.0000002196
6.78782042292642 0.3758901837999538 0.15457842647347805 1620000.0000002196
6.78782042292642 0.3758901837999538 0.15457842647347805 1620000.0000002196
6.78782042292642 0.3758901837999538 0.15457842647347805 1620000.0000002196
6.78782042292642 0.3758901837999538 0.15457842647347805 1620000.0000002196
6.78782042292642 0.3758901837999538 0.15457842647347805 1620000.0000002196
6.78782042292642 0.3758901837999538 0.15457842647347805 1620000.0000002196
6.78782042292642 0.3758901837999538 0.15457842647347805 1620000.0000002196
6.78782042292642 0.3758901837999538 0.15457842647347805 1620000.0000002196
6.78782042292642 0.3758901837999538 0.15457842647347805 1620000.0000002196
6.78782042292642 0.3758901837999538 0.15457842647347805 1620000.0000002196
6.78782042292642 0.3758901837999538 0.15457842647347805 1620000.0000002196
6.78782042292642 0.3758901837999538 0.15457842647347805 1620000.0000002196
6.78782042292642 0.3758901837999538 0.15457842647347805 1620000.0000002196
6.78782042292642 0.3758901837999538 0.15457842647347805 1620000.0000002196
6.78782042292642 0.3758901837999538 0.15457842647347805 1620000.0000002196
6.78782042292642 0.3758901837999538 0.15457842647347805 1620000.0000002196
6.78782042292642 0.3758901837999538 0.15457842647347805 1620000.0000002196
6.78782042292642 0.3758901837999538 0.15457842647347805 1620000.0000002196
6.78782042292642 0.3758901837999538 0.15457842647347805 1620000.0000002196
6.78782042292642 0.3758901837999538 0.15457842647347805 1620000.0000002196
6.78782042292642 0.3758901837999538 0.15457842647347805 1620000.0000002196
6.78782042292642 0.3758901837999538 0.15457842647347805 1620000.0000002196
6.867262232427723 0.3829023789339379 0.16088937113824273 0.0 0,1,1 coil/filament1/filament2
6.654584990175449 1.3993521260388755 0.2272255733241232 1620000.0000001355
6.579965595742242 1.375524956018098 0.21097097572152432 1620000.0000001355
6.579965595742242 1.375524956018098 0.21097097572152432 1620000.0000001355
6.579965595742242 1.375524956018098 0.21097097572152432 1620000.0000001355
6.579965595742242 1.375524956018098 0.21097097572152432 1620000.0000001355
6.579965595742242 1.375524956018098 0.21097097572152432 1620000.0000001355
6.579965595742242 1.375524956018098 0.21097097572152432 1620000.0000001355
6.579965595742242 1.375524956018098 0.21097097572152432 1620000.0000001355
6.579965595742242 1.375524956018098 0.21097097572152432 1620000.0000001355
6.579965595742242 1.375524956018098 0.21097097572152432 1620000.0000001355
6.579965595742242 1.375524956018098 0.21097097572152432 1620000.0000001355
6.579965595742242 1.375524956018098 0.21097097572152432 1620000.0000001355
6.579965595742242 1.375524956018098 0.21097097572152432 1620000.0000001355
6.579965595742242 1.375524956018098 0.21097097572152432 1620000.0000001355
6.579965595742242 1.375524956018098 0.21097097572152432 1620000.0000001355
6.579965595742242 1.375524956018098 0.21097097572152432 1620000.0000001355
6.579965595742242 1.375524956018098 0.21097097572152432 1620000.0000001355
6.579965595742242 1.375524956018098 0.21097097572152432 1620000.0000001355
6.579965595742242 1.375524956018098 0.21097097572152432 1620000.0000001355
6.579965595742242 1.375524956018098 0.21097097572152432 1620000.0000001355
6.579965595742242 1.375524956018098 0.21097097572152432 1620000.0000001355
6.579965595742242 1.375524956018098 0.21097097572152432 1620000.0000001355
6.579965595742242 1.375524956018098 0.21097097572152432 1620000.0000001355
6.579965595742242 1.375524956018098 0.21097097572152432 1620000.0000001355
6.579965595742242 1.375524956018098 0.21097097572152432 1620000.0000001355
6.579965595742242 1.375524956018098 0.21097097572152432 1620000.0000001355
6.579965595742242 1.375524956018098 0.21097097572152432 1620000.0000001355
6.579965595742242 1.375524956018098 0.21097097572152432 1620000.0000001355
6.579965595742242 1.375524956018098 0.21097097572152432 1620000.0000001355
6.579965595742242 1.375524956018098 0.21097097572152432 1620000.0000001355
6.579965595742242 1.375524956018098 0.21097097572152432 1620000.0000001355
6.579965595742242 1.375524956018098 0.21097097572152432 1620000.0000001355
6.579965595742242 1.375524956018098 0.21097097572152432 1620000.0000001355
6.579965595742242 1.375524956018098 0.21097097572152432 1620000.0000001355
6.579965595742242 1.375524956018098 0.21097097572152432 1620000.0000001355
6.579965595742242 1.375524956018098 0.21097097572152432 1620000.0000001355
6.579965595742242 1.375524956018098 0.21097097572152432 1620000.0000001355
6.579965595742242 1.375524956018098 0.21097097572152432 1620000.0000001355
6.579965595742242 1.375524956018098 0.21097097572152432 1620000.0000001355
6.579965595742242 1.375524956018098 0.21097097572152432 1620000.0000001355
6.579965595742242 1.375524956018098 0.21097097572152432 1620000.0000001355
6.579965595742242 1.375524956018098 0.21097097572152432 1620000.0000001355
6.579965595742242 1.375524956018098 0.21097097572152432 1620000.0000001355
6.579965595742242 1.375524956018098 0.21097097572152432 1620000.0000001355
6.579965595742242 1.375524956018098 0.21097097572152432 1620000.0000001355
6.579965595742242 1.375524956018098 0.21097097572152432 1620000.0000001355
6.579965595742242 1.375524956018098 0.21097097572152432 1620000.0000001355
6.579965595742242 1.375524956018098 0.21097097572152432 1620000.0000001355
6.579965595742242 1.375524956018098 0.21097097572152432 1620000.0000001355
6.579965595742242 1.375524956018098 0.21097097572152432 1620000.0000001355
6.579965595742242 1.375524956018098 0.21097097572152432 1620000.0000001355
6.579965595742242 1.375524956018098 0.21097097572152432 1620000.0000001355
6.579965595742242 1.375524956018098 0.21097097572152432 1620000.0000001355
6.579965595742242 1.375524956018098 0.21097097572152432 1620000.0000001355
6.579965595742242 1.375524956018098 0.21097097572152432 1620000.0000001355
6.579965595742242 1.375524956018098 0.21097097572152432 1620000.0000001355
6.579965595742242 1.375524956018098 0.21097097572152432 1620000.0000001355
6.579965595742242 1.375524956018098 0.21097097572152432 1620000.0000001355
6.579965595742242 1.375524956018098 0.21097097572152432 1620000.0000001355
6.579965595742242 1.375524956018098 0.21097097572152432 1620000.0000001355
6.579965595742242 1.375524956018098 0.21097097572152432 1620000.0000001355
6.579965595742242 1.375524956018098 0.21097097572152432 1620000.0000001355
6.579965595742242 1.375524956018098 0.21097097572152432 1620000.0000001355
6.579965595742242 1.375524956018098 0.21097097572152432 1620000.0000001355
6.654584990175449 1.3993521260388755 0.2272255733241232 0.0 1,0,0 coil/filament1/filament2
6.640295365587657 1.3737450961933395 0.3166217992145766 1620000.0000001355
6.566467610608691 1.3506746595479946 0.2961958953726692 1620000.0000001355
6.566467610608691 1.3506746595479946 0.2961958953726692 1620000.0000001355
6.566467610608691 1.3506746595479946 0.2961958953726692 1620000.0000001355
6.566467610608691 1.3506746595479946 0.2961958953726692 1620000.0000001355
6.566467610608691 1.3506746595479946 0.2961958953726692 1620000.0000001355
6.566467610608691 1.3506746595479946 0.2961958953726692 1620000.0000001355
6.566467610608691 1.3506746595479946 0.2961958953726692 1620000.0000001355
6.566467610608691 1.3506746595479946 0.2961958953726692 1620000.0000001355
6.566467610608691 1.3506746595479946 0.2961958953726692 1620000.0000001355
6.566467610608691 1.3506746595479946 0.2961958953726692 1620000.0000001355
6.566467610608691 1.3506746595479946 0.2961958953726692 1620000.0000001355
6.566467610608691 1.3506746595479946 0.2961958953726692 1620000.0000001355
6.566467610608691 1.3506746595479946 0.2961958953726692 1620000.0000001355
6.566467610608691 1.3506746595479946 0.2961958953726692 1620000.0000001355
6.566467610608691 1.3506746595479946 0.2961958953726692 1620000.0000001355
6.566467610608691 1.3506746595479946 0.2961958953726692 1620000.0000001355
6.566467610608691 1.3506746595479946 0.2961958953726692 1620000.0000001355
6.566467610608691 1.3506746595479946 0.2961958953726692 1620000.0000001355
6.566467610608691 1.3506746595479946 0.2961958953726692 1620000.0000001355
6.566467610608691 1.3506746595479946 0.2961958953726692 1620000.0000001355
6.566467610608691 1.3506746595479946 0.2961958953726692 1620000.0000001355
6.566467610608691 1.3506746595479946 0.2961958953726692 1620000.0000001355
6.566467610608691 1.3506746595479946 0.2961958953726692 1620000.0000001355
6.566467610608691 1.3506746595479946 0.2961958953726692 1620000.0000001355
6.566467610608691 1.3506746595479946 0.2961958953726692 1620000.0000001355
6.566467610608691 1.3506746595479946 0.2961958953726692 1620000.0000001355
6.566467610608691 1.3506746595479946 0.2961958953726692 1620000.0000001355
6.566467610608691 1.3506746595479946 0.2961958953726692 1620000.0000001355
6.566467610608691 1.3506746595479946 0.2961958953726692 1620000.0000001355
6.566467610608691 1.3506746595479946 0.2961958953726692 1620000.0000001355
6.566467610608691 1.3506746595479946 0.2961958953726692 1620000.0000001355
6.566467610608691 1.3506746595479946 0.2961958953726692 1620000.0000001355
6.566467610608691 1.3506746595479946 0.2961958953726692 1620000.0000001355
6.566467610608691 1.3506746595479946 0.2961958953726692 1620000.0000001355
6.566467610608691 1.3506746595479946 0.2961958953726692 1620000.0000001355
6.566467610608691 1.3506746595479946 0.2961958953726692 1620000.0000001355
6.566467610608691 1.3506746595479946 0.2961958953726692 1620000.0000001355
6.566467610608691 1.3506746595479946 0.2961958953726692 1620000.0000001355
6.566467610608691 1.3506746595479946 0.2961958953726692 1620000.0000001355
6.566467610608691 1.3506746595479946 0.2961958953726692 1620000.0000001355
6.566467610608691 1.3506746595479946 0.2961958953726692 1620000.0000001355
6.566467610608691 1.3506746595479946 0.2961958953726692 1620000.0000001355
6.566467610608691 1.3506746595479946 0.2961958953726692 1620000.0000001355
6.566467610608691 1.3506746595479946 0.2961958953726692 1620000.0000001355
6.566467610608691 1.3506746595479946 0.2961958953726692 1620000.0000001355
6.566467610608691 1.3506746595479946 0.2961958953726692 1620000.0000001355
6.566467610608691 1.3506746595479946 0.2961958953726692 1620000.0000001355
6.566467610608691 1.3506746595479946 0.2961958953726692 1620000.0000001355
6.566467610608691 1.3506746595479946 0.2961958953726692 1620000.0000001355
6.566467610608691 1.3506746595479946 0.2961958953726692 1620000.0000001355
6.566467610608691 1.3506746595479946 0.2961958953726692 1620000.0000001355
6.566467610608691 1.3506746595479946 0.2961958953726692 1620000.0000001355
6.566467610608691 1.3506746595479946 0.2961958953726692 1620000.0000001355
6.566467610608691 1.3506746595479946 0.2961958953726692 1620000.0000001355
6.566467610608691 1.3506746595479946 0.2961958953726692 1620000.0000001355
6.566467610608691 1.3506746595479946 0.2961958953726692 1620000.0000001355
6.566467610608691 1.3506746595479946 0.2961958953726692 1620000.0000001355
6.566467610608691 1.3506746595479946 0.2961958953726692 1620000.0000001355
6.566467610608691 1.3506746595479946 0.2961958953726692 1620000.0000001355
6.566467610608691 1.3506746595479946 0.2961958953726692 1620000.0000001355
6.566467610608691 1.3506746595479946 0.2961958953726692 1620000.0000001355
6.566467610608691 1.3506746595479946 0.2961958953726692 1620000.0000001355
6.566467610608691 1.3506746595479946 0.2961958953726692 1620000.0000001355
6.640295365587657 1.3737450961933395 0.3166217992145766 0.0 1,0,1 coil/filament1/filament2
6.681795259191538 1.3262452449644289 0.20947775093266344 1620000.0000001355
6.6071758647583305 1.3024180749436514 0.19322315333006457 1620000.0000001355
6.6071758647583305 1.3024180749436514 0.19322315333006457 1620000.0000001355
6.6071758647583305 1.3024180749436514 0.19322315333006457 1620000.0000001355
6.6071758647583305 1.3024180749436514 0.19322315333006457 1620000.0000001355
6.6071758647583305 1.3024180749436514 0.19322315333006457 1620000.0000001355
6.6071758647583305 1.3024180749436514 0.19322315333006457 1620000.0000001355
6.6071758647583305 1.3024180749436514 0.19322315333006457 1620000.0000001355
6.6071758647583305 1.3024180749436514 0.19322315333006457 1620000.0000001355
6.6071758647583305 1.3024180749436514 0.19322315333006457 1620000.0000001355
6.6071758647583305 1.3024180749436514 0.19322315333006457 1620000.0000001355
6.6071758647583305 1.3024180749436514 0.19322315333006457 1620000.0000001355
6.6071758647583305 1.3024180749436514 0.19322315333006457 1620000.0000001355
6.6071758647583305 1.3024180749436514 0.19322315333006457 1620000.0000001355
6.6071758647583305 1.3024180749436514 0.19322315333006457 1620000.0000001355
6.6071758647583305 1.3024180749436514 0.19322315333006457 1620000.0000001355
6.6071758647583305 1.3024180749436514 0.19322315333006457 1620000.0000001355
6.6071758647583305 1.3024180749436514 0.19322315333006457 1620000.0000001355
6.6071758647583305 1.3024180749436514 0.19322315333006457 1620000.0000001355
6.6071758647583305 1.3024180749436514 0.19322315333006457 1620000.0000001355
6.6071758647583305 1.3024180749436514 0.19322315333006457 1620000.0000001355
6.6071758647583305 1.3024180749436514 0.19322315333006457 1620000.0000001355
6.6071758647583305 1.3024180749436514 0.19322315333006457 1620000.0000001355
6.6071758647583305 1.3024180749436514 0.19322315333006457 1620000.0000001355
6.6071758647583305 1.3024180749436514 0.19322315333006457 1620000.0000001355
6.6071758647583305 1.3024180749436514 0.19322315333006457 1620000.0000001355
6.6071758647583305 1.3024180749436514 0.19322315333006457 1620000.0000001355
6.6071758647583305 1.3024180749436514 0.19322315333006457 1620000.0000001355
6.6071758647583305 1.3024180749436514 0.19322315333006457 1620000.0000001355
6.6071758647583305 1.3024180749436514 0.19322315333006457 1620000.0000001355
6.6071758647583305 1.3024180749436514 0.19322315333006457 1620000.0000001355
6.6071758647583305 1.3024180749436514 0.19322315333006457 1620000.0000001355
6.6071758647583305 1.3024180749436514 0.19322315333006457 1620000.0000001355
6.6071758647583305 1.3024180749436514 0.19322315333006457 1620000.0000001355
6.6071758647583305 1.3024180749436514 0.19322315333006457 1620000.0000001355
6.6071758647583305 1.3024180749436514 0.19322315333006457 1620000.0000001355
6.6071758647583305 1.3024180749436514 0.19322315333006457 1620000.0000001355
6.6071758647583305 1.3024180749436514 0.19322315333006457 1620000.0000001355
6.6071758647583305 1.3024180749436514 0.19322315333006457 1620000.0000001355
6.6071758647583305 1.3024180749436514 0.19322315333006457 1620000.0000001355
6.6071758647583305 1.3024180749436514 0.19322315333006457 1620000.0000001355
6.6071758647583305 1.3024180749436514 0.19322315333006457 1620000.0000001355
6.6071758647583305 1.3024180749436514 0.19322315333006457 1620000.0000001355
6.6071758647583305 1.3024180749436514 0.19322315333006457 1620000.0000001355
6.6071758647583305 1.3024180749436514 0.19322315333006457 1620000.0000001355
6.6071758647583305 1.3024180749436514 0.19322315333006457 1620000.0000001355
6.6071758647583305 1.3024180749436514 0.19322315333006457 1620000.0000001355
6.6071758647583305 1.3024180749436514 0.19322315333006457 1620000.0000001355
6.6071758647583305 1.3024180749436514 0.19322315333006457 1620000.0000001355
6.6071758647583305 1.3024180749436514 0.19322315333006457 1620000.0000001355
6.6071758647583305 1.3024180749436514 0.19322315333006457 1620000.0000001355
6.6071758647583305 1.3024180749436514 0.19322315333006457 1620000.0000001355
6.6071758647583305 1.3024180749436514 0.19322315333006457 1620000.0000001355
6.6071758647583305 1.3024180749436514 0.19322315333006457 1620000.0000001355
6.6071758647583305 1.3024180749436514 0.19322315333006457 1620000.0000001355
6.6071758647583305 1.3024180749436514 0.19322315333006457 1620000.0000001355
6.6071758647583305 1.3024180749436514 0.19322315333006457 1620000.0000001355
6.6071758647583305 1.3024180749436514 0.19322315333006457 1620000.0000001355
6.6071758647583305 1.3024180749436514 0.19322315333006457 1620000.0000001355
6.6071758647583305 1.3024180749436514 0.19322315333006457 1620000.0000001355
6.6071758647583305 1.3024180749436514 0.19322315333006457 1620000.0000001355
6.6071758647583305 1.3024180749436514 0.19322315333006457 1620000.0000001355
6.6071758647583305 1.3024180749436514 0.19322315333006457 1620000.0000001355
6.6071758647583305 1.3024180749436514 0.19322315333006457 1620000.0000001355
6.681795259191538 1.3262452449644289 0.20947775093266344 0.0 1,1,0 coil/filament1/filament2
6.667598833164681 1.3001849774565453 0.30101956893492876 1620000.0000001355
6.593771078185715 1.2771145408112003 0.28059366509302136 1620000.0000001355
6.593771078185715 1.2771145408112003 0.28059366509302136 1620000.0000001355
6.593771078185715 1.2771145408112003 0.28059366509302136 1620000.0000001355
6.593771078185715 1.2771145408112003 0.28059366509302136 1620000.0000001355
6.593771078185715 1.2771145408112003 0.28059366509302136 1620000.0000001355
6.593771078185715 1.2771145408112003 0.28059366509302136 1620000.0000001355
6.593771078185715 1.2771145408112003 0.28059366509302136 1620000.0000001355
6.593771078185715 1.2771145408112003 0.28059366509302136 1620000.0000001355
6.593771078185715 1.2771145408112003 0.28059366509302136 1620000.0000001355
6.593771078185715 1.2771145408112003 0.28059366509302136 1620000.0000001355
6.593771078185715 1.2771145408112003 0.28059366509302136 1620000.0000001355
6.593771078185715 1.2771145408112003 0.28059366509302136 1620000.0000001355
6.593771078185715 1.2771145408112003 0.28059366509302136 1620000.0000001355
6.593771078185715 1.2771145408112003 0.28059366509302136 1620000.0000001355
6.593771078185715 1.2771145408112003 0.28059366509302136 1620000.0000001355
6.593771078185715 1.2771145408112003 0.28059366509302136 1620000.0000001355
6.593771078185715 1.2771145408112003 0.28059366509302136 1620000.0000001355
6.593771078185715 1.2771145408112003 0.28059366509302136 1620000.0000001355
6.593771078185715 1.2771145408112003 0.28059366509302136 1620000.0000001355
6.593771078185715 1.2771145408112003 0.28059366509302136 1620000.0000001355
6.593771078185715 1.2771145408112003 0.28059366509302136 1620000.0000001355
6.593771078185715 1.2771145408112003 0.28059366509302136 1620000.0000001355
6.593771078185715 1.2771145408112003 0.28059366509302136 1620000.0000001355
6.593771078185715 1.2771145408112003 0.28059366509302136 1620000.0000001355
6.593771078185715 1.2771145408112003 0.28059366509302136 1620000.0000001355
6.593771078185715 1.2771145408112003 0.28059366509302136 1620000.0000001355
6.593771078185715 1.2771145408112003 0.28059366509302136 1620000.0000001355
6.593771078185715 1.2771145408112003 0.28059366509302136 1620000.0000001355
6.593771078185715 1.2771145408112003 0.28059366509302136 1620000.0000001355
6.593771078185715 1.2771145408112003 0.28059366509302136 1620000.0000001355
6.593771078185715 1.2771145408112003 0.28059366509302136 1620000.0000001355
6.593771078185715 1.2771145408112003 0.28059366509302136 1620000.0000001355
6.593771078185715 1.2771145408112003 0.28059366509302136 1620000.0000001355
6.593771078185715 1.2771145408112003 0.28059366509302136 1620000.0000001355
6.593771078185715 1.2771145408112003 0.28059366509302136 1620000.0000001355
6.593771078185715 1.2771145408112003 0.28059366509302136 1620000.0000001355
6.593771078185715 1.2771145408112003 0.28059366509302136 1620000.0000001355
6.593771078185715 1.2771145408112003 0.28059366509302136 1620000.0000001355
6.593771078185715 1.2771145408112003 0.28059366509302136 1620000.0000001355
6.593771078185715 1.2771145408112003 0.28059366509302136 1620000.0000001355
6.593771078185715 1.2771145408112003 0.28059366509302136 1620000.0000001355
6.593771078185715 1.2771145408112003 0.28059366509302136 1620000.0000001355
6.593771078185715 1.2771145408112003 0.28059366509302136 1620000.0000001355
6.593771078185715 1.2771145408112003 0.28059366509302136 1620000.0000001355
6.593771078185715 1.2771145408112003 0.28059366509302136 1620000.0000001355
6.593771078185715 1.2771145408112003 0.28059366509302136 1620000.0000001355
6.593771078185715 1.2771145408112003 0.28059366509302136 1620000.0000001355
6.593771078185715 1.2771145408112003 0.28059366509302136 1620000.0000001355
6.593771078185715 1.2771145408112003 0.28059366509302136 1620000.0000001355
6.593771078185715 1.2771145408112003 0.28059366509302136 1620000.0000001355
6.593771078185715 1.2771145408112003 0.28059366509302136 1620000.0000001355
6.593771078185715 1.2771145408112003 0.28059366509302136 1620000.0000001355
6.593771078185715 1.2771145408112003 0.28059366509302136 1620000.0000001355
6.593771078185715 1.2771145408112003 0.28059366509302136 1620000.0000001355
6.593771078185715 1.2771145408112003 0.28059366509302136 1620000.0000001355
6.593771078185715 1.2771145408112003 0.28059366509302136 1620000.0000001355
6.593771078185715 1.2771145408112003 0.28059366509302136 1620000.0000001355
6.593771078185715 1.2771145408112003 0.28059366509302136 1620000.0000001355
6.593771078185715 1.2771145408112003 0.28059366509302136 1620000.0000001355
6.593771078185715 1.2771145408112003 0.28059366509302136 1620000.0000001355
6.593771078185715 1.2771145408112003 0.28059366509302136 1620000.0000001355
6.593771078185715 1.2771145408112003 0.28059366509302136 1620000.0000001355
6.593771078185715 1.2771145408112003 0.28059366509302136 1620000.0000001355
6.667598833164681 1.3001849774565453 0.30101956893492876 0.0 1,1,1 coil/filament1/filament2
6.29642805510675 2.2311673920750845 0.2632670766201833 1620000.0000000012
6.231318660389116 2.1867091726524017 0.24969381447477743 1620000.0000000012
6.231318660389116 2.1867091726524017 0.24969381447477743 1620000.0000000012
6.231318660389116 2.1867091726524017 0.24969381447477743 1620000.0000000012
6.231318660389116 2.1867091726524017 0.24969381447477743 1620000.0000000012
6.231318660389116 2.1867091726524017 0.24969381447477743 1620000.0000000012
6.231318660389116 2.1867091726524017 0.24969381447477743 1620000.0000000012
6.231318660389116 2.1867091726524017 0.24969381447477743 1620000.0000000012
6.231318660389116 2.1867091726524017 0.24969381447477743 1620000.0000000012
6.231318660389116 2.1867091726524017 0.24969381447477743 1620000.0000000012
6.231318660389116 2.1867091726524017 0.24969381447477743 1620000.0000000012
6.231318660389116 2.1867091726524017 0.24969381447477743 1620000.0000000012
6.231318660389116 2.1867091726524017 0.24969381447477743 1620000.0000000012
6.231318660389116 2.1867091726524017 0.24969381447477743 1620000.0000000012
6.231318660389116 2.1867091726524017 0.24969381447477743 1620000.0000000012
6.231318660389116 2.1867091726524017 0.24969381447477743 1620000.0000000012
6.231318660389116 2.1867091726524017 0.24969381447477743 1620000.0000000012
6.231318660389116 2.1867091726524017 0.24969381447477743 1620000.0000000012
6.231318660389116 2.1867091726524017 0.24969381447477743 1620000.0000000012
6.231318660389116 2.1867091726524017 0.24969381447477743 1620000.0000000012
6.231318660389116 2.1867091726524017 0.24969381447477743 1620000.0000000012
6.231318660389116 2.1867091726524017 0.24969381447477743 1620000.0000000012
6.231318660389116 2.1867091726524017 0.24969381447477743 1620000.0000000012
6.231318660389116 2.1867091726524017 0.24969381447477743 1620000.0000000012
6.231318660389116 2.1867091726524017 0.24969381447477743 1620000.0000000012
6.231318660389116 2.1867091726524017 0.24969381447477743 1620000.0000000012
6.231318660389116 2.1867091726524017 0.24969381447477743 1620000.0000000012
6.231318660389116 2.1867091726524017 0.24969381447477743 1620000.0000000012
6.231318660389116 2.1867091726524017 0.24969381447477743 1620000.0000000012
6.231318660389116 2.1867091726524017 0.24969381447477743 1620000.0000000012
6.231318660389116 2.1867091726524017 0.24969381447477743 1620000.0000000012
6.231318660389116 2.1867091726524017 0.24969381447477743 1620000.0000000012
6.231318660389116 2.1867091726524017 0.24969381447477743 1620000.0000000012
6.231318660389116 2.1867091726524017 0.24969381447477743 1620000.0000000012
6.231318660389116 2.1867091726524017 0.24969381447477743 1620000.0000000012
6.231318660389116 2.1867091726524017 0.24969381447477743 1620000.0000000012
6.231318660389116 2.1867091726524017 0.24969381447477743 1620000.0000000012
6.231318660389116 2.1867091726524017 0.24969381447477743 1620000.0000000012
6.231318660389116 2.1867091726524017 0.24969381447477743 1620000.0000000012
6.231318660389116 2.1867091726524017 0.24969381447477743 1620000.0000000012
6.231318660389116 2.1867091726524017 0.24969381447477743 1620000.0000000012
6.231318660389116 2.1867091726524017 0.24969381447477743 1620000.0000000012
6.231318660389116 2.1867091726524017 0.24969381447477743 1620000.0000000012
6.231318660389116 2.1867091726524017 0.24969381447477743 1620000.0000000012
6.231318660389116 2.1867091726524017 0.24969381447477743 1620000.0000000012
6.231318660389116 2.1867091726524017 0.24969381447477743 1620000.0000000012
6.231318660389116 2.1867091726524017 0.24969381447477743 1620000.0000000012
6.231318660389116 2.1867091726524017 0.24969381447477743 1620000.0000000012
6.231318660389116 2.1867091726524017 0.24969381447477743 1620000.0000000012
6.231318660389116 2.1867091726524017 0.24969381447477743 1620000.0000000012
6.231318660389116 2.1867091726524017 0.24969381447477743 1620000.0000000012
6.231318660389116 2.1867091726524017 0.24969381447477743 1620000.0000000012
6.231318660389116 2.1867091726524017 0.24969381447477743 1620000.0000000012
6.231318660389116 2.1867091726524017 0.24969381447477743 1620000.0000000012
6.231318660389116 2.1867091726524017 0.24969381447477743 1620000.0000000012
6.231318660389116 2.1867091726524017 0.24969381447477743 1620000.0000000012
6.231318660389116 2.1867091726524017 0.24969381447477743 1620000.0000000012
6.231318660389116 2.1867091726524017 0.24969381447477743 1620000.0000000012
6.231318660389116 2.1867091726524017 0.24969381447477743 1620000.0000000012
6.231318660389116 2.1867091726524017 0.24969381447477743 1620000.0000000012
6.231318660389116 2.1867091726524017 0.24969381447477743 1620000.0000000012
6.231318660389116 2.1867091726524017 0.24969381447477743 1620000.0000000012
6.231318660389116 2.1867091726524017 0.24969381447477743 1620000.0000000012
6.231318660389116 2.1867091726524017 0.24969381447477743 1620000.0000000012
6.29642805510675 2.2311673920750845 0.2632670766201833 0.0 2,0,0 coil/filament1/filament2
6.252029150915246 2.244241345466119 0.40449605771513214 1620000.0000000012
6.188252804697199 2.200084570152944 0.3849318849235833 1620000.0000000012
6.188252804697199 2.200084570152944 0.3849318849235833 1620000.0000000012
6.188252804697199 2.200084570152944 0.3849318849235833 1620000.0000000012
6.188252804697199 2.200084570152944 0.3849318849235833 1620000.0000000012
6.188252804697199 2.200084570152944 0.3849318849235833 1620000.0000000012
6.188252804697199 2.200084570152944 0.3849318849235833 1620000.0000000012
6.188252804697199 2.200084570152944 0.3849318849235833 1620000.0000000012
6.188252804697199 2.200084570152944 0.3849318849235833 1620000.0000000012
6.188252804697199 2.200084570152944 0.3849318849235833 1620000.0000000012
6.188252804697199 2.200084570152944 0.3849318849235833 1620000.0000000012
6.188252804697199 2.200084570152944 0.3849318849235833 1620000.0000000012
6.188252804697199 2.200084570152944 0.3849318849235833 1620000.0000000012
6.188252804697199 2.200084570152944 0.3849318849235833 1620000.0000000012
6.188252804697199 2.200084570152944 0.3849318849235833 1620000.0000000012
6.188252804697199 2.200084570152944 0.3849318849235833 1620000.0000000012
6.188252804697199 2.200084570152944 0.3849318849235833 1620000.0000000012
6.188252804697199 2.200084570152944 0.3849318849235833 1620000.0000000012
6.188252804697199 2.200084570152944 0.3849318849235833 1620000.0000000012
6.188252804697199 2.200084570152944 0.3849318849235833 1620000.0000000012
6.188252804697199 2.200084570152944 0.3849318849235833 1620000.0000000012
6.188252804697199 2.200084570152944 0.3849318849235833 1620000.0000000012
6.188252804697199 2.200084570152944 0.3849318849235833 1620000.0000000012
6.188252804697199 2.200084570152944 0.3849318849235833 1620000.0000000012
6.188252804697199 2.200084570152944 0.3849318849235833 1620000.0000000012
6.188252804697199 2.200084570152944 0.3849318849235833 1620000.0000000012
6.188252804697199 2.200084570152944 0.3849318849235833 1620000.0000000012
6.188252804697199 2.200084570152944 0.3849318849235833 1620000.0000000012
6.188252804697199 2.200084570152944 0.3849318849235833 1620000.0000000012
6.188252804697199 2.200084570152944 0.3849318849235833 1620000.0000000012
6.188252804697199 2.200084570152944 0.3849318849235833 1620000.0000000012
6.188252804697199 2.200084570152944 0.3849318849235833 1620000.0000000012
6.188252804697199 2.200084570152944 0.3849318849235833 1620000.0000000012
6.188252804697199 2.200084570152944 0.3849318849235833 1620000.0000000012
6.188252804697199 2.200084570152944 0.3849318849235833 1620000.0000000012
6.188252804697199 2.200084570152944 0.3849318849235833 1620000.0000000012
6.188252804697199 2.200084570152944 0.3849318849235833 1620000.0000000012
6.188252804697199 2.200084570152944 0.3849318849235833 1620000.0000000012
6.188252804697199 2.200084570152944 0.3849318849235833 1620000.0000000012
6.188252804697199 2.200084570152944 0.3849318849235833 1620000.0000000012
6.188252804697199 2.200084570152944 0.3849318849235833 1620000.0000000012
6.188252804697199 2.200084570152944 0.3849318849235833 1620000.0000000012
6.188252804697199 2.200084570152944 0.3849318849235833 1620000.0000000012
6.188252804697199 2.200084570152944 0.3849318849235833 1620000.0000000012
6.188252804697199 2.200084570152944 0.3849318849235833 1620000.0000000012
6.188252804697199 2.200084570152944 0.3849318849235833 1620000.0000000012
6.188252804697199 2.200084570152944 0.3849318849235833 1620000.0000000012
6.188252804697199 2.200084570152944 0.3849318849235833 1620000.0000000012
6.188252804697199 2.200084570152944 0.3849318849235833 1620000.0000000012
6.188252804697199 2.200084570152944 0.3849318849235833 1620000.0000000012
6.188252804697199 2.200084570152944 0.3849318849235833 1620000.0000000012
6.188252804697199 2.200084570152944 0.3849318849235833 1620000.0000000012
6.188252804697199 2.200084570152944 0.3849318849235833 1620000.0000000012
6.188252804697199 2.200084570152944 0.3849318849235833 1620000.0000000012
6.188252804697199 2.200084570152944 0.3849318849235833 1620000.0000000012
6.188252804697199 2.200084570152944 0.3849318849235833 1620000.0000000012
6.188252804697199 2.200084570152944 0.3849318849235833 1620000.0000000012
6.188252804697199 2.200084570152944 0.3849318849235833 1620000.0000000012
6.188252804697199 2.200084570152944 0.3849318849235833 1620000.0000000012
6.188252804697199 2.200084570152944 0.3849318849235833 1620000.0000000012
6.188252804697199 2.200084570152944 0.3849318849235833 1620000.0000000012
6.188252804697199 2.200084570152944 0.3849318849235833 1620000.0000000012
6.188252804697199 2.200084570152944 0.3849318849235833 1620000.0000000012
6.188252804697199 2.200084570152944 0.3849318849235833 1620000.0000000012
6.252029150915246 2.244241345466119 0.40449605771513214 0.0 2,0,1 coil/filament1/filament2
6.336618026195362 2.16558979898238 0.28527492767530155 1620000.0000000012
6.271508631477728 2.1211315795596972 0.27170166552989566 1620000.0000000012
6.271508631477728 2.1211315795596972 0.27170166552989566 1620000.0000000012
6.271508631477728 2.1211315795596972 0.27170166552989566 1620000.0000000012
6.271508631477728 2.1211315795596972 0.27170166552989566 1620000.0000000012
6.271508631477728 2.1211315795596972 0.27170166552989566 1620000.0000000012
6.271508631477728 2.1211315795596972 0.27170166552989566 1620000.0000000012
6.271508631477728 2.1211315795596972 0.27170166552989566 1620000.0000000012
6.271508631477728 2.1211315795596972 0.27170166552989566 1620000.0000000012
6.271508631477728 2.1211315795596972 0.27170166552989566 1620000.0000000012
6.271508631477728 2.1211315795596972 0.27170166552989566 1620000.0000000012
6.271508631477728 2.1211315795596972 0.27170166552989566 1620000.0000000012
6.271508631477728 2.1211315795596972 0.27170166552989566 1620000.0000000012
6.271508631477728 2.1211315795596972 0.27170166552989566 1620000.0000000012
6.271508631477728 2.1211315795596972 0.27170166552989566 1620000.0000000012
6.271508631477728 2.1211315795596972 0.27170166552989566 1620000.0000000012
6.271508631477728 2.1211315795596972 0.27170166552989566 1620000.0000000012
6.271508631477728 2.1211315795596972 0.27170166552989566 1620000.0000000012
6.271508631477728 2.1211315795596972 0.27170166552989566 1620000.0000000012
6.271508631477728 2.1211315795596972 0.27170166552989566 1620000.0000000012
6.271508631477728 2.1211315795596972 0.27170166552989566 1620000.0000000012
6.271508631477728 2.1211315795596972 0.27170166552989566 1620000.0000000012
6.271508631477728 2.1211315795596972 0.27170166552989566 1620000.0000000012
6.271508631477728 2.1211315795596972 0.27170166552989566 1620000.0000000012
6.271508631477728 2.1211315795596972 0.27170166552989566 1620000.0000000012
6.271508631477728 2.1211315795596972 0.27170166552989566 1620000.0000000012
6.271508631477728 2.1211315795596972 0.27170166552989566 1620000.0000000012
6.271508631477728 2.1211315795596972 0.27170166552989566 1620000.0000000012
6.271508631477728 2.1211315795596972 0.27170166552989566 1620000.0000000012
6.271508631477728 2.1211315795596972 0.27170166552989566 1620000.0000000012
6.271508631477728 2.1211315795596972 0.27170166552989566 1620000.0000000012
6.271508631477728 2.1211315795596972 0.27170166552989566 1620000.0000000012
6.271508631477728 2.1211315795596972 0.27170166552989566 1620000.0000000012
6.271508631477728 2.1211315795596972 0.27170166552989566 1620000.0000000012
6.271508631477728 2.1211315795596972 0.27170166552989566 1620000.0000000012
6.271508631477728 2.1211315795596972 0.27170166552989566 1620000.0000000012
6.271508631477728 2.1211315795596972 0.27170166552989566 1620000.0000000012
6.271508631477728 2.1211315795596972 0.27170166552989566 1620000.0000000012
6.271508631477728 2.1211315795596972 0.27170166552989566 1620000.0000000012
6.271508631477728 2.1211315795596972 0.27170166552989566 1620000.0000000012
6.271508631477728 2.1211315795596972 0.27170166552989566 1620000.0000000012
6.271508631477728 2.1211315795596972 0.27170166552989566 1620000.0000000012
6.271508631477728 2.1211315795596972 0.27170166552989566 1620000.0000000012
6.271508631477728 2.1211315795596972 0.27170166552989566 1620000.0000000012
6.271508631477728 2.1211315795596972 0.27170166552989566 1620000.0000000012
6.271508631477728 2.1211315795596972 0.27170166552989566 1620000.0000000012
6.271508631477728 2.1211315795596972 0.27170166552989566 1620000.0000000012
6.271508631477728 2.1211315795596972 0.27170166552989566 1620000.0000000012
6.271508631477728 2.1211315795596972 0.27170166552989566 1620000.0000000012
6.271508631477728 2.1211315795596972 0.27170166552989566 1620000.0000000012
6.271508631477728 2.1211315795596972 0.27170166552989566 1620000.0000000012
6.271508631477728 2.1211315795596972 0.27170166552989566 1620000.0000000012
6.271508631477728 2.1211315795596972 0.27170166552989566 1620000.0000000012
6.271508631477728 2.1211315795596972 0.27170166552989566 1620000.0000000012
6.271508631477728 2.1211315795596972 0.27170166552989566 1620000.0000000012
6.271508631477728 2.1211315795596972 0.27170166552989566 1620000.0000000012
6.271508631477728 2.1211315795596972 0.27170166552989566 1620000.0000000012
6.271508631477728 2.1211315795596972 0.27170166552989566 1620000.0000000012
6.271508631477728 2.1211315795596972 0.27170166552989566 1620000.0000000012
6.271508631477728 2.1211315795596972 0.27170166552989566 1620000.0000000012
6.271508631477728 2.1211315795596972 0.27170166552989566 1620000.0000000012
6.271508631477728 2.1211315795596972 0.27170166552989566 1620000.0000000012
6.271508631477728 2.1211315795596972 0.27170166552989566 1620000.0000000012
6.271508631477728 2.1211315795596972 0.27170166552989566 1620000.0000000012
6.336618026195362 2.16558979898238 0.28527492767530155 0.0 2,1,0 coil/filament1/filament2
6.293314668661336 2.1775806338549426 0.42036601524276607 1620000.0000000012
6.229538322443289 2.1334238585417675 0.40080184245121725 1620000.0000000012
6.229538322443289 2.1334238585417675 0.40080184245121725 1620000.0000000012
6.229538322443289 2.1334238585417675 0.40080184245121725 1620000.0000000012
6.229538322443289 2.1334238585417675 0.40080184245121725 1620000.0000000012
6.229538322443289 2.1334238585417675 0.40080184245121725 1620000.0000000012
6.229538322443289 2.1334238585417675 0.40080184245121725 1620000.0000000012
6.229538322443289 2.1334238585417675 0.40080184245121725 1620000.0000000012
6.229538322443289 2.1334238585417675 0.40080184245121725 1620000.0000000012
6.229538322443289 2.1334238585417675 0.40080184245121725 1620000.0000000012
6.229538322443289 2.1334238585417675 0.40080184245121725 1620000.0000000012
6.229538322443289 2.1334238585417675 0.40080184245121725 1620000.0000000012
6.229538322443289 2.1334238585417675 0.40080184245121725 1620000.0000000012
6.229538322443289 2.1334238585417675 0.40080184245121725 1620000.0000000012
6.229538322443289 2.1334238585417675 0.40080184245121725 1620000.0000000012
6.229538322443289 2.1334238585417675 0.40080184245121725 1620000.0000000012
6.229538322443289 2.1334238585417675 0.40080184245121725 1620000.0000000012
6.229538322443289 2.1334238585417675 0.40080184245121725 1620000.0000000012
6.229538322443289 2.1334238585417675 0.40080184245121725 1620000.0000000012
6.229538322443289 2.1334238585417675 0.40080184245121725 1620000.0000000012
6.229538322443289 2.1334238585417675 0.40080184245121725 1620000.0000000012
6.229538322443289 2.1334238585417675 0.40080184245121725 1620000.0000000012
6.229538322443289 2.1334238585417675 0.40080184245121725 1620000.0000000012
6.229538322443289 2.1334238585417675 0.40080184245121725 1620000.0000000012
6.229538322443289 2.1334238585417675 0.40080184245121725 1620000.0000000012
6.229538322443289 2.1334238585417675 0.40080184245121725 1620000.0000000012
6.229538322443289 2.1334238585417675 0.40080184245121725 1620000.0000000012
6.229538322443289 2.1334238585417675 0.40080184245121725 1620000.0000000012
6.229538322443289 2.1334238585417675 0.40080184245121725 1620000.0000000012
6.229538322443289 2.1334238585417675 0.40080184245121725 1620000.0000000012
6.229538322443289 2.1334238585417675 0.40080184245121725 1620000.0000000012
6.229538322443289 2.1334238585417675 0.40080184245121725 1620000.0000000012
6.229538322443289 2.1334238585417675 0.40080184245121725 1620000.0000000012
6.229538322443289 2.1334238585417675 0.40080184245121725 1620000.0000000012
6.229538322443289 2.1334238585417675 0.40080184245121725 1620000.0000000012
6.229538322443289 2.1334238585417675 0.40080184245121725 1620000.0000000012
6.229538322443289 2.1334238585417675 0.40080184245121725 1620000.0000000012
6.229538322443289 2.1334238585417675 0.40080184245121725 1620000.0000000012
6.229538322443289 2.1334238585417675 0.40080184245121725 1620000.0000000012
6.229538322443289 2.1334238585417675 0.40080184245121725 1620000.0000000012
6.229538322443289 2.1334238585417675 0.40080184245121725 1620000.0000000012
6.229538322443289 2.1334238585417675 0.40080184245121725 1620000.0000000012
6.229538322443289 2.1334238585417675 0.40080184245121725 1620000.0000000012
6.229538322443289 2.1334238585417675 0.40080184245121725 1620000.0000000012
6.229538322443289 2.1334238585417675 0.40080184245121725 1620000.0000000012
6.229538322443289 2.1334238585417675 0.40080184245121725 1620000.0000000012
6.229538322443289 2.1334238585417675 0.40080184245121725 1620000.0000000012
6.229538322443289 2.1334238585417675 0.40080184245121725 1620000.0000000012
6.229538322443289 2.1334238585417675 0.40080184245121725 1620000.0000000012
6.229538322443289 2.1334238585417675 0.40080184245121725 1620000.0000000012
6.229538322443289 2.1334238585417675 0.40080184245121725 1620000.0000000012
6.229538322443289 2.1334238585417675 0.40080184245121725 1620000.0000000012
6.229538322443289 2.1334238585417675 0.40080184245121725 1620000.0000000012
6.229538322443289 2.1334238585417675 0.40080184245121725 1620000.0000000012
6.229538322443289 2.1334238585417675 0.40080184245121725 1620000.0000000012
6.229538322443289 2.1334238585417675 0.40080184245121725 1620000.0000000012
6.229538322443289 2.1334238585417675 0.40080184245121725 1620000.0000000012
6.229538322443289 2.1334238585417675 0.40080184245121725 1620000.0000000012
6.229538322443289 2.1334238585417675 0.40080184245121725 1620000.0000000012
6.229538322443289 2.1334238585417675 0.40080184245121725 1620000.0000000012
6.229538322443289 2.1334238585417675 0.40080184245121725 1620000.0000000012
6.229538322443289 2.1334238585417675 0.40080184245121725 1620000.0000000012
6.229538322443289 2.1334238585417675 0.40080184245121725 1620000.0000000012
6.229538322443289 2.1334238585417675 0.40080184245121725 1620000.0000000012
6.293314668661336 2.1775806338549426 0.42036601524276607 0.0 2,1,1 coil/filament1/filament2
6.137814436283873 2.6911853195104345 0.00475000969838219 1619999.9999998696
6.07061120346184 2.652695699279352 -0.01530677550599831 1619999.9999998696
6.07061120346184 2.652695699279352 -0.01530677550599831 1619999.9999998696
6.07061120346184 2.652695699279352 -0.01530677550599831 1619999.9999998696
6.07061120346184 2.652695699279352 -0.01530677550599831 1619999.9999998696
6.07061120346184 2.652695699279352 -0.01530677550599831 1619999.9999998696
6.07061120346184 2.652695699279352 -0.01530677550599831 1619999.9999998696
6.07061120346184 2.652695699279352 -0.01530677550599831 1619999.9999998696
6.07061120346184 2.652695699279352 -0.01530677550599831 1619999.9999998696
6.07061120346184 2.652695699279352 -0.01530677550599831 1619999.9999998696
6.07061120346184 2.652695699279352 -0.01530677550599831 1619999.9999998696
6.07061120346184 2.652695699279352 -0.01530677550599831 1619999.9999998696
6.07061120346184 2.652695699279352 -0.01530677550599831 1619999.9999998696
6.07061120346184 2.652695699279352 -0.01530677550599831 1619999.9999998696
6.07061120346184 2.652695699279352 -0.01530677550599831 1619999.9999998696
6.07061120346184 2.652695699279352 -0.01530677550599831 1619999.9999998696
6.07061120346184 2.652695699279352 -0.01530677550599831 1619999.9999998696
6.07061120346184 2.652695699279352 -0.01530677550599831 1619999.9999998696
6.07061120346184 2.652695699279352 -0.01530677550599831 1619999.9999998696
6.07061120346184 2.652695699279352 -0.01530677550599831 1619999.9999998696
6.07061120346184 2.652695699279352 -0.01530677550599831 1619999.9999998696
6.07061120346184 2.652695699279352 -0.01530677550599831 1619999.9999998696
6.07061120346184 2.652695699279352 -0.01530677550599831 1619999.9999998696
6.07061120346184 2.652695699279352 -0.01530677550599831 1619999.9999998696
6.07061120346184 2.652695699279352 -0.01530677550599831 1619999.9999998696
6.07061120346184 2.652695699279352 -0.01530677550599831 1619999.9999998696
6.07061120346184 2.652695699279352 -0.01530677550599831 1619999.9999998696
6.07061120346184 2.652695699279352 -0.01530677550599831 1619999.9999998696
6.07061120346184 2.652695699279352 -0.01530677550599831 1619999.9999998696
6.07061120346184 2.652695699279352 -0.01530677550599831 1619999.9999998696
6.07061120346184 2.652695699279352 -0.01530677550599831 1619999.9999998696
6.07061120346184 2.652695699279352 -0.01530677550599831 1619999.9999998696
6.07061120346184 2.652695699279352 -0.01530677550599831 1619999.9999998696
6.07061120346184 2.652695699279352 -0.01530677550599831 1619999.9999998696
6.07061120346184 2.652695699279352 -0.01530677550599831 1619999.9999998696
6.07061120346184 2.652695699279352 -0.01530677550599831 1619999.9999998696
6.07061120346184 2.652695699279352 -0.01530677550599831 1619999.9999998696
6.07061120346184 2.652695699279352 -0.01530677550599831 1619999.9999998696
6.07061120346184 2.652695699279352 -0.01530677550599831 1619999.9999998696
6.07061120346184 2.652695699279352 -0.01530677550599831 1619999.9999998696
6.07061120346184 2.652695699279352 -0.01530677550599831 1619999.9999998696
6.07061120346184 2.652695699279352 -0.01530677550599831 1619999.9999998696
6.07061120346184 2.652695699279352 -0.01530677550599831 1619999.9999998696
6.07061120346184 2.652695699279352 -0.01530677550599831 1619999.9999998696
6.07061120346184 2.652695699279352 -0.01530677550599831 1619999.9999998696
6.07061120346184 2.652695699279352 -0.01530677550599831 1619999.9999998696
6.07061120346184 2.652695699279352 -0.01530677550599831 1619999.9999998696
6.07061120346184 2.652695699279352 -0.01530677550599831 1619999.9999998696
6.07061120346184 2.652695699279352 -0.01530677550599831 1619999.9999998696
6.07061120346184 2.652695699279352 -0.01530677550599831 1619999.9999998696
6.07061120346184 2.652695699279352 -0.01530677550599831 1619999.9999998696
6.07061120346184 2.652695699279352 -0.01530677550599831 1619999.9999998696
6.07061120346184 2.652695699279352 -0.01530677550599831 1619999.9999998696
6.07061120346184 2.652695699279352 -0.01530677550599831 1619999.9999998696
6.07061120346184 2.652695699279352 -0.01530677550599831 1619999.9999998696
6.07061120346184 2.652695699279352 -0.01530677550599831 1619999.9999998696
6.07061120346184 2.652695699279352 -0.01530677550599831 1619999.9999998696
6.07061120346184 2.652695699279352 -0.01530677550599831 1619999.9999998696
6.07061120346184 2.652695699279352 -0.01530677550599831 1619999.9999998696
6.07061120346184 2.652695699279352 -0.01530677550599831 1619999.9999998696
6.07061120346184 2.652695699279352 -0.01530677550599831 1619999.9999998696
6.07061120346184 2.652695699279352 -0.01530677550599831 1619999.9999998696
6.07061120346184 2.652695699279352 -0.01530677550599831 1619999.9999998696
6.07061120346184 2.652695699279352 -0.01530677550599831 1619999.9999998696
6.137814436283873 2.6911853195104345 0.00475000969838219 0.0 3,0,0 coil/filament1/filament2
6.044513226931824 2.7354640856804604 0.19165938472202093 1619999.9999998696
5.980883784304138 2.6940709393115543 0.1664026734441778 1619999.9999998696
5.980883784304138 2.6940709393115543 0.1664026734441778 1619999.9999998696
5.980883784304138 2.6940709393115543 0.1664026734441778 1619999.9999998696
5.980883784304138 2.6940709393115543 0.1664026734441778 1619999.9999998696
5.980883784304138 2.6940709393115543 0.1664026734441778 1619999.9999998696
5.980883784304138 2.6940709393115543 0.1664026734441778 1619999.9999998696
5.980883784304138 2.6940709393115543 0.1664026734441778 1619999.9999998696
5.980883784304138 2.6940709393115543 0.1664026734441778 1619999.9999998696
5.980883784304138 2.6940709393115543 0.1664026734441778 1619999.9999998696
5.980883784304138 2.6940709393115543 0.1664026734441778 1619999.9999998696
5.980883784304138 2.6940709393115543 0.1664026734441778 1619999.9999998696
5.980883784304138 2.6940709393115543 0.1664026734441778 1619999.9999998696
5.980883784304138 2.6940709393115543 0.1664026734441778 1619999.9999998696
5.980883784304138 2.6940709393115543 0.1664026734441778 1619999.9999998696
5.980883784304138 2.6940709393115543 0.1664026734441778 1619999.9999998696
5.980883784304138 2.6940709393115543 0.1664026734441778 1619999.9999998696
5.980883784304138 2.6940709393115543 0.1664026734441778 1619999.9999998696
5.980883784304138 2.6940709393115543 0.1664026734441778 1619999.9999998696
5.980883784304138 2.6940709393115543 0.1664026734441778 1619999.9999998696
5.980883784304138 2.6940709393115543 0.1664026734441778 1619999.9999998696
5.980883784304138 2.6940709393115543 0.1664026734441778 1619999.9999998696
5.980883784304138 2.6940709393115543 0.1664026734441778 1619999.9999998696
5.980883784304138 2.6940709393115543 0.1664026734441778 1619999.9999998696
5.980883784304138 2.6940709393115543 0.1664026734441778 1619999.9999998696
5.980883784304138 2.6940709393115543 0.1664026734441778 1619999.9999998696
5.980883784304138 2.6940709393115543 0.1664026734441778 1619999.9999998696
5.980883784304138 2.6940709393115543 0.1664026734441778 1619999.9999998696
5.980883784304138 2.6940709393115543 0.1664026734441778 1619999.9999998696
5.980883784304138 2.6940709393115543 0.1664026734441778 1619999.9999998696
5.980883784304138 2.6940709393115543 0.1664026734441778 1619999.9999998696
5.980883784304138 2.6940709393115543 0.1664026734441778 1619999.9999998696
5.980883784304138 2.6940709393115543 0.1664026734441778 1619999.9999998696
5.980883784304138 2.6940709393115543 0.1664026734441778 1619999.9999998696
5.980883784304138 2.6940709393115543 0.1664026734441778 1619999.9999998696
5.980883784304138 2.6940709393115543 0.1664026734441778 1619999.9999998696
5.980883784304138 2.6940709393115543 0.1664026734441778 1619999.9999998696
5.980883784304138 2.6940709393115543 0.1664026734441778 1619999.9999998696
5.980883784304138 2.6940709393115543 0.1664026734441778 1619999.9999998696
5.980883784304138 2.6940709393115543 0.1664026734441778 1619999.9999998696
5.980883784304138 2.6940709393115543 0.1664026734441778 1619999.9999998696
5.980883784304138 2.6940709393115543 0.1664026734441778 1619999.9999998696
5.980883784304138 2.6940709393115543 0.1664026734441778 1619999.9999998696
5.980883784304138 2.6940709393115543 0.1664026734441778 1619999.9999998696
5.980883784304138 2.6940709393115543 0.1664026734441778 1619999.9999998696
5.980883784304138 2.6940709393115543 0.1664026734441778 1619999.9999998696
5.980883784304138 2.6940709393115543 0.1664026734441778 1619999.9999998696
5.980883784304138 2.6940709393115543 0.1664026734441778 1619999.9999998696
5.980883784304138 2.6940709393115543 0.1664026734441778 1619999.9999998696
5.980883784304138 2.6940709393115543 0.1664026734441778 1619999.9999998696
5.980883784304138 2.6940709393115543 0.1664026734441778 1619999.9999998696
5.980883784304138 2.6940709393115543 0.1664026734441778 1619999.9999998696
5.980883784304138 2.6940709393115543 0.1664026734441778 1619999.9999998696
5.980883784304138 2.6940709393115543 0.1664026734441778 1619999.9999998696
5.980883784304138 2.6940709393115543 0.1664026734441778 1619999.9999998696
5.980883784304138 2.6940709393115543 0.1664026734441778 1619999.9999998696
5.980883784304138 2.6940709393115543 0.1664026734441778 1619999.9999998696
5.980883784304138 2.6940709393115543 0.1664026734441778 1619999.9999998696
5.980883784304138 2.6940709393115543 0.1664026734441778 1619999.9999998696
5.980883784304138 2.6940709393115543 0.1664026734441778 1619999.9999998696
5.980883784304138 2.6940709393115543 0.1664026734441778 1619999.9999998696
5.980883784304138 2.6940709393115543 0.1664026734441778 1619999.9999998696
5.980883784304138 2.6940709393115543 0.1664026734441778 1619999.9999998696
5.980883784304138 2.6940709393115543 0.1664026734441778 1619999.9999998696
6.044513226931824 2.7354640856804604 0.19165938472202093 0.0 3,0,1 coil/filament1/filament2
6.168378194376305 2.622968642584213 0.033251618081257456 1619999.9999998696
6.101174961554272 2.5844790223531304 0.013194832876876951 1619999.9999998696
6.101174961554272 2.5844790223531304 0.013194832876876951 1619999.9999998696
6.101174961554272 2.5844790223531304 0.013194832876876951 1619999.9999998696
6.101174961554272 2.5844790223531304 0.013194832876876951 1619999.9999998696
6.101174961554272 2.5844790223531304 0.013194832876876951 1619999.9999998696
6.101174961554272 2.5844790223531304 0.013194832876876951 1619999.9999998696
6.101174961554272 2.5844790223531304 0.013194832876876951 1619999.9999998696
6.101174961554272 2.5844790223531304 0.013194832876876951 1619999.9999998696
6.101174961554272 2.5844790223531304 0.013194832876876951 1619999.9999998696
6.101174961554272 2.5844790223531304 0.013194832876876951 1619999.9999998696
6.101174961554272 2.5844790223531304 0.013194832876876951 1619999.9999998696
6.101174961554272 2.5844790223531304 0.013194832876876951 1619999.9999998696
6.101174961554272 2.5844790223531304 0.013194832876876951 1619999.9999998696
6.101174961554272 2.5844790223531304 0.013194832876876951 1619999.9999998696
6.101174961554272 2.5844790223531304 0.013194832876876951 1619999.9999998696
6.101174961554272 2.5844790223531304 0.013194832876876951 1619999.9999998696
6.101174961554272 2.5844790223531304 0.013194832876876951 1619999.9999998696
6.101174961554272 2.5844790223531304 0.013194832876876951 1619999.9999998696
6.101174961554272 2.5844790223531304 0.013194832876876951 1619999.9999998696
6.101174961554272 2.5844790223531304 0.013194832876876951 1619999.9999998696
6.101174961554272 2.5844790223531304 0.013194832876876951 1619999.9999998696
6.101174961554272 2.5844790223531304 0.013194832876876951 1619999.9999998696
6.101174961554272 2.5844790223531304 0.013194832876876951 1619999.9999998696
6.101174961554272 2.5844790223531304 0.013194832876876951 1619999.9999998696
6.101174961554272 2.5844790223531304 0.013194832876876951 1619999.9999998696
6.101174961554272 2.5844790223531304 0.013194832876876951 1619999.9999998696
6.101174961554272 2.5844790223531304 0.013194832876876951 1619999.9999998696
6.101174961554272 2.5844790223531304 0.013194832876876951 1619999.9999998696
6.101174961554272 2.5844790223531304 0.013194832876876951 1619999.9999998696
6.101174961554272 2.5844790223531304 0.013194832876876951 1619999.9999998696
6.101174961554272 2.5844790223531304 0.013194832876876951 1619999.9999998696
6.101174961554272 2.5844790223531304 0.013194832876876951 1619999.9999998696
6.101174961554272 2.5844790223531304 0.013194832876876951 1619999.9999998696
6.101174961554272 2.5844790223531304 0.013194832876876951 1619999.9999998696
6.101174961554272 2.5844790223531304 0.013194832876876951 1619999.9999998696
6.101174961554272 2.5844790223531304 0.013194832876876951 1619999.9999998696
6.101174961554272 2.5844790223531304 0.013194832876876951 1619999.9999998696
6.101174961554272 2.5844790223531304 0.013194832876876951 1619999.9999998696
6.101174961554272 2.5844790223531304 0.013194832876876951 1619999.9999998696
6.101174961554272 2.5844790223531304 0.013194832876876951 1619999.9999998696
6.101174961554272 2.5844790223531304 0.013194832876876951 1619999.9999998696
6.101174961554272 2.5844790223531304 0.013194832876876951 1619999.9999998696
6.101174961554272 2.5844790223531304 0.013194832876876951 1619999.9999998696
6.101174961554272 2.5844790223531304 0.013194832876876951 1619999.9999998696
6.101174961554272 2.5844790223531304 0.013194832876876951 1619999.9999998696
6.101174961554272 2.5844790223531304 0.013194832876876951 1619999.9999998696
6.101174961554272 2.5844790223531304 0.013194832876876951 1619999.9999998696
6.101174961554272 2.5844790223531304 0.013194832876876951 1619999.9999998696
6.101174961554272 2.5844790223531304 0.013194832876876951 1619999.9999998696
6.101174961554272 2.5844790223531304 0.013194832876876951 1619999.9999998696
6.101174961554272 2.5844790223531304 0.013194832876876951 1619999.9999998696
6.101174961554272 2.5844790223531304 0.013194832876876951 1619999.9999998696
6.101174961554272 2.5844790223531304 0.013194832876876951 1619999.9999998696
6.101174961554272 2.5844790223531304 0.013194832876876951 1619999.9999998696
6.101174961554272 2.5844790223531304 0.013194832876876951 1619999.9999998696
6.101174961554272 2.5844790223531304 0.013194832876876951 1619999.9999998696
6.101174961554272 2.5844790223531304 0.013194832876876951 1619999.9999998696
6.101174961554272 2.5844790223531304 0.013194832876876951 1619999.9999998696
6.101174961554272 2.5844790223531304 0.013194832876876951 1619999.9999998696
6.101174961554272 2.5844790223531304 0.013194832876876951 1619999.9999998696
6.101174961554272 2.5844790223531304 0.013194832876876951 1619999.9999998696
6.101174961554272 2.5844790223531304 0.013194832876876951 1619999.9999998696
6.101174961554272 2.5844790223531304 0.013194832876876951 1619999.9999998696
6.168378194376305 2.622968642584213 0.033251618081257456 0.0 3,1,0 coil/filament1/filament2
6.074862915028455 2.668969602566087 0.2241767669627474 1619999.9999998696
6.011233472400769 2.627576456197181 0.19892005568490428 1619999.9999998696
6.011233472400769 2.627576456197181 0.19892005568490428 1619999.9999998696
6.011233472400769 2.627576456197181 0.19892005568490428 1619999.9999998696
6.011233472400769 2.627576456197181 0.19892005568490428 1619999.9999998696
6.011233472400769 2.627576456197181 0.19892005568490428 1619999.9999998696
6.011233472400769 2.627576456197181 0.19892005568490428 1619999.9999998696
6.011233472400769 2.627576456197181 0.19892005568490428 1619999.9999998696
6.011233472400769 2.627576456197181 0.19892005568490428 1619999.9999998696
6.011233472400769 2.627576456197181 0.19892005568490428 1619999.9999998696
6.011233472400769 2.627576456197181 0.19892005568490428 1619999.9999998696
6.011233472400769 2.627576456197181 0.19892005568490428 1619999.9999998696
6.011233472400769 2.627576456197181 0.19892005568490428 1619999.9999998696
6.011233472400769 2.627576456197181 0.19892005568490428 1619999.9999998696
6.011233472400769 2.627576456197181 0.19892005568490428 1619999.9999998696
6.011233472400769 2.627576456197181 0.19892005568490428 1619999.9999998696
6.011233472400769 2.627576456197181 0.19892005568490428 1619999.9999998696
6.011233472400769 2.627576456197181 0.19892005568490428 1619999.9999998696
6.011233472400769 2.627576456197181 0.19892005568490428 1619999.9999998696
6.011233472400769 2.627576456197181 0.19892005568490428 1619999.9999998696
6.011233472400769 2.627576456197181 0.19892005568490428 1619999.9999998696
6.011233472400769 2.627576456197181 0.19892005568490428 1619999.9999998696
6.011233472400769 2.627576456197181 0.19892005568490428 1619999.9999998696
6.011233472400769 2.627576456197181 0.19892005568490428 1619999.9999998696
6.011233472400769 2.627576456197181 0.19892005568490428 1619999.9999998696
6.011233472400769 2.627576456197181 0.19892005568490428 1619999.9999998696
6.011233472400769 2.627576456197181 0.19892005568490428 1619999.9999998696
6.011233472400769 2.627576456197181 0.19892005568490428 1619999.9999998696
6.011233472400769 2.627576456197181 0.19892005568490428 1619999.9999998696
6.011233472400769 2.627576456197181 0.19892005568490428 1619999.9999998696
6.011233472400769 2.627576456197181 0.19892005568490428 1619999.9999998696
6.011233472400769 2.627576456197181 0.19892005568490428 1619999.9999998696
6.011233472400769 2.627576456197181 0.19892005568490428 1619999.9999998696
6.011233472400769 2.627576456197181 0.19892005568490428 1619999.9999998696
6.011233472400769 2.627576456197181 0.19892005568490428 1619999.9999998696
6.011233472400769 2.627576456197181 0.19892005568490428 1619999.9999998696
6.011233472400769 2.627576456197181 0.19892005568490428 1619999.9999998696
6.011233472400769 2.627576456197181 0.19892005568490428 1619999.9999998696
6.011233472400769 2.627576456197181 0.19892005568490428 1619999.9999998696
6.011233472400769 2.627576456197181 0.19892005568490428 1619999.9999998696
6.011233472400769 2.627576456197181 0.19892005568490428 1619999.9999998696
6.011233472400769 2.627576456197181 0.19892005568490428 1619999.9999998696
6.011233472400769 2.627576456197181 0.19892005568490428 1619999.9999998696
6.011233472400769 2.627576456197181 0.19892005568490428 1619999.9999998696
6.011233472400769 2.627576456197181 0.19892005568490428 1619999.9999998696
6.011233472400769 2.627576456197181 0.19892005568490428 1619999.9999998696
6.011233472400769 2.627576456197181 0.19892005568490428 1619999.9999998696
6.011233472400769 2.627576456197181 0.19892005568490428 1619999.9999998696
6.011233472400769 2.627576456197181 0.19892005568490428 1619999.9999998696
6.011233472400769 2.627576456197181 0.19892005568490428 1619999.9999998696
6.011233472400769 2.627576456197181 0.19892005568490428 1619999.9999998696
6.011233472400769 2.627576456197181 0.19892005568490428 1619999.9999998696
6.011233472400769 2.627576456197181 0.19892005568490428 1619999.9999998696
6.011233472400769 2.627576456197181 0.19892005568490428 1619999.9999998696
6.011233472400769 2.627576456197181 0.19892005568490428 1619999.9999998696
6.011233472400769 2.627576456197181 0.19892005568490428 1619999.9999998696
6.011233472400769 2.627576456197181 0.19892005568490428 1619999.9999998696
6.011233472400769 2.627576456197181 0.19892005568490428 1619999.9999998696
6.011233472400769 2.627576456197181 0.19892005568490428 1619999.9999998696
6.011233472400769 2.627576456197181 0.19892005568490428 1619999.9999998696
6.011233472400769 2.627576456197181 0.19892005568490428 1619999.9999998696
6.011233472400769 2.627576456197181 0.19892005568490428 1619999.9999998696
6.011233472400769 2.627576456197181 0.19892005568490428 1619999.9999998696
6.011233472400769 2.627576456197181 0.19892005568490428 1619999.9999998696
6.074862915028455 2.668969602566087 0.2241767669627474 0.0 3,1,1 coil/filament1/filament2
5.760337670226309 3.3657870857639716 -0.015744015597493666 1619999.9999997697
5.687994885212861 3.333177261213224 -0.005589174423579299 1619999.9999997697
5.687994885212861 3.333177261213224 -0.005589174423579299 1619999.9999997697
5.687994885212861 3.333177261213224 -0.005589174423579299 1619999.9999997697
5.687994885212861 3.333177261213224 -0.005589174423579299 1619999.9999997697
5.687994885212861 3.333177261213224 -0.005589174423579299 1619999.9999997697
5.687994885212861 3.333177261213224 -0.005589174423579299 1619999.9999997697
5.687994885212861 3.333177261213224 -0.005589174423579299 1619999.9999997697
5.687994885212861 3.333177261213224 -0.005589174423579299 1619999.9999997697
5.687994885212861 3.333177261213224 -0.005589174423579299 1619999.9999997697
5.687994885212861 3.333177261213224 -0.005589174423579299 1619999.9999997697
5.687994885212861 3.333177261213224 -0.005589174423579299 1619999.9999997697
5.687994885212861 3.333177261213224 -0.005589174423579299 1619999.9999997697
5.687994885212861 3.333177261213224 -0.005589174423579299 1619999.9999997697
5.687994885212861 3.333177261213224 -0.005589174423579299 1619999.9999997697
5.687994885212861 3.333177261213224 -0.005589174423579299 1619999.9999997697
5.687994885212861 3.333177261213224 -0.005589174423579299 1619999.9999997697
5.687994885212861 3.333177261213224 -0.005589174423579299 1619999.9999997697
5.687994885212861 3.333177261213224 -0.005589174423579299 1619999.9999997697
5.687994885212861 3.333177261213224 -0.005589174423579299 1619999.9999997697
5.687994885212861 3.333177261213224 -0.005589174423579299 1619999.9999997697
5.687994885212861 3.333177261213224 -0.005589174423579299 1619999.9999997697
5.687994885212861 3.333177261213224 -0.005589174423579299 1619999.9999997697
5.687994885212861 3.333177261213224 -0.005589174423579299 1619999.9999997697
5.687994885212861 3.333177261213224 -0.005589174423579299 1619999.9999997697
5.687994885212861 3.333177261213224 -0.005589174423579299 1619999.9999997697
5.687994885212861 3.333177261213224 -0.005589174423579299 1619999.9999997697
5.687994885212861 3.333177261213224 -0.005589174423579299 1619999.9999997697
5.687994885212861 3.333177261213224 -0.005589174423579299 1619999.9999997697
5.687994885212861 3.333177261213224 -0.005589174423579299 1619999.9999997697
5.687994885212861 3.333177261213224 -0.005589174423579299 1619999.9999997697
5.687994885212861 3.333177261213224 -0.005589174423579299 1619999.9999997697
5.687994885212861 3.333177261213224 -0.005589174423579299 1619999.9999997697
5.687994885212861 3.333177261213224 -0.005589174423579299 1619999.9999997697
5.687994885212861 3.333177261213224 -0.005589174423579299 1619999.9999997697
5.687994885212861 3.333177261213224 -0.005589174423579299 1619999.9999997697
5.687994885212861 3.333177261213224 -0.005589174423579299 1619999.9999997697
5.687994885212861 3.333177261213224 -0.005589174423579299 1619999.9999997697
5.687994885212861 3.333177261213224 -0.005589174423579299 1619999.9999997697
5.687994885212861 3.333177261213224 -0.005589174423579299 1619999.9999997697
5.687994885212861 3.333177261213224 -0.005589174423579299 1619999.9999997697
5.687994885212861 3.333177261213224 -0.005589174423579299 1619999.9999997697
5.687994885212861 3.333177261213224 -0.005589174423579299 1619999.9999997697
5.687994885212861 3.333177261213224 -0.005589174423579299 1619999.9999997697
5.687994885212861 3.333177261213224 -0.005589174423579299 1619999.9999997697
5.687994885212861 3.333177261213224 -0.005589174423579299 1619999.9999997697
5.687994885212861 3.333177261213224 -0.005589174423579299 1619999.9999997697
5.687994885212861 3.333177261213224 -0.005589174423579299 1619999.9999997697
5.687994885212861 3.333177261213224 -0.005589174423579299 1619999.9999997697
5.687994885212861 3.333177261213224 -0.005589174423579299 1619999.9999997697
5.687994885212861 3.333177261213224 -0.005589174423579299 1619999.9999997697
5.687994885212861 3.333177261213224 -0.005589174423579299 1619999.9999997697
5.687994885212861 3.333177261213224 -0.005589174423579299 1619999.9999997697
5.687994885212861 3.333177261213224 -0.005589174423579299 1619999.9999997697
5.687994885212861 3.333177261213224 -0.005589174423579299 1619999.9999997697
5.687994885212861 3.333177261213224 -0.005589174423579299 1619999.9999997697
5.687994885212861 3.333177261213224 -0.005589174423579299 1619999.9999997697
5.687994885212861 3.333177261213224 -0.005589174423579299 1619999.9999997697
5.687994885212861 3.333177261213224 -0.005589174423579299 1619999.9999997697
5.687994885212861 3.333177261213224 -0.005589174423579299 1619999.9999997697
5.687994885212861 3.333177261213224 -0.005589174423579299 1619999.9999997697
5.687994885212861 3.333177261213224 -0.005589174423579299 1619999.9999997697
5.687994885212861 3.333177261213224 -0.005589174423579299 1619999.9999997697
5.687994885212861 3.333177261213224 -0.005589174423579299 1619999.9999997697
5.760337670226309 3.3657870857639716 -0.015744015597493666 0.0 4,0,0 coil/filament1/filament2
5.792891049293227 3.2861341535116937 0.10029658977938792 1619999.9999997697
5.716305266858483 3.263947423317616 0.0937876012133147 1619999.9999997697
5.716305266858483 3.263947423317616 0.0937876012133147 1619999.9999997697
5.716305266858483 3.263947423317616 0.0937876012133147 1619999.9999997697
5.716305266858483 3.263947423317616 0.0937876012133147 1619999.9999997697
5.716305266858483 3.263947423317616 0.0937876012133147 1619999.9999997697
5.716305266858483 3.263947423317616 0.0937876012133147 1619999.9999997697
5.716305266858483 3.263947423317616 0.0937876012133147 1619999.9999997697
5.716305266858483 3.263947423317616 0.0937876012133147 1619999.9999997697
5.716305266858483 3.263947423317616 0.0937876012133147 1619999.9999997697
5.716305266858483 3.263947423317616 0.0937876012133147 1619999.9999997697
5.716305266858483 3.263947423317616 0.0937876012133147 1619999.9999997697
5.716305266858483 3.263947423317616 0.0937876012133147 1619999.9999997697
5.716305266858483 3.263947423317616 0.0937876012133147 1619999.9999997697
5.716305266858483 3.263947423317616 0.0937876012133147 1619999.9999997697
5.716305266858483 3.263947423317616 0.0937876012133147 1619999.9999997697
5.716305266858483 3.263947423317616 0.0937876012133147 1619999.9999997697
5.716305266858483 3.263947423317616 0.0937876012133147 1619999.9999997697
5.716305266858483 3.263947423317616 0.0937876012133147 1619999.9999997697
5.716305266858483 3.263947423317616 0.0937876012133147 1619999.9999997697
5.716305266858483 3.263947423317616 0.0937876012133147 1619999.9999997697
5.716305266858483 3.263947423317616 0.0937876012133147 1619999.9999997697
5.716305266858483 3.263947423317616 0.0937876012133147 1619999.9999997697
5.716305266858483 3.263947423317616 0.0937876012133147 1619999.9999997697
5.716305266858483 3.263947423317616 0.0937876012133147 1619999.9999997697
5.716305266858483 3.263947423317616 0.0937876012133147 1619999.9999997697
5.716305266858483 3.263947423317616 0.0937876012133147 1619999.9999997697
5.716305266858483 3.263947423317616 0.0937876012133147 1619999.9999997697
5.716305266858483 3.263947423317616 0.0937876012133147 1619999.9999997697
5.716305266858483 3.263947423317616 0.0937876012133147 1619999.9999997697
5.716305266858483 3.263947423317616 0.0937876012133147 1619999.9999997697
5.716305266858483 3.263947423317616 0.0937876012133147 1619999.9999997697
5.716305266858483 3.263947423317616 0.0937876012133147 1619999.9999997697
5.716305266858483 3.263947423317616 0.0937876012133147 1619999.9999997697
5.716305266858483 3.263947423317616 0.0937876012133147 1619999.9999997697
5.716305266858483 3.263947423317616 0.0937876012133147 1619999.9999997697
5.716305266858483 3.263947423317616 0.0937876012133147 1619999.9999997697
5.716305266858483 3.263947423317616 0.0937876012133147 1619999.9999997697
5.716305266858483 3.263947423317616 0.0937876012133147 1619999.9999997697
5.716305266858483 3.263947423317616 0.0937876012133147 1619999.9999997697
5.716305266858483 3.263947423317616 0.0937876012133147 1619999.9999997697
5.716305266858483 3.263947423317616 0.0937876012133147 1619999.9999997697
5.716305266858483 3.263947423317616 0.0937876012133147 1619999.9999997697
5.716305266858483 3.263947423317616 0.0937876012133147 1619999.9999997697
5.716305266858483 3.263947423317616 0.0937876012133147 1619999.9999997697
5.716305266858483 3.263947423317616 0.0937876012133147 1619999.9999997697
5.716305266858483 3.263947423317616 0.0937876012133147 1619999.9999997697
5.716305266858483 3.263947423317616 0.0937876012133147 1619999.9999997697
5.716305266858483 3.263947423317616 0.0937876012133147 1619999.9999997697
5.716305266858483 3.263947423317616 0.0937876012133147 1619999.9999997697
5.716305266858483 3.263947423317616 0.0937876012133147 1619999.9999997697
5.716305266858483 3.263947423317616 0.0937876012133147 1619999.9999997697
5.716305266858483 3.263947423317616 0.0937876012133147 1619999.9999997697
5.716305266858483 3.263947423317616 0.0937876012133147 1619999.9999997697
5.716305266858483 3.263947423317616 0.0937876012133147 1619999.9999997697
5.716305266858483 3.263947423317616 0.0937876012133147 1619999.9999997697
5.716305266858483 3.263947423317616 0.0937876012133147 1619999.9999997697
5.716305266858483 3.263947423317616 0.0937876012133147 1619999.9999997697
5.716305266858483 3.263947423317616 0.0937876012133147 1619999.9999997697
5.716305266858483 3.263947423317616 0.0937876012133147 1619999.9999997697
5.716305266858483 3.263947423317616 0.0937876012133147 1619999.9999997697
5.716305266858483 3.263947423317616 0.0937876012133147 1619999.9999997697
5.716305266858483 3.263947423317616 0.0937876012133147 1619999.9999997697
5.716305266858483 3.263947423317616 0.0937876012133147 1619999.9999997697
5.792891049293227 3.2861341535116937 0.10029658977938792 0.0 4,0,1 coil/filament1/filament2
5.778144653027008 3.3094784360313105 -0.06970925745574973 1619999.9999997697
5.70580186801356 3.276868611480563 -0.05955441628183536 1619999.9999997697
5.70580186801356 3.276868611480563 -0.05955441628183536 1619999.9999997697
5.70580186801356 3.276868611480563 -0.05955441628183536 1619999.9999997697
5.70580186801356 3.276868611480563 -0.05955441628183536 1619999.9999997697
5.70580186801356 3.276868611480563 -0.05955441628183536 1619999.9999997697
5.70580186801356 3.276868611480563 -0.05955441628183536 1619999.9999997697
5.70580186801356 3.276868611480563 -0.05955441628183536 1619999.9999997697
5.70580186801356 3.276868611480563 -0.05955441628183536 1619999.9999997697
5.70580186801356 3.276868611480563 -0.05955441628183536 1619999.9999997697
5.70580186801356 3.276868611480563 -0.05955441628183536 1619999.9999997697
5.70580186801356 3.276868611480563 -0.05955441628183536 1619999.9999997697
5.70580186801356 3.276868611480563 -0.05955441628183536 1619999.9999997697
5.70580186801356 3.276868611480563 -0.05955441628183536 1619999.9999997697
5.70580186801356 3.276868611480563 -0.05955441628183536 1619999.9999997697
5.70580186801356 3.276868611480563 -0.05955441628183536 1619999.9999997697
5.70580186801356 3.276868611480563 -0.05955441628183536 1619999.9999997697
5.70580186801356 3.276868611480563 -0.05955441628183536 1619999.9999997697
5.70580186801356 3.276868611480563 -0.05955441628183536 1619999.9999997697
5.70580186801356 3.276868611480563 -0.05955441628183536 1619999.9999997697
5.70580186801356 3.276868611480563 -0.05955441628183536 1619999.9999997697
5.70580186801356 3.276868611480563 -0.05955441628183536 1619999.9999997697
5.70580186801356 3.276868611480563 -0.05955441628183536 1619999.9999997697
5.70580186801356 3.276868611480563 -0.05955441628183536 1619999.9999997697
5.70580186801356 3.276868611480563 -0.05955441628183536 1619999.9999997697
5.70580186801356 3.276868611480563 -0.05955441628183536 1619999.9999997697
5.70580186801356 3.276868611480563 -0.05955441628183536 1619999.9999997697
5.70580186801356 3.276868611480563 -0.05955441628183536 1619999.9999997697
5.70580186801356 3.276868611480563 -0.05955441628183536 1619999.9999997697
5.70580186801356 3.276868611480563 -0.05955441628183536 1619999.9999997697
5.70580186801356 3.276868611480563 -0.05955441628183536 1619999.9999997697
5.70580186801356 3.276868611480563 -0.05955441628183536 1619999.9999997697
5.70580186801356 3.276868611480563 -0.05955441628183536 1619999.9999997697
5.70580186801356 3.276868611480563 -0.05955441628183536 1619999.9999997697
5.70580186801356 3.276868611480563 -0.05955441628183536 1619999.9999997697
5.70580186801356 3.276868611480563 -0.05955441628183536 1619999.9999997697
5.70580186801356 3.276868611480563 -0.05955441628183536 1619999.9999997697
5.70580186801356 3.276868611480563 -0.05955441628183536 1619999.9999997697
5.70580186801356 3.276868611480563 -0.05955441628183536 1619999.9999997697
5.70580186801356 3.276868611480563 -0.05955441628183536 1619999.9999997697
5.70580186801356 3.276868611480563 -0.05955441628183536 1619999.9999997697
5.70580186801356 3.276868611480563 -0.05955441628183536 1619999.9999997697
5.70580186801356 3.276868611480563 -0.05955441628183536 1619999.9999997697
5.70580186801356 3.276868611480563 -0.05955441628183536 1619999.9999997697
5.70580186801356 3.276868611480563 -0.05955441628183536 1619999.9999997697
5.70580186801356 3.276868611480563 -0.05955441628183536 1619999.9999997697
5.70580186801356 3.276868611480563 -0.05955441628183536 1619999.9999997697
5.70580186801356 3.276868611480563 -0.05955441628183536 1619999.9999997697
5.70580186801356 3.276868611480563 -0.05955441628183536 1619999.9999997697
5.70580186801356 3.276868611480563 -0.05955441628183536 1619999.9999997697
5.70580186801356 3.276868611480563 -0.05955441628183536 1619999.9999997697
5.70580186801356 3.276868611480563 -0.05955441628183536 1619999.9999997697
5.70580186801356 3.276868611480563 -0.05955441628183536 1619999.9999997697
5.70580186801356 3.276868611480563 -0.05955441628183536 1619999.9999997697
5.70580186801356 3.276868611480563 -0.05955441628183536 1619999.9999997697
5.70580186801356 3.276868611480563 -0.05955441628183536 1619999.9999997697
5.70580186801356 3.276868611480563 -0.05955441628183536 1619999.9999997697
5.70580186801356 3.276868611480563 -0.05955441628183536 1619999.9999997697
5.70580186801356 3.276868611480563 -0.05955441628183536 1619999.9999997697
5.70580186801356 3.276868611480563 -0.05955441628183536 1619999.9999997697
5.70580186801356 3.276868611480563 -0.05955441628183536 1619999.9999997697
5.70580186801356 3.276868611480563 -0.05955441628183536 1619999.9999997697
5.70580186801356 3.276868611480563 -0.05955441628183536 1619999.9999997697
5.70580186801356 3.276868611480563 -0.05955441628183536 1619999.9999997697
5.778144653027008 3.3094784360313105 -0.06970925745574973 0.0 4,1,0 coil/filament1/filament2
5.815278228466396 3.2206122153449246 0.0602255300537147 1619999.9999997697
5.738692446031652 3.198425485150847 0.053716541487641475 1619999.9999997697
5.738692446031652 3.198425485150847 0.053716541487641475 1619999.9999997697
5.738692446031652 3.198425485150847 0.053716541487641475 1619999.9999997697
5.738692446031652 3.198425485150847 0.053716541487641475 1619999.9999997697
5.738692446031652 3.198425485150847 0.053716541487641475 1619999.9999997697
5.738692446031652 3.198425485150847 0.053716541487641475 1619999.9999997697
5.738692446031652 3.198425485150847 0.053716541487641475 1619999.9999997697
5.738692446031652 3.198425485150847 0.053716541487641475 1619999.9999997697
5.738692446031652 3.198425485150847 0.053716541487641475 1619999.9999997697
5.738692446031652 3.198425485150847 0.053716541487641475 1619999.9999997697
5.738692446031652 3.198425485150847 0.053716541487641475 1619999.9999997697
5.738692446031652 3.198425485150847 0.053716541487641475 1619999.9999997697
5.738692446031652 3.198425485150847 0.053716541487641475 1619999.9999997697
5.738692446031652 3.198425485150847 0.053716541487641475 1619999.9999997697
5.738692446031652 3.198425485150847 0.053716541487641475 1619999.9999997697
5.738692446031652 3.198425485150847 0.053716541487641475 1619999.9999997697
5.738692446031652 3.198425485150847 0.053716541487641475 1619999.9999997697
5.738692446031652 3.198425485150847 0.053716541487641475 1619999.9999997697
5.738692446031652 3.198425485150847 0.053716541487641475 1619999.9999997697
5.738692446031652 3.198425485150847 0.053716541487641475 1619999.9999997697
5.738692446031652 3.198425485150847 0.053716541487641475 1619999.9999997697
5.738692446031652 3.198425485150847 0.053716541487641475 1619999.9999997697
5.738692446031652 3.198425485150847 0.053716541487641475 1619999.9999997697
5.738692446031652 3.198425485150847 0.053716541487641475 1619999.9999997697
5.738692446031652 3.198425485150847 0.053716541487641475 1619999.9999997697
5.738692446031652 3.198425485150847 0.053716541487641475 1619999.9999997697
5.738692446031652 3.198425485150847 0.053716541487641475 1619999.9999997697
5.738692446031652 3.198425485150847 0.053716541487641475 1619999.9999997697
5.738692446031652 3.198425485150847 0.053716541487641475 1619999.9999997697
5.738692446031652 3.198425485150847 0.053716541487641475 1619999.9999997697
5.738692446031652 3.198425485150847 0.053716541487641475 1619999.9999997697
5.738692446031652 3.198425485150847 0.053716541487641475 1619999.9999997697
5.738692446031652 3.198425485150847 0.053716541487641475 1619999.9999997697
5.738692446031652 3.198425485150847 0.053716541487641475 1619999.9999997697
5.738692446031652 3.198425485150847 0.053716541487641475 1619999.9999997697
5.738692446031652 3.198425485150847 0.053716541487641475 1619999.9999997697
5.738692446031652 3.198425485150847 0.053716541487641475 1619999.9999997697
5.738692446031652 3.198425485150847 0.053716541487641475 1619999.9999997697
5.738692446031652 3.198425485150847 0.053716541487641475 1619999.9999997697
5.738692446031652 3.198425485150847 0.053716541487641475 1619999.9999997697
5.738692446031652 3.198425485150847 0.053716541487641475 1619999.9999997697
5.738692446031652 3.198425485150847 0.053716541487641475 1619999.9999997697
5.738692446031652 3.198425485150847 0.053716541487641475 1619999.9999997697
5.738692446031652 3.198425485150847 0.053716541487641475 1619999.9999997697
5.738692446031652 3.198425485150847 0.053716541487641475 1619999.9999997697
5.738692446031652 3.198425485150847 0.053716541487641475 1619999.9999997697
5.738692446031652 3.198425485150847 0.053716541487641475 1619999.9999997697
5.738692446031652 3.198425485150847 0.053716541487641475 1619999.9999997697
5.738692446031652 3.198425485150847 0.053716541487641475 1619999.9999997697
5.738692446031652 3.198425485150847 0.053716541487641475 1619999.9999997697
5.738692446031652 3.198425485150847 0.053716541487641475 1619999.9999997697
5.738692446031652 3.198425485150847 0.053716541487641475 1619999.9999997697
5.738692446031652 3.198425485150847 0.053716541487641475 1619999.9999997697
5.738692446031652 3.198425485150847 0.053716541487641475 1619999.9999997697
5.738692446031652 3.198425485150847 0.053716541487641475 1619999.9999997697
5.738692446031652 3.198425485150847 0.053716541487641475 1619999.9999997697
5.738692446031652 3.198425485150847 0.053716541487641475 1619999.9999997697
5.738692446031652 3.198425485150847 0.053716541487641475 1619999.9999997697
5.738692446031652 3.198425485150847 0.053716541487641475 1619999.9999997697
5.738692446031652 3.198425485150847 0.053716541487641475 1619999.9999997697
5.738692446031652 3.198425485150847 0.053716541487641475 1619999.9999997697
5.738692446031652 3.198425485150847 0.053716541487641475 1619999.9999997697
5.738692446031652 3.198425485150847 0.053716541487641475 1619999.9999997697
5.815278228466396 3.2206122153449246 0.0602255300537147 0.0 4,1,1 coil/filament1/filament2
