periods 0
begin filament
FOCUSADD Coils
4.412454836709156 0.7896667122822811 -0.006140900039094245 1000000.0
4.412454836709156 0.7896667122822811 -0.006140900039094245 1000000.0
4.412454836709156 0.7896667122822811 -0.006140900039094245 1000000.0
4.412454836709156 0.7896667122822811 -0.006140900039094245 1000000.0
4.412454836709156 0.7896667122822811 -0.006140900039094245 1000000.0
4.412454836709156 0.7896667122822811 -0.006140900039094245 1000000.0
4.412454836709156 0.7896667122822811 -0.006140900039094245 1000000.0
4.412454836709156 0.7896667122822811 -0.006140900039094245 1000000.0
4.412454836709156 0.7896667122822811 -0.006140900039094245 1000000.0
4.412454836709156 0.7896667122822811 -0.006140900039094245 1000000.0
4.412454836709156 0.7896667122822811 -0.006140900039094245 1000000.0
4.412454836709156 0.7896667122822811 -0.006140900039094245 1000000.0
4.412454836709156 0.7896667122822811 -0.006140900039094245 1000000.0
4.412454836709156 0.7896667122822811 -0.006140900039094245 1000000.0
4.412454836709156 0.7896667122822811 -0.006140900039094245 1000000.0
4.412454836709156 0.7896667122822811 -0.006140900039094245 1000000.0
4.412454836709156 0.7896667122822811 -0.006140900039094245 1000000.0
4.412454836709156 0.7896667122822811 -0.006140900039094245 1000000.0
4.412454836709156 0.7896667122822811 -0.006140900039094245 1000000.0
4.412454836709156 0.7896667122822811 -0.006140900039094245 1000000.0
4.412454836709156 0.7896667122822811 -0.006140900039094245 1000000.0
4.412454836709156 0.7896667122822811 -0.006140900039094245 1000000.0
4.412454836709156 0.7896667122822811 -0.006140900039094245 1000000.0
4.412454836709156 0.7896667122822811 -0.006140900039094245 1000000.0
4.412454836709156 0.7896667122822811 -0.006140900039094245 1000000.0
4.412454836709156 0.7896667122822811 -0.006140900039094245 1000000.0
4.412454836709156 0.7896667122822811 -0.006140900039094245 1000000.0
4.412454836709156 0.7896667122822811 -0.006140900039094245 1000000.0
4.412454836709156 0.7896667122822811 -0.006140900039094245 1000000.0
4.412454836709156 0.7896667122822811 -0.006140900039094245 1000000.0
4.412454836709156 0.7896667122822811 -0.006140900039094245 1000000.0
4.412454836709156 0.7896667122822811 -0.006140900039094245 1000000.0
4.412454836709156 0.7896667122822811 -0.006140900039094245 1000000.0
4.412454836709156 0.7896667122822811 -0.006140900039094245 1000000.0
4.412454836709156 0.7896667122822811 -0.006140900039094245 1000000.0
4.412454836709156 0.7896667122822811 -0.006140900039094245 1000000.0
4.412454836709156 0.7896667122822811 -0.006140900039094245 1000000.0
4.412454836709156 0.7896667122822811 -0.006140900039094245 1000000.0
4.412454836709156 0.7896667122822811 -0.006140900039094245 1000000.0
4.412454836709156 0.7896667122822811 -0.006140900039094245 1000000.0
4.412454836709156 0.7896667122822811 -0.006140900039094245 1000000.0
4.412454836709156 0.7896667122822811 -0.006140900039094245 1000000.0
4.412454836709156 0.7896667122822811 -0.006140900039094245 1000000.0
4.412454836709156 0.7896667122822811 -0.006140900039094245 1000000.0
4.412454836709156 0.7896667122822811 -0.006140900039094245 1000000.0
4.412454836709156 0.7896667122822811 -0.006140900039094245 1000000.0
4.412454836709156 0.7896667122822811 -0.006140900039094245 1000000.0
4.412454836709156 0.7896667122822811 -0.006140900039094245 1000000.0
4.412454836709156 0.7896667122822811 -0.006140900039094245 1000000.0
4.412454836709156 0.7896667122822811 -0.006140900039094245 1000000.0
4.412454836709156 0.7896667122822811 -0.006140900039094245 1000000.0
4.412454836709156 0.7896667122822811 -0.006140900039094245 1000000.0
4.412454836709156 0.7896667122822811 -0.006140900039094245 1000000.0
4.412454836709156 0.7896667122822811 -0.006140900039094245 1000000.0
4.412454836709156 0.7896667122822811 -0.006140900039094245 1000000.0
4.412454836709156 0.7896667122822811 -0.006140900039094245 1000000.0
4.412454836709156 0.7896667122822811 -0.006140900039094245 1000000.0
4.412454836709156 0.7896667122822811 -0.006140900039094245 1000000.0
4.412454836709156 0.7896667122822811 -0.006140900039094245 1000000.0
4.412454836709156 0.7896667122822811 -0.006140900039094245 1000000.0
4.412454836709156 0.7896667122822811 -0.006140900039094245 1000000.0
4.412454836709156 0.7896667122822811 -0.006140900039094245 1000000.0
4.412454836709156 0.7896667122822811 -0.006140900039094245 1000000.0
4.412454836709156 0.7896667122822811 -0.006140900039094245 1000000.0
4.412454836709156 0.7896667122822811 -0.006140900039094245 0.0 0,0,0 coil/filament1/filament2
3.887791048561078 2.3544147103644053 -0.2262128520779226 1000000.0
3.887791048561078 2.3544147103644053 -0.2262128520779226 1000000.0
3.887791048561078 2.3544147103644053 -0.2262128520779226 1000000.0
3.887791048561078 2.3544147103644053 -0.2262128520779226 1000000.0
3.887791048561078 2.3544147103644053 -0.2262128520779226 1000000.0
3.887791048561078 2.3544147103644053 -0.2262128520779226 1000000.0
3.887791048561078 2.3544147103644053 -0.2262128520779226 1000000.0
3.887791048561078 2.3544147103644053 -0.2262128520779226 1000000.0
3.887791048561078 2.3544147103644053 -0.2262128520779226 1000000.0
3.887791048561078 2.3544147103644053 -0.2262128520779226 1000000.0
3.887791048561078 2.3544147103644053 -0.2262128520779226 1000000.0
3.887791048561078 2.3544147103644053 -0.2262128520779226 1000000.0
3.887791048561078 2.3544147103644053 -0.2262128520779226 1000000.0
3.887791048561078 2.3544147103644053 -0.2262128520779226 1000000.0
3.887791048561078 2.3544147103644053 -0.2262128520779226 1000000.0
3.887791048561078 2.3544147103644053 -0.2262128520779226 1000000.0
3.887791048561078 2.3544147103644053 -0.2262128520779226 1000000.0
3.887791048561078 2.3544147103644053 -0.2262128520779226 1000000.0
3.887791048561078 2.3544147103644053 -0.2262128520779226 1000000.0
3.887791048561078 2.3544147103644053 -0.2262128520779226 1000000.0
3.887791048561078 2.3544147103644053 -0.2262128520779226 1000000.0
3.887791048561078 2.3544147103644053 -0.2262128520779226 1000000.0
3.887791048561078 2.3544147103644053 -0.2262128520779226 1000000.0
3.887791048561078 2.3544147103644053 -0.2262128520779226 1000000.0
3.887791048561078 2.3544147103644053 -0.2262128520779226 1000000.0
3.887791048561078 2.3544147103644053 -0.2262128520779226 1000000.0
3.887791048561078 2.3544147103644053 -0.2262128520779226 1000000.0
3.887791048561078 2.3544147103644053 -0.2262128520779226 1000000.0
3.887791048561078 2.3544147103644053 -0.2262128520779226 1000000.0
3.887791048561078 2.3544147103644053 -0.2262128520779226 1000000.0
3.887791048561078 2.3544147103644053 -0.2262128520779226 1000000.0
3.887791048561078 2.3544147103644053 -0.2262128520779226 1000000.0
3.887791048561078 2.3544147103644053 -0.2262128520779226 1000000.0
3.887791048561078 2.3544147103644053 -0.2262128520779226 1000000.0
3.887791048561078 2.3544147103644053 -0.2262128520779226 1000000.0
3.887791048561078 2.3544147103644053 -0.2262128520779226 1000000.0
3.887791048561078 2.3544147103644053 -0.2262128520779226 1000000.0
3.887791048561078 2.3544147103644053 -0.2262128520779226 1000000.0
3.887791048561078 2.3544147103644053 -0.2262128520779226 1000000.0
3.887791048561078 2.3544147103644053 -0.2262128520779226 1000000.0
3.887791048561078 2.3544147103644053 -0.2262128520779226 1000000.0
3.887791048561078 2.3544147103644053 -0.2262128520779226 1000000.0
3.887791048561078 2.3544147103644053 -0.2262128520779226 1000000.0
3.887791048561078 2.3544147103644053 -0.2262128520779226 1000000.0
3.887791048561078 2.3544147103644053 -0.2262128520779226 1000000.0
3.887791048561078 2.3544147103644053 -0.2262128520779226 1000000.0
3.887791048561078 2.3544147103644053 -0.2262128520779226 1000000.0
3.887791048561078 2.3544147103644053 -0.2262128520779226 1000000.0
3.887791048561078 2.3544147103644053 -0.2262128520779226 1000000.0
3.887791048561078 2.3544147103644053 -0.2262128520779226 1000000.0
3.887791048561078 2.3544147103644053 -0.2262128520779226 1000000.0
3.887791048561078 2.3544147103644053 -0.2262128520779226 1000000.0
3.887791048561078 2.3544147103644053 -0.2262128520779226 1000000.0
3.887791048561078 2.3544147103644053 -0.2262128520779226 1000000.0
3.887791048561078 2.3544147103644053 -0.2262128520779226 1000000.0
3.887791048561078 2.3544147103644053 -0.2262128520779226 1000000.0
3.887791048561078 2.3544147103644053 -0.2262128520779226 1000000.0
3.887791048561078 2.3544147103644053 -0.2262128520779226 1000000.0
3.887791048561078 2.3544147103644053 -0.2262128520779226 1000000.0
3.887791048561078 2.3544147103644053 -0.2262128520779226 1000000.0
3.887791048561078 2.3544147103644053 -0.2262128520779226 1000000.0
3.887791048561078 2.3544147103644053 -0.2262128520779226 1000000.0
3.887791048561078 2.3544147103644053 -0.2262128520779226 1000000.0
3.887791048561078 2.3544147103644053 -0.2262128520779226 1000000.0
3.887791048561078 2.3544147103644053 -0.2262128520779226 0.0 1,0,0 coil/filament1/filament2
2.8146293317909246 3.6963363403236387 -0.22672909751516526 1000000.0
2.8146293317909246 3.6963363403236387 -0.22672909751516526 1000000.0
2.8146293317909246 3.6963363403236387 -0.22672909751516526 1000000.0
2.8146293317909246 3.6963363403236387 -0.22672909751516526 1000000.0
2.8146293317909246 3.6963363403236387 -0.22672909751516526 1000000.0
2.8146293317909246 3.6963363403236387 -0.22672909751516526 1000000.0
2.8146293317909246 3.6963363403236387 -0.22672909751516526 1000000.0
2.8146293317909246 3.6963363403236387 -0.22672909751516526 1000000.0
2.8146293317909246 3.6963363403236387 -0.22672909751516526 1000000.0
2.8146293317909246 3.6963363403236387 -0.22672909751516526 1000000.0
2.8146293317909246 3.6963363403236387 -0.22672909751516526 1000000.0
2.8146293317909246 3.6963363403236387 -0.22672909751516526 1000000.0
2.8146293317909246 3.6963363403236387 -0.22672909751516526 1000000.0
2.8146293317909246 3.6963363403236387 -0.22672909751516526 1000000.0
2.8146293317909246 3.6963363403236387 -0.22672909751516526 1000000.0
2.8146293317909246 3.6963363403236387 -0.22672909751516526 1000000.0
2.8146293317909246 3.6963363403236387 -0.22672909751516526 1000000.0
2.8146293317909246 3.6963363403236387 -0.22672909751516526 1000000.0
2.8146293317909246 3.6963363403236387 -0.22672909751516526 1000000.0
2.8146293317909246 3.6963363403236387 -0.22672909751516526 1000000.0
2.8146293317909246 3.6963363403236387 -0.22672909751516526 1000000.0
2.8146293317909246 3.6963363403236387 -0.22672909751516526 1000000.0
2.8146293317909246 3.6963363403236387 -0.22672909751516526 1000000.0
2.8146293317909246 3.6963363403236387 -0.22672909751516526 1000000.0
2.8146293317909246 3.6963363403236387 -0.22672909751516526 1000000.0
2.8146293317909246 3.6963363403236387 -0.22672909751516526 1000000.0
2.8146293317909246 3.6963363403236387 -0.22672909751516526 1000000.0
2.8146293317909246 3.6963363403236387 -0.22672909751516526 1000000.0
2.8146293317909246 3.6963363403236387 -0.22672909751516526 1000000.0
2.8146293317909246 3.6963363403236387 -0.22672909751516526 1000000.0
2.8146293317909246 3.6963363403236387 -0.22672909751516526 1000000.0
2.8146293317909246 3.6963363403236387 -0.22672909751516526 1000000.0
2.8146293317909246 3.6963363403236387 -0.22672909751516526 1000000.0
2.8146293317909246 3.6963363403236387 -0.22672909751516526 1000000.0
2.8146293317909246 3.6963363403236387 -0.22672909751516526 1000000.0
2.8146293317909246 3.6963363403236387 -0.22672909751516526 1000000.0
2.8146293317909246 3.6963363403236387 -0.22672909751516526 1000000.0
2.8146293317909246 3.6963363403236387 -0.22672909751516526 1000000.0
2.8146293317909246 3.6963363403236387 -0.22672909751516526 1000000.0
2.8146293317909246 3.6963363403236387 -0.22672909751516526 1000000.0
2.8146293317909246 3.6963363403236387 -0.22672909751516526 1000000.0
2.8146293317909246 3.6963363403236387 -0.22672909751516526 1000000.0
2.8146293317909246 3.6963363403236387 -0.22672909751516526 1000000.0
2.8146293317909246 3.6963363403236387 -0.22672909751516526 1000000.0
2.8146293317909246 3.6963363403236387 -0.22672909751516526 1000000.0
2.8146293317909246 3.6963363403236387 -0.22672909751516526 1000000.0
2.8146293317909246 3.6963363403236387 -0.22672909751516526 1000000.0
2.8146293317909246 3.6963363403236387 -0.22672909751516526 1000000.0
2.8146293317909246 3.6963363403236387 -0.22672909751516526 1000000.0
2.8146293317909246 3.6963363403236387 -0.22672909751516526 1000000.0
2.8146293317909246 3.6963363403236387 -0.22672909751516526 1000000.0
2.8146293317909246 3.6963363403236387 -0.22672909751516526 1000000.0
2.8146293317909246 3.6963363403236387 -0.22672909751516526 1000000.0
2.8146293317909246 3.6963363403236387 -0.22672909751516526 1000000.0
2.8146293317909246 3.6963363403236387 -0.22672909751516526 1000000.0
2.8146293317909246 3.6963363403236387 -0.22672909751516526 1000000.0
2.8146293317909246 3.6963363403236387 -0.22672909751516526 1000000.0
2.8146293317909246 3.6963363403236387 -0.22672909751516526 1000000.0
2.8146293317909246 3.6963363403236387 -0.22672909751516526 1000000.0
2.8146293317909246 3.6963363403236387 -0.22672909751516526 1000000.0
2.8146293317909246 3.6963363403236387 -0.22672909751516526 1000000.0
2.8146293317909246 3.6963363403236387 -0.22672909751516526 1000000.0
2.8146293317909246 3.6963363403236387 -0.22672909751516526 1000000.0
2.8146293317909246 3.6963363403236387 -0.22672909751516526 1000000.0
2.8146293317909246 3.6963363403236387 -0.22672909751516526 0.0 2,0,0 coil/filament1/filament2
1.0713021151594293 4.622332756866617 -0.08878384725843086 1000000.0
1.0713021151594293 4.622332756866617 -0.08878384725843086 1000000.0
1.0713021151594293 4.622332756866617 -0.08878384725843086 1000000.0
1.0713021151594293 4.622332756866617 -0.08878384725843086 1000000.0
1.0713021151594293 4.622332756866617 -0.08878384725843086 1000000.0
1.0713021151594293 4.622332756866617 -0.08878384725843086 1000000.0
1.0713021151594293 4.622332756866617 -0.08878384725843086 1000000.0
1.0713021151594293 4.622332756866617 -0.08878384725843086 1000000.0
1.0713021151594293 4.622332756866617 -0.08878384725843086 1000000.0
1.0713021151594293 4.622332756866617 -0.08878384725843086 1000000.0
1.0713021151594293 4.622332756866617 -0.08878384725843086 1000000.0
1.0713021151594293 4.622332756866617 -0.08878384725843086 1000000.0
1.0713021151594293 4.622332756866617 -0.08878384725843086 1000000.0
1.0713021151594293 4.622332756866617 -0.08878384725843086 1000000.0
1.0713021151594293 4.622332756866617 -0.08878384725843086 1000000.0
1.0713021151594293 4.622332756866617 -0.08878384725843086 1000000.0
1.0713021151594293 4.622332756866617 -0.08878384725843086 1000000.0
1.0713021151594293 4.622332756866617 -0.08878384725843086 1000000.0
1.0713021151594293 4.622332756866617 -0.08878384725843086 1000000.0
1.0713021151594293 4.622332756866617 -0.08878384725843086 1000000.0
1.0713021151594293 4.622332756866617 -0.08878384725843086 1000000.0
1.0713021151594293 4.622332756866617 -0.08878384725843086 1000000.0
1.0713021151594293 4.622332756866617 -0.08878384725843086 1000000.0
1.0713021151594293 4.622332756866617 -0.08878384725843086 1000000.0
1.0713021151594293 4.622332756866617 -0.08878384725843086 1000000.0
1.0713021151594293 4.622332756866617 -0.08878384725843086 1000000.0
1.0713021151594293 4.622332756866617 -0.08878384725843086 1000000.0
1.0713021151594293 4.622332756866617 -0.08878384725843086 1000000.0
1.0713021151594293 4.622332756866617 -0.08878384725843086 1000000.0
1.0713021151594293 4.622332756866617 -0.08878384725843086 1000000.0
1.0713021151594293 4.622332756866617 -0.08878384725843086 1000000.0
1.0713021151594293 4.622332756866617 -0.08878384725843086 1000000.0
1.0713021151594293 4.622332756866617 -0.08878384725843086 1000000.0
1.0713021151594293 4.622332756866617 -0.08878384725843086 1000000.0
1.0713021151594293 4.622332756866617 -0.08878384725843086 1000000.0
1.0713021151594293 4.622332756866617 -0.08878384725843086 1000000.0
1.0713021151594293 4.622332756866617 -0.08878384725843086 1000000.0
1.0713021151594293 4.622332756866617 -0.08878384725843086 1000000.0
1.0713021151594293 4.622332756866617 -0.08878384725843086 1000000.0
1.0713021151594293 4.622332756866617 -0.08878384725843086 1000000.0
1.0713021151594293 4.622332756866617 -0.08878384725843086 1000000.0
1.0713021151594293 4.622332756866617 -0.08878384725843086 1000000.0
1.0713021151594293 4.622332756866617 -0.08878384725843086 1000000.0
1.0713021151594293 4.622332756866617 -0.08878384725843086 1000000.0
1.0713021151594293 4.622332756866617 -0.08878384725843086 1000000.0
1.0713021151594293 4.622332756866617 -0.08878384725843086 1000000.0
1.0713021151594293 4.622332756866617 -0.08878384725843086 1000000.0
1.0713021151594293 4.622332756866617 -0.08878384725843086 1000000.0
1.0713021151594293 4.622332756866617 -0.08878384725843086 1000000.0
1.0713021151594293 4.622332756866617 -0.08878384725843086 1000000.0
1.0713021151594293 4.622332756866617 -0.08878384725843086 1000000.0
1.0713021151594293 4.622332756866617 -0.08878384725843086 1000000.0
1.0713021151594293 4.622332756866617 -0.08878384725843086 1000000.0
1.0713021151594293 4.622332756866617 -0.08878384725843086 1000000.0
1.0713021151594293 4.622332756866617 -0.08878384725843086 1000000.0
1.0713021151594293 4.622332756866617 -0.08878384725843086 1000000.0
1.0713021151594293 4.622332756866617 -0.08878384725843086 1000000.0
1.0713021151594293 4.622332756866617 -0.08878384725843086 1000000.0
1.0713021151594293 4.622332756866617 -0.08878384725843086 1000000.0
1.0713021151594293 4.622332756866617 -0.08878384725843086 1000000.0
1.0713021151594293 4.622332756866617 -0.08878384725843086 1000000.0
1.0713021151594293 4.622332756866617 -0.08878384725843086 1000000.0
1.0713021151594293 4.622332756866617 -0.08878384725843086 1000000.0
1.0713021151594293 4.622332756866617 -0.08878384725843086 1000000.0
1.0713021151594293 4.622332756866617 -0.08878384725843086 0.0 3,0,0 coil/filament1/filament2
