periods 0
begin filament
FOCUSADD Coils
2.3923917704046374 0.37739068868514486 -0.13355189732494444 600000.0000245499
2.3923917704046374 0.37739068868514486 -0.13355189732494444 600000.0000245499
2.3923917704046374 0.37739068868514486 -0.13355189732494444 600000.0000245499
2.3923917704046374 0.37739068868514486 -0.13355189732494444 600000.0000245499
2.3923917704046374 0.37739068868514486 -0.13355189732494444 600000.0000245499
2.3923917704046374 0.37739068868514486 -0.13355189732494444 600000.0000245499
2.3923917704046374 0.37739068868514486 -0.13355189732494444 600000.0000245499
2.3923917704046374 0.37739068868514486 -0.13355189732494444 600000.0000245499
2.3923917704046374 0.37739068868514486 -0.13355189732494444 600000.0000245499
2.3923917704046374 0.37739068868514486 -0.13355189732494444 600000.0000245499
2.3923917704046374 0.37739068868514486 -0.13355189732494444 600000.0000245499
2.3923917704046374 0.37739068868514486 -0.13355189732494444 600000.0000245499
2.3923917704046374 0.37739068868514486 -0.13355189732494444 600000.0000245499
2.3923917704046374 0.37739068868514486 -0.13355189732494444 600000.0000245499
2.3923917704046374 0.37739068868514486 -0.13355189732494444 600000.0000245499
2.3923917704046374 0.37739068868514486 -0.13355189732494444 600000.0000245499
2.3923917704046374 0.37739068868514486 -0.13355189732494444 600000.0000245499
2.3923917704046374 0.37739068868514486 -0.13355189732494444 600000.0000245499
2.3923917704046374 0.37739068868514486 -0.13355189732494444 600000.0000245499
2.3923917704046374 0.37739068868514486 -0.13355189732494444 600000.0000245499
2.3923917704046374 0.37739068868514486 -0.13355189732494444 600000.0000245499
2.3923917704046374 0.37739068868514486 -0.13355189732494444 600000.0000245499
2.3923917704046374 0.37739068868514486 -0.13355189732494444 600000.0000245499
2.3923917704046374 0.37739068868514486 -0.13355189732494444 600000.0000245499
2.3923917704046374 0.37739068868514486 -0.13355189732494444 600000.0000245499
2.3923917704046374 0.37739068868514486 -0.13355189732494444 600000.0000245499
2.3923917704046374 0.37739068868514486 -0.13355189732494444 600000.0000245499
2.3923917704046374 0.37739068868514486 -0.13355189732494444 600000.0000245499
2.3923917704046374 0.37739068868514486 -0.13355189732494444 600000.0000245499
2.3923917704046374 0.37739068868514486 -0.13355189732494444 600000.0000245499
2.3923917704046374 0.37739068868514486 -0.13355189732494444 600000.0000245499
2.3923917704046374 0.37739068868514486 -0.13355189732494444 600000.0000245499
2.3923917704046374 0.37739068868514486 -0.13355189732494444 600000.0000245499
2.3923917704046374 0.37739068868514486 -0.13355189732494444 600000.0000245499
2.3923917704046374 0.37739068868514486 -0.13355189732494444 600000.0000245499
2.3923917704046374 0.37739068868514486 -0.13355189732494444 600000.0000245499
2.3923917704046374 0.37739068868514486 -0.13355189732494444 600000.0000245499
2.3923917704046374 0.37739068868514486 -0.13355189732494444 600000.0000245499
2.3923917704046374 0.37739068868514486 -0.13355189732494444 600000.0000245499
2.3923917704046374 0.37739068868514486 -0.13355189732494444 600000.0000245499
2.3923917704046374 0.37739068868514486 -0.13355189732494444 600000.0000245499
2.3923917704046374 0.37739068868514486 -0.13355189732494444 600000.0000245499
2.3923917704046374 0.37739068868514486 -0.13355189732494444 600000.0000245499
2.3923917704046374 0.37739068868514486 -0.13355189732494444 600000.0000245499
2.3923917704046374 0.37739068868514486 -0.13355189732494444 600000.0000245499
2.3923917704046374 0.37739068868514486 -0.13355189732494444 600000.0000245499
2.3923917704046374 0.37739068868514486 -0.13355189732494444 600000.0000245499
2.3923917704046374 0.37739068868514486 -0.13355189732494444 600000.0000245499
2.3923917704046374 0.37739068868514486 -0.13355189732494444 600000.0000245499
2.3923917704046374 0.37739068868514486 -0.13355189732494444 600000.0000245499
2.3923917704046374 0.37739068868514486 -0.13355189732494444 600000.0000245499
2.3923917704046374 0.37739068868514486 -0.13355189732494444 600000.0000245499
2.3923917704046374 0.37739068868514486 -0.13355189732494444 600000.0000245499
2.3923917704046374 0.37739068868514486 -0.13355189732494444 600000.0000245499
2.3923917704046374 0.37739068868514486 -0.13355189732494444 600000.0000245499
2.3923917704046374 0.37739068868514486 -0.13355189732494444 600000.0000245499
2.3923917704046374 0.37739068868514486 -0.13355189732494444 600000.0000245499
2.3923917704046374 0.37739068868514486 -0.13355189732494444 600000.0000245499
2.3923917704046374 0.37739068868514486 -0.13355189732494444 600000.0000245499
2.3923917704046374 0.37739068868514486 -0.13355189732494444 600000.0000245499
2.3923917704046374 0.37739068868514486 -0.13355189732494444 600000.0000245499
2.3923917704046374 0.37739068868514486 -0.13355189732494444 600000.0000245499
2.3923917704046374 0.37739068868514486 -0.13355189732494444 600000.0000245499
2.3923917704046374 0.37739068868514486 -0.13355189732494444 600000.0000245499
2.3923917704046374 0.37739068868514486 -0.13355189732494444 0.0 0,0,0 coil/filament1/filament2
2.112431829687281 1.0123975914708772 0.1869223968853322 600000.0000241206
2.112431829687281 1.0123975914708772 0.1869223968853322 600000.0000241206
2.112431829687281 1.0123975914708772 0.1869223968853322 600000.0000241206
2.112431829687281 1.0123975914708772 0.1869223968853322 600000.0000241206
2.112431829687281 1.0123975914708772 0.1869223968853322 600000.0000241206
2.112431829687281 1.0123975914708772 0.1869223968853322 600000.0000241206
2.112431829687281 1.0123975914708772 0.1869223968853322 600000.0000241206
2.112431829687281 1.0123975914708772 0.1869223968853322 600000.0000241206
2.112431829687281 1.0123975914708772 0.1869223968853322 600000.0000241206
2.112431829687281 1.0123975914708772 0.1869223968853322 600000.0000241206
2.112431829687281 1.0123975914708772 0.1869223968853322 600000.0000241206
2.112431829687281 1.0123975914708772 0.1869223968853322 600000.0000241206
2.112431829687281 1.0123975914708772 0.1869223968853322 600000.0000241206
2.112431829687281 1.0123975914708772 0.1869223968853322 600000.0000241206
2.112431829687281 1.0123975914708772 0.1869223968853322 600000.0000241206
2.112431829687281 1.0123975914708772 0.1869223968853322 600000.0000241206
2.112431829687281 1.0123975914708772 0.1869223968853322 600000.0000241206
2.112431829687281 1.0123975914708772 0.1869223968853322 600000.0000241206
2.112431829687281 1.0123975914708772 0.1869223968853322 600000.0000241206
2.112431829687281 1.0123975914708772 0.1869223968853322 600000.0000241206
2.112431829687281 1.0123975914708772 0.1869223968853322 600000.0000241206
2.112431829687281 1.0123975914708772 0.1869223968853322 600000.0000241206
2.112431829687281 1.0123975914708772 0.1869223968853322 600000.0000241206
2.112431829687281 1.0123975914708772 0.1869223968853322 600000.0000241206
2.112431829687281 1.0123975914708772 0.1869223968853322 600000.0000241206
2.112431829687281 1.0123975914708772 0.1869223968853322 600000.0000241206
2.112431829687281 1.0123975914708772 0.1869223968853322 600000.0000241206
2.112431829687281 1.0123975914708772 0.1869223968853322 600000.0000241206
2.112431829687281 1.0123975914708772 0.1869223968853322 600000.0000241206
2.112431829687281 1.0123975914708772 0.1869223968853322 600000.0000241206
2.112431829687281 1.0123975914708772 0.1869223968853322 600000.0000241206
2.112431829687281 1.0123975914708772 0.1869223968853322 600000.0000241206
2.112431829687281 1.0123975914708772 0.1869223968853322 600000.0000241206
2.112431829687281 1.0123975914708772 0.1869223968853322 600000.0000241206
2.112431829687281 1.0123975914708772 0.1869223968853322 600000.0000241206
2.112431829687281 1.0123975914708772 0.1869223968853322 600000.0000241206
2.112431829687281 1.0123975914708772 0.1869223968853322 600000.0000241206
2.112431829687281 1.0123975914708772 0.1869223968853322 600000.0000241206
2.112431829687281 1.0123975914708772 0.1869223968853322 600000.0000241206
2.112431829687281 1.0123975914708772 0.1869223968853322 600000.0000241206
2.112431829687281 1.0123975914708772 0.1869223968853322 600000.0000241206
2.112431829687281 1.0123975914708772 0.1869223968853322 600000.0000241206
2.112431829687281 1.0123975914708772 0.1869223968853322 600000.0000241206
2.112431829687281 1.0123975914708772 0.1869223968853322 600000.0000241206
2.112431829687281 1.0123975914708772 0.1869223968853322 600000.0000241206
2.112431829687281 1.0123975914708772 0.1869223968853322 600000.0000241206
2.112431829687281 1.0123975914708772 0.1869223968853322 600000.0000241206
2.112431829687281 1.0123975914708772 0.1869223968853322 600000.0000241206
2.112431829687281 1.0123975914708772 0.1869223968853322 600000.0000241206
2.112431829687281 1.0123975914708772 0.1869223968853322 600000.0000241206
2.112431829687281 1.0123975914708772 0.1869223968853322 600000.0000241206
2.112431829687281 1.0123975914708772 0.1869223968853322 600000.0000241206
2.112431829687281 1.0123975914708772 0.1869223968853322 600000.0000241206
2.112431829687281 1.0123975914708772 0.1869223968853322 600000.0000241206
2.112431829687281 1.0123975914708772 0.1869223968853322 600000.0000241206
2.112431829687281 1.0123975914708772 0.1869223968853322 600000.0000241206
2.112431829687281 1.0123975914708772 0.1869223968853322 600000.0000241206
2.112431829687281 1.0123975914708772 0.1869223968853322 600000.0000241206
2.112431829687281 1.0123975914708772 0.1869223968853322 600000.0000241206
2.112431829687281 1.0123975914708772 0.1869223968853322 600000.0000241206
2.112431829687281 1.0123975914708772 0.1869223968853322 600000.0000241206
2.112431829687281 1.0123975914708772 0.1869223968853322 600000.0000241206
2.112431829687281 1.0123975914708772 0.1869223968853322 600000.0000241206
2.112431829687281 1.0123975914708772 0.1869223968853322 600000.0000241206
2.112431829687281 1.0123975914708772 0.1869223968853322 0.0 1,0,0 coil/filament1/filament2
1.648039428432309 1.2258855488456857 -0.45771480206489235 600000.000023291
1.648039428432309 1.2258855488456857 -0.45771480206489235 600000.000023291
1.648039428432309 1.2258855488456857 -0.45771480206489235 600000.000023291
1.648039428432309 1.2258855488456857 -0.45771480206489235 600000.000023291
1.648039428432309 1.2258855488456857 -0.45771480206489235 600000.000023291
1.648039428432309 1.2258855488456857 -0.45771480206489235 600000.000023291
1.648039428432309 1.2258855488456857 -0.45771480206489235 600000.000023291
1.648039428432309 1.2258855488456857 -0.45771480206489235 600000.000023291
1.648039428432309 1.2258855488456857 -0.45771480206489235 600000.000023291
1.648039428432309 1.2258855488456857 -0.45771480206489235 600000.000023291
1.648039428432309 1.2258855488456857 -0.45771480206489235 600000.000023291
1.648039428432309 1.2258855488456857 -0.45771480206489235 600000.000023291
1.648039428432309 1.2258855488456857 -0.45771480206489235 600000.000023291
1.648039428432309 1.2258855488456857 -0.45771480206489235 600000.000023291
1.648039428432309 1.2258855488456857 -0.45771480206489235 600000.000023291
1.648039428432309 1.2258855488456857 -0.45771480206489235 600000.000023291
1.648039428432309 1.2258855488456857 -0.45771480206489235 600000.000023291
1.648039428432309 1.2258855488456857 -0.45771480206489235 600000.000023291
1.648039428432309 1.2258855488456857 -0.45771480206489235 600000.000023291
1.648039428432309 1.2258855488456857 -0.45771480206489235 600000.000023291
1.648039428432309 1.2258855488456857 -0.45771480206489235 600000.000023291
1.648039428432309 1.2258855488456857 -0.45771480206489235 600000.000023291
1.648039428432309 1.2258855488456857 -0.45771480206489235 600000.000023291
1.648039428432309 1.2258855488456857 -0.45771480206489235 600000.000023291
1.648039428432309 1.2258855488456857 -0.45771480206489235 600000.000023291
1.648039428432309 1.2258855488456857 -0.45771480206489235 600000.000023291
1.648039428432309 1.2258855488456857 -0.45771480206489235 600000.000023291
1.648039428432309 1.2258855488456857 -0.45771480206489235 600000.000023291
1.648039428432309 1.2258855488456857 -0.45771480206489235 600000.000023291
1.648039428432309 1.2258855488456857 -0.45771480206489235 600000.000023291
1.648039428432309 1.2258855488456857 -0.45771480206489235 600000.000023291
1.648039428432309 1.2258855488456857 -0.45771480206489235 600000.000023291
1.648039428432309 1.2258855488456857 -0.45771480206489235 600000.000023291
1.648039428432309 1.2258855488456857 -0.45771480206489235 600000.000023291
1.648039428432309 1.2258855488456857 -0.45771480206489235 600000.000023291
1.648039428432309 1.2258855488456857 -0.45771480206489235 600000.000023291
1.648039428432309 1.2258855488456857 -0.45771480206489235 600000.000023291
1.648039428432309 1.2258855488456857 -0.45771480206489235 600000.000023291
1.648039428432309 1.2258855488456857 -0.45771480206489235 600000.000023291
1.648039428432309 1.2258855488456857 -0.45771480206489235 600000.000023291
1.648039428432309 1.2258855488456857 -0.45771480206489235 600000.000023291
1.648039428432309 1.2258855488456857 -0.45771480206489235 600000.000023291
1.648039428432309 1.2258855488456857 -0.45771480206489235 600000.000023291
1.648039428432309 1.2258855488456857 -0.45771480206489235 600000.000023291
1.648039428432309 1.2258855488456857 -0.45771480206489235 600000.000023291
1.648039428432309 1.2258855488456857 -0.45771480206489235 600000.000023291
1.648039428432309 1.2258855488456857 -0.45771480206489235 600000.000023291
1.648039428432309 1.2258855488456857 -0.45771480206489235 600000.000023291
1.648039428432309 1.2258855488456857 -0.45771480206489235 600000.000023291
1.648039428432309 1.2258855488456857 -0.45771480206489235 600000.000023291
1.648039428432309 1.2258855488456857 -0.45771480206489235 600000.000023291
1.648039428432309 1.2258855488456857 -0.45771480206489235 600000.000023291
1.648039428432309 1.2258855488456857 -0.45771480206489235 600000.000023291
1.648039428432309 1.2258855488456857 -0.45771480206489235 600000.000023291
1.648039428432309 1.2258855488456857 -0.45771480206489235 600000.000023291
1.648039428432309 1.2258855488456857 -0.45771480206489235 600000.000023291
1.648039428432309 1.2258855488456857 -0.45771480206489235 600000.000023291
1.648039428432309 1.2258855488456857 -0.45771480206489235 600000.000023291
1.648039428432309 1.2258855488456857 -0.45771480206489235 600000.000023291
1.648039428432309 1.2258855488456857 -0.45771480206489235 600000.000023291
1.648039428432309 1.2258855488456857 -0.45771480206489235 600000.000023291
1.648039428432309 1.2258855488456857 -0.45771480206489235 600000.000023291
1.648039428432309 1.2258855488456857 -0.45771480206489235 600000.000023291
1.648039428432309 1.2258855488456857 -0.45771480206489235 600000.000023291
1.648039428432309 1.2258855488456857 -0.45771480206489235 0.0 2,0,0 coil/filament1/filament2
