periods 0
begin filament
FOCUSADD Coils
6.944117640068984 0.47365030411189313 0.07430394364117239 1620000.0000001346
6.865497276017725 0.46539404336109264 0.08657881695465999 1620000.0000001346
6.865497276017725 0.46539404336109264 0.08657881695465999 1620000.0000001346
6.865497276017725 0.46539404336109264 0.08657881695465999 1620000.0000001346
6.865497276017725 0.46539404336109264 0.08657881695465999 1620000.0000001346
6.865497276017725 0.46539404336109264 0.08657881695465999 1620000.0000001346
6.865497276017725 0.46539404336109264 0.08657881695465999 1620000.0000001346
6.865497276017725 0.46539404336109264 0.08657881695465999 1620000.0000001346
6.865497276017725 0.46539404336109264 0.08657881695465999 1620000.0000001346
6.865497276017725 0.46539404336109264 0.08657881695465999 1620000.0000001346
6.865497276017725 0.46539404336109264 0.08657881695465999 1620000.0000001346
6.865497276017725 0.46539404336109264 0.08657881695465999 1620000.0000001346
6.865497276017725 0.46539404336109264 0.08657881695465999 1620000.0000001346
6.865497276017725 0.46539404336109264 0.08657881695465999 1620000.0000001346
6.865497276017725 0.46539404336109264 0.08657881695465999 1620000.0000001346
6.865497276017725 0.46539404336109264 0.08657881695465999 1620000.0000001346
6.865497276017725 0.46539404336109264 0.08657881695465999 1620000.0000001346
6.865497276017725 0.46539404336109264 0.08657881695465999 1620000.0000001346
6.865497276017725 0.46539404336109264 0.08657881695465999 1620000.0000001346
6.865497276017725 0.46539404336109264 0.08657881695465999 1620000.0000001346
6.865497276017725 0.46539404336109264 0.08657881695465999 1620000.0000001346
6.865497276017725 0.46539404336109264 0.08657881695465999 1620000.0000001346
6.865497276017725 0.46539404336109264 0.08657881695465999 1620000.0000001346
6.865497276017725 0.46539404336109264 0.08657881695465999 1620000.0000001346
6.865497276017725 0.46539404336109264 0.08657881695465999 1620000.0000001346
6.865497276017725 0.46539404336109264 0.08657881695465999 1620000.0000001346
6.865497276017725 0.46539404336109264 0.08657881695465999 1620000.0000001346
6.865497276017725 0.46539404336109264 0.08657881695465999 1620000.0000001346
6.865497276017725 0.46539404336109264 0.08657881695465999 1620000.0000001346
6.865497276017725 0.46539404336109264 0.08657881695465999 1620000.0000001346
6.865497276017725 0.46539404336109264 0.08657881695465999 1620000.0000001346
6.865497276017725 0.46539404336109264 0.08657881695465999 1620000.0000001346
6.865497276017725 0.46539404336109264 0.08657881695465999 1620000.0000001346
6.865497276017725 0.46539404336109264 0.08657881695465999 1620000.0000001346
6.865497276017725 0.46539404336109264 0.08657881695465999 1620000.0000001346
6.865497276017725 0.46539404336109264 0.08657881695465999 1620000.0000001346
6.865497276017725 0.46539404336109264 0.08657881695465999 1620000.0000001346
6.865497276017725 0.46539404336109264 0.08657881695465999 1620000.0000001346
6.865497276017725 0.46539404336109264 0.08657881695465999 1620000.0000001346
6.865497276017725 0.46539404336109264 0.08657881695465999 1620000.0000001346
6.865497276017725 0.46539404336109264 0.08657881695465999 1620000.0000001346
6.865497276017725 0.46539404336109264 0.08657881695465999 1620000.0000001346
6.865497276017725 0.46539404336109264 0.08657881695465999 1620000.0000001346
6.865497276017725 0.46539404336109264 0.08657881695465999 1620000.0000001346
6.865497276017725 0.46539404336109264 0.08657881695465999 1620000.0000001346
6.865497276017725 0.46539404336109264 0.08657881695465999 1620000.0000001346
6.865497276017725 0.46539404336109264 0.08657881695465999 1620000.0000001346
6.865497276017725 0.46539404336109264 0.08657881695465999 1620000.0000001346
6.865497276017725 0.46539404336109264 0.08657881695465999 1620000.0000001346
6.865497276017725 0.46539404336109264 0.08657881695465999 1620000.0000001346
6.865497276017725 0.46539404336109264 0.08657881695465999 1620000.0000001346
6.865497276017725 0.46539404336109264 0.08657881695465999 1620000.0000001346
6.865497276017725 0.46539404336109264 0.08657881695465999 1620000.0000001346
6.865497276017725 0.46539404336109264 0.08657881695465999 1620000.0000001346
6.865497276017725 0.46539404336109264 0.08657881695465999 1620000.0000001346
6.865497276017725 0.46539404336109264 0.08657881695465999 1620000.0000001346
6.865497276017725 0.46539404336109264 0.08657881695465999 1620000.0000001346
6.865497276017725 0.46539404336109264 0.08657881695465999 1620000.0000001346
6.865497276017725 0.46539404336109264 0.08657881695465999 1620000.0000001346
6.865497276017725 0.46539404336109264 0.08657881695465999 1620000.0000001346
6.865497276017725 0.46539404336109264 0.08657881695465999 1620000.0000001346
6.865497276017725 0.46539404336109264 0.08657881695465999 1620000.0000001346
6.865497276017725 0.46539404336109264 0.08657881695465999 1620000.0000001346
6.865497276017725 0.46539404336109264 0.08657881695465999 1620000.0000001346
6.944117640068984 0.47365030411189313 0.07430394364117239 0.0 0,0,0 coil/filament1/filament2
6.948738478712734 0.4698596372672679 0.19135438922902412 1620000.0000001346
6.869440720427429 0.4622693297264612 0.18398874177878552 1620000.0000001346
6.869440720427429 0.4622693297264612 0.18398874177878552 1620000.0000001346
6.869440720427429 0.4622693297264612 0.18398874177878552 1620000.0000001346
6.869440720427429 0.4622693297264612 0.18398874177878552 1620000.0000001346
6.869440720427429 0.4622693297264612 0.18398874177878552 1620000.0000001346
6.869440720427429 0.4622693297264612 0.18398874177878552 1620000.0000001346
6.869440720427429 0.4622693297264612 0.18398874177878552 1620000.0000001346
6.869440720427429 0.4622693297264612 0.18398874177878552 1620000.0000001346
6.869440720427429 0.4622693297264612 0.18398874177878552 1620000.0000001346
6.869440720427429 0.4622693297264612 0.18398874177878552 1620000.0000001346
6.869440720427429 0.4622693297264612 0.18398874177878552 1620000.0000001346
6.869440720427429 0.4622693297264612 0.18398874177878552 1620000.0000001346
6.869440720427429 0.4622693297264612 0.18398874177878552 1620000.0000001346
6.869440720427429 0.4622693297264612 0.18398874177878552 1620000.0000001346
6.869440720427429 0.4622693297264612 0.18398874177878552 1620000.0000001346
6.869440720427429 0.4622693297264612 0.18398874177878552 1620000.0000001346
6.869440720427429 0.4622693297264612 0.18398874177878552 1620000.0000001346
6.869440720427429 0.4622693297264612 0.18398874177878552 1620000.0000001346
6.869440720427429 0.4622693297264612 0.18398874177878552 1620000.0000001346
6.869440720427429 0.4622693297264612 0.18398874177878552 1620000.0000001346
6.869440720427429 0.4622693297264612 0.18398874177878552 1620000.0000001346
6.869440720427429 0.4622693297264612 0.18398874177878552 1620000.0000001346
6.869440720427429 0.4622693297264612 0.18398874177878552 1620000.0000001346
6.869440720427429 0.4622693297264612 0.18398874177878552 1620000.0000001346
6.869440720427429 0.4622693297264612 0.18398874177878552 1620000.0000001346
6.869440720427429 0.4622693297264612 0.18398874177878552 1620000.0000001346
6.869440720427429 0.4622693297264612 0.18398874177878552 1620000.0000001346
6.869440720427429 0.4622693297264612 0.18398874177878552 1620000.0000001346
6.869440720427429 0.4622693297264612 0.18398874177878552 1620000.0000001346
6.869440720427429 0.4622693297264612 0.18398874177878552 1620000.0000001346
6.869440720427429 0.4622693297264612 0.18398874177878552 1620000.0000001346
6.869440720427429 0.4622693297264612 0.18398874177878552 1620000.0000001346
6.869440720427429 0.4622693297264612 0.18398874177878552 1620000.0000001346
6.869440720427429 0.4622693297264612 0.18398874177878552 1620000.0000001346
6.869440720427429 0.4622693297264612 0.18398874177878552 1620000.0000001346
6.869440720427429 0.4622693297264612 0.18398874177878552 1620000.0000001346
6.869440720427429 0.4622693297264612 0.18398874177878552 1620000.0000001346
6.869440720427429 0.4622693297264612 0.18398874177878552 1620000.0000001346
6.869440720427429 0.4622693297264612 0.18398874177878552 1620000.0000001346
6.869440720427429 0.4622693297264612 0.18398874177878552 1620000.0000001346
6.869440720427429 0.4622693297264612 0.18398874177878552 1620000.0000001346
6.869440720427429 0.4622693297264612 0.18398874177878552 1620000.0000001346
6.869440720427429 0.4622693297264612 0.18398874177878552 1620000.0000001346
6.869440720427429 0.4622693297264612 0.18398874177878552 1620000.0000001346
6.869440720427429 0.4622693297264612 0.18398874177878552 1620000.0000001346
6.869440720427429 0.4622693297264612 0.18398874177878552 1620000.0000001346
6.869440720427429 0.4622693297264612 0.18398874177878552 1620000.0000001346
6.869440720427429 0.4622693297264612 0.18398874177878552 1620000.0000001346
6.869440720427429 0.4622693297264612 0.18398874177878552 1620000.0000001346
6.869440720427429 0.4622693297264612 0.18398874177878552 1620000.0000001346
6.869440720427429 0.4622693297264612 0.18398874177878552 1620000.0000001346
6.869440720427429 0.4622693297264612 0.18398874177878552 1620000.0000001346
6.869440720427429 0.4622693297264612 0.18398874177878552 1620000.0000001346
6.869440720427429 0.4622693297264612 0.18398874177878552 1620000.0000001346
6.869440720427429 0.4622693297264612 0.18398874177878552 1620000.0000001346
6.869440720427429 0.4622693297264612 0.18398874177878552 1620000.0000001346
6.869440720427429 0.4622693297264612 0.18398874177878552 1620000.0000001346
6.869440720427429 0.4622693297264612 0.18398874177878552 1620000.0000001346
6.869440720427429 0.4622693297264612 0.18398874177878552 1620000.0000001346
6.869440720427429 0.4622693297264612 0.18398874177878552 1620000.0000001346
6.869440720427429 0.4622693297264612 0.18398874177878552 1620000.0000001346
6.869440720427429 0.4622693297264612 0.18398874177878552 1620000.0000001346
6.869440720427429 0.4622693297264612 0.18398874177878552 1620000.0000001346
6.948738478712734 0.4698596372672679 0.19135438922902412 0.0 0,0,1 coil/filament1/filament2
6.952018866086228 0.39409440067880047 0.0714006943634054 1620000.0000001346
6.873398502034969 0.385838139928 0.083675567676893 1620000.0000001346
6.873398502034969 0.385838139928 0.083675567676893 1620000.0000001346
6.873398502034969 0.385838139928 0.083675567676893 1620000.0000001346
6.873398502034969 0.385838139928 0.083675567676893 1620000.0000001346
6.873398502034969 0.385838139928 0.083675567676893 1620000.0000001346
6.873398502034969 0.385838139928 0.083675567676893 1620000.0000001346
6.873398502034969 0.385838139928 0.083675567676893 1620000.0000001346
6.873398502034969 0.385838139928 0.083675567676893 1620000.0000001346
6.873398502034969 0.385838139928 0.083675567676893 1620000.0000001346
6.873398502034969 0.385838139928 0.083675567676893 1620000.0000001346
6.873398502034969 0.385838139928 0.083675567676893 1620000.0000001346
6.873398502034969 0.385838139928 0.083675567676893 1620000.0000001346
6.873398502034969 0.385838139928 0.083675567676893 1620000.0000001346
6.873398502034969 0.385838139928 0.083675567676893 1620000.0000001346
6.873398502034969 0.385838139928 0.083675567676893 1620000.0000001346
6.873398502034969 0.385838139928 0.083675567676893 1620000.0000001346
6.873398502034969 0.385838139928 0.083675567676893 1620000.0000001346
6.873398502034969 0.385838139928 0.083675567676893 1620000.0000001346
6.873398502034969 0.385838139928 0.083675567676893 1620000.0000001346
6.873398502034969 0.385838139928 0.083675567676893 1620000.0000001346
6.873398502034969 0.385838139928 0.083675567676893 1620000.0000001346
6.873398502034969 0.385838139928 0.083675567676893 1620000.0000001346
6.873398502034969 0.385838139928 0.083675567676893 1620000.0000001346
6.873398502034969 0.385838139928 0.083675567676893 1620000.0000001346
6.873398502034969 0.385838139928 0.083675567676893 1620000.0000001346
6.873398502034969 0.385838139928 0.083675567676893 1620000.0000001346
6.873398502034969 0.385838139928 0.083675567676893 1620000.0000001346
6.873398502034969 0.385838139928 0.083675567676893 1620000.0000001346
6.873398502034969 0.385838139928 0.083675567676893 1620000.0000001346
6.873398502034969 0.385838139928 0.083675567676893 1620000.0000001346
6.873398502034969 0.385838139928 0.083675567676893 1620000.0000001346
6.873398502034969 0.385838139928 0.083675567676893 1620000.0000001346
6.873398502034969 0.385838139928 0.083675567676893 1620000.0000001346
6.873398502034969 0.385838139928 0.083675567676893 1620000.0000001346
6.873398502034969 0.385838139928 0.083675567676893 1620000.0000001346
6.873398502034969 0.385838139928 0.083675567676893 1620000.0000001346
6.873398502034969 0.385838139928 0.083675567676893 1620000.0000001346
6.873398502034969 0.385838139928 0.083675567676893 1620000.0000001346
6.873398502034969 0.385838139928 0.083675567676893 1620000.0000001346
6.873398502034969 0.385838139928 0.083675567676893 1620000.0000001346
6.873398502034969 0.385838139928 0.083675567676893 1620000.0000001346
6.873398502034969 0.385838139928 0.083675567676893 1620000.0000001346
6.873398502034969 0.385838139928 0.083675567676893 1620000.0000001346
6.873398502034969 0.385838139928 0.083675567676893 1620000.0000001346
6.873398502034969 0.385838139928 0.083675567676893 1620000.0000001346
6.873398502034969 0.385838139928 0.083675567676893 1620000.0000001346
6.873398502034969 0.385838139928 0.083675567676893 1620000.0000001346
6.873398502034969 0.385838139928 0.083675567676893 1620000.0000001346
6.873398502034969 0.385838139928 0.083675567676893 1620000.0000001346
6.873398502034969 0.385838139928 0.083675567676893 1620000.0000001346
6.873398502034969 0.385838139928 0.083675567676893 1620000.0000001346
6.873398502034969 0.385838139928 0.083675567676893 1620000.0000001346
6.873398502034969 0.385838139928 0.083675567676893 1620000.0000001346
6.873398502034969 0.385838139928 0.083675567676893 1620000.0000001346
6.873398502034969 0.385838139928 0.083675567676893 1620000.0000001346
6.873398502034969 0.385838139928 0.083675567676893 1620000.0000001346
6.873398502034969 0.385838139928 0.083675567676893 1620000.0000001346
6.873398502034969 0.385838139928 0.083675567676893 1620000.0000001346
6.873398502034969 0.385838139928 0.083675567676893 1620000.0000001346
6.873398502034969 0.385838139928 0.083675567676893 1620000.0000001346
6.873398502034969 0.385838139928 0.083675567676893 1620000.0000001346
6.873398502034969 0.385838139928 0.083675567676893 1620000.0000001346
6.873398502034969 0.385838139928 0.083675567676893 1620000.0000001346
6.952018866086228 0.39409440067880047 0.0714006943634054 0.0 0,1,0 coil/filament1/filament2
6.9566120904743 0.3902964726127144 0.18857786838801974 1620000.0000001346
6.877314332188995 0.38270616507190763 0.18121222093778114 1620000.0000001346
6.877314332188995 0.38270616507190763 0.18121222093778114 1620000.0000001346
6.877314332188995 0.38270616507190763 0.18121222093778114 1620000.0000001346
6.877314332188995 0.38270616507190763 0.18121222093778114 1620000.0000001346
6.877314332188995 0.38270616507190763 0.18121222093778114 1620000.0000001346
6.877314332188995 0.38270616507190763 0.18121222093778114 1620000.0000001346
6.877314332188995 0.38270616507190763 0.18121222093778114 1620000.0000001346
6.877314332188995 0.38270616507190763 0.18121222093778114 1620000.0000001346
6.877314332188995 0.38270616507190763 0.18121222093778114 1620000.0000001346
6.877314332188995 0.38270616507190763 0.18121222093778114 1620000.0000001346
6.877314332188995 0.38270616507190763 0.18121222093778114 1620000.0000001346
6.877314332188995 0.38270616507190763 0.18121222093778114 1620000.0000001346
6.877314332188995 0.38270616507190763 0.18121222093778114 1620000.0000001346
6.877314332188995 0.38270616507190763 0.18121222093778114 1620000.0000001346
6.877314332188995 0.38270616507190763 0.18121222093778114 1620000.0000001346
6.877314332188995 0.38270616507190763 0.18121222093778114 1620000.0000001346
6.877314332188995 0.38270616507190763 0.18121222093778114 1620000.0000001346
6.877314332188995 0.38270616507190763 0.18121222093778114 1620000.0000001346
6.877314332188995 0.38270616507190763 0.18121222093778114 1620000.0000001346
6.877314332188995 0.38270616507190763 0.18121222093778114 1620000.0000001346
6.877314332188995 0.38270616507190763 0.18121222093778114 1620000.0000001346
6.877314332188995 0.38270616507190763 0.18121222093778114 1620000.0000001346
6.877314332188995 0.38270616507190763 0.18121222093778114 1620000.0000001346
6.877314332188995 0.38270616507190763 0.18121222093778114 1620000.0000001346
6.877314332188995 0.38270616507190763 0.18121222093778114 1620000.0000001346
6.877314332188995 0.38270616507190763 0.18121222093778114 1620000.0000001346
6.877314332188995 0.38270616507190763 0.18121222093778114 1620000.0000001346
6.877314332188995 0.38270616507190763 0.18121222093778114 1620000.0000001346
6.877314332188995 0.38270616507190763 0.18121222093778114 1620000.0000001346
6.877314332188995 0.38270616507190763 0.18121222093778114 1620000.0000001346
6.877314332188995 0.38270616507190763 0.18121222093778114 1620000.0000001346
6.877314332188995 0.38270616507190763 0.18121222093778114 1620000.0000001346
6.877314332188995 0.38270616507190763 0.18121222093778114 1620000.0000001346
6.877314332188995 0.38270616507190763 0.18121222093778114 1620000.0000001346
6.877314332188995 0.38270616507190763 0.18121222093778114 1620000.0000001346
6.877314332188995 0.38270616507190763 0.18121222093778114 1620000.0000001346
6.877314332188995 0.38270616507190763 0.18121222093778114 1620000.0000001346
6.877314332188995 0.38270616507190763 0.18121222093778114 1620000.0000001346
6.877314332188995 0.38270616507190763 0.18121222093778114 1620000.0000001346
6.877314332188995 0.38270616507190763 0.18121222093778114 1620000.0000001346
6.877314332188995 0.38270616507190763 0.18121222093778114 1620000.0000001346
6.877314332188995 0.38270616507190763 0.18121222093778114 1620000.0000001346
6.877314332188995 0.38270616507190763 0.18121222093778114 1620000.0000001346
6.877314332188995 0.38270616507190763 0.18121222093778114 1620000.0000001346
6.877314332188995 0.38270616507190763 0.18121222093778114 1620000.0000001346
6.877314332188995 0.38270616507190763 0.18121222093778114 1620000.0000001346
6.877314332188995 0.38270616507190763 0.18121222093778114 1620000.0000001346
6.877314332188995 0.38270616507190763 0.18121222093778114 1620000.0000001346
6.877314332188995 0.38270616507190763 0.18121222093778114 1620000.0000001346
6.877314332188995 0.38270616507190763 0.18121222093778114 1620000.0000001346
6.877314332188995 0.38270616507190763 0.18121222093778114 1620000.0000001346
6.877314332188995 0.38270616507190763 0.18121222093778114 1620000.0000001346
6.877314332188995 0.38270616507190763 0.18121222093778114 1620000.0000001346
6.877314332188995 0.38270616507190763 0.18121222093778114 1620000.0000001346
6.877314332188995 0.38270616507190763 0.18121222093778114 1620000.0000001346
6.877314332188995 0.38270616507190763 0.18121222093778114 1620000.0000001346
6.877314332188995 0.38270616507190763 0.18121222093778114 1620000.0000001346
6.877314332188995 0.38270616507190763 0.18121222093778114 1620000.0000001346
6.877314332188995 0.38270616507190763 0.18121222093778114 1620000.0000001346
6.877314332188995 0.38270616507190763 0.18121222093778114 1620000.0000001346
6.877314332188995 0.38270616507190763 0.18121222093778114 1620000.0000001346
6.877314332188995 0.38270616507190763 0.18121222093778114 1620000.0000001346
6.877314332188995 0.38270616507190763 0.18121222093778114 1620000.0000001346
6.9566120904743 0.3902964726127144 0.18857786838801974 0.0 0,1,1 coil/filament1/filament2
6.641259981802685 1.387877152970911 0.18963871883144376 1620000.0000000962
6.56727702036178 1.3610716099216518 0.17521705879288535 1620000.0000000962
6.56727702036178 1.3610716099216518 0.17521705879288535 1620000.0000000962
6.56727702036178 1.3610716099216518 0.17521705879288535 1620000.0000000962
6.56727702036178 1.3610716099216518 0.17521705879288535 1620000.0000000962
6.56727702036178 1.3610716099216518 0.17521705879288535 1620000.0000000962
6.56727702036178 1.3610716099216518 0.17521705879288535 1620000.0000000962
6.56727702036178 1.3610716099216518 0.17521705879288535 1620000.0000000962
6.56727702036178 1.3610716099216518 0.17521705879288535 1620000.0000000962
6.56727702036178 1.3610716099216518 0.17521705879288535 1620000.0000000962
6.56727702036178 1.3610716099216518 0.17521705879288535 1620000.0000000962
6.56727702036178 1.3610716099216518 0.17521705879288535 1620000.0000000962
6.56727702036178 1.3610716099216518 0.17521705879288535 1620000.0000000962
6.56727702036178 1.3610716099216518 0.17521705879288535 1620000.0000000962
6.56727702036178 1.3610716099216518 0.17521705879288535 1620000.0000000962
6.56727702036178 1.3610716099216518 0.17521705879288535 1620000.0000000962
6.56727702036178 1.3610716099216518 0.17521705879288535 1620000.0000000962
6.56727702036178 1.3610716099216518 0.17521705879288535 1620000.0000000962
6.56727702036178 1.3610716099216518 0.17521705879288535 1620000.0000000962
6.56727702036178 1.3610716099216518 0.17521705879288535 1620000.0000000962
6.56727702036178 1.3610716099216518 0.17521705879288535 1620000.0000000962
6.56727702036178 1.3610716099216518 0.17521705879288535 1620000.0000000962
6.56727702036178 1.3610716099216518 0.17521705879288535 1620000.0000000962
6.56727702036178 1.3610716099216518 0.17521705879288535 1620000.0000000962
6.56727702036178 1.3610716099216518 0.17521705879288535 1620000.0000000962
6.56727702036178 1.3610716099216518 0.17521705879288535 1620000.0000000962
6.56727702036178 1.3610716099216518 0.17521705879288535 1620000.0000000962
6.56727702036178 1.3610716099216518 0.17521705879288535 1620000.0000000962
6.56727702036178 1.3610716099216518 0.17521705879288535 1620000.0000000962
6.56727702036178 1.3610716099216518 0.17521705879288535 1620000.0000000962
6.56727702036178 1.3610716099216518 0.17521705879288535 1620000.0000000962
6.56727702036178 1.3610716099216518 0.17521705879288535 1620000.0000000962
6.56727702036178 1.3610716099216518 0.17521705879288535 1620000.0000000962
6.56727702036178 1.3610716099216518 0.17521705879288535 1620000.0000000962
6.56727702036178 1.3610716099216518 0.17521705879288535 1620000.0000000962
6.56727702036178 1.3610716099216518 0.17521705879288535 1620000.0000000962
6.56727702036178 1.3610716099216518 0.17521705879288535 1620000.0000000962
6.56727702036178 1.3610716099216518 0.17521705879288535 1620000.0000000962
6.56727702036178 1.3610716099216518 0.17521705879288535 1620000.0000000962
6.56727702036178 1.3610716099216518 0.17521705879288535 1620000.0000000962
6.56727702036178 1.3610716099216518 0.17521705879288535 1620000.0000000962
6.56727702036178 1.3610716099216518 0.17521705879288535 1620000.0000000962
6.56727702036178 1.3610716099216518 0.17521705879288535 1620000.0000000962
6.56727702036178 1.3610716099216518 0.17521705879288535 1620000.0000000962
6.56727702036178 1.3610716099216518 0.17521705879288535 1620000.0000000962
6.56727702036178 1.3610716099216518 0.17521705879288535 1620000.0000000962
6.56727702036178 1.3610716099216518 0.17521705879288535 1620000.0000000962
6.56727702036178 1.3610716099216518 0.17521705879288535 1620000.0000000962
6.56727702036178 1.3610716099216518 0.17521705879288535 1620000.0000000962
6.56727702036178 1.3610716099216518 0.17521705879288535 1620000.0000000962
6.56727702036178 1.3610716099216518 0.17521705879288535 1620000.0000000962
6.56727702036178 1.3610716099216518 0.17521705879288535 1620000.0000000962
6.56727702036178 1.3610716099216518 0.17521705879288535 1620000.0000000962
6.56727702036178 1.3610716099216518 0.17521705879288535 1620000.0000000962
6.56727702036178 1.3610716099216518 0.17521705879288535 1620000.0000000962
6.56727702036178 1.3610716099216518 0.17521705879288535 1620000.0000000962
6.56727702036178 1.3610716099216518 0.17521705879288535 1620000.0000000962
6.56727702036178 1.3610716099216518 0.17521705879288535 1620000.0000000962
6.56727702036178 1.3610716099216518 0.17521705879288535 1620000.0000000962
6.56727702036178 1.3610716099216518 0.17521705879288535 1620000.0000000962
6.56727702036178 1.3610716099216518 0.17521705879288535 1620000.0000000962
6.56727702036178 1.3610716099216518 0.17521705879288535 1620000.0000000962
6.56727702036178 1.3610716099216518 0.17521705879288535 1620000.0000000962
6.56727702036178 1.3610716099216518 0.17521705879288535 1620000.0000000962
6.641259981802685 1.387877152970911 0.18963871883144376 0.0 1,0,0 coil/filament1/filament2
6.630787001178539 1.3613305468494215 0.3049533850654417 1620000.0000000962
6.556732267151301 1.3333757091112697 0.29335927383651456 1620000.0000000962
6.556732267151301 1.3333757091112697 0.29335927383651456 1620000.0000000962
6.556732267151301 1.3333757091112697 0.29335927383651456 1620000.0000000962
6.556732267151301 1.3333757091112697 0.29335927383651456 1620000.0000000962
6.556732267151301 1.3333757091112697 0.29335927383651456 1620000.0000000962
6.556732267151301 1.3333757091112697 0.29335927383651456 1620000.0000000962
6.556732267151301 1.3333757091112697 0.29335927383651456 1620000.0000000962
6.556732267151301 1.3333757091112697 0.29335927383651456 1620000.0000000962
6.556732267151301 1.3333757091112697 0.29335927383651456 1620000.0000000962
6.556732267151301 1.3333757091112697 0.29335927383651456 1620000.0000000962
6.556732267151301 1.3333757091112697 0.29335927383651456 1620000.0000000962
6.556732267151301 1.3333757091112697 0.29335927383651456 1620000.0000000962
6.556732267151301 1.3333757091112697 0.29335927383651456 1620000.0000000962
6.556732267151301 1.3333757091112697 0.29335927383651456 1620000.0000000962
6.556732267151301 1.3333757091112697 0.29335927383651456 1620000.0000000962
6.556732267151301 1.3333757091112697 0.29335927383651456 1620000.0000000962
6.556732267151301 1.3333757091112697 0.29335927383651456 1620000.0000000962
6.556732267151301 1.3333757091112697 0.29335927383651456 1620000.0000000962
6.556732267151301 1.3333757091112697 0.29335927383651456 1620000.0000000962
6.556732267151301 1.3333757091112697 0.29335927383651456 1620000.0000000962
6.556732267151301 1.3333757091112697 0.29335927383651456 1620000.0000000962
6.556732267151301 1.3333757091112697 0.29335927383651456 1620000.0000000962
6.556732267151301 1.3333757091112697 0.29335927383651456 1620000.0000000962
6.556732267151301 1.3333757091112697 0.29335927383651456 1620000.0000000962
6.556732267151301 1.3333757091112697 0.29335927383651456 1620000.0000000962
6.556732267151301 1.3333757091112697 0.29335927383651456 1620000.0000000962
6.556732267151301 1.3333757091112697 0.29335927383651456 1620000.0000000962
6.556732267151301 1.3333757091112697 0.29335927383651456 1620000.0000000962
6.556732267151301 1.3333757091112697 0.29335927383651456 1620000.0000000962
6.556732267151301 1.3333757091112697 0.29335927383651456 1620000.0000000962
6.556732267151301 1.3333757091112697 0.29335927383651456 1620000.0000000962
6.556732267151301 1.3333757091112697 0.29335927383651456 1620000.0000000962
6.556732267151301 1.3333757091112697 0.29335927383651456 1620000.0000000962
6.556732267151301 1.3333757091112697 0.29335927383651456 1620000.0000000962
6.556732267151301 1.3333757091112697 0.29335927383651456 1620000.0000000962
6.556732267151301 1.3333757091112697 0.29335927383651456 1620000.0000000962
6.556732267151301 1.3333757091112697 0.29335927383651456 1620000.0000000962
6.556732267151301 1.3333757091112697 0.29335927383651456 1620000.0000000962
6.556732267151301 1.3333757091112697 0.29335927383651456 1620000.0000000962
6.556732267151301 1.3333757091112697 0.29335927383651456 1620000.0000000962
6.556732267151301 1.3333757091112697 0.29335927383651456 1620000.0000000962
6.556732267151301 1.3333757091112697 0.29335927383651456 1620000.0000000962
6.556732267151301 1.3333757091112697 0.29335927383651456 1620000.0000000962
6.556732267151301 1.3333757091112697 0.29335927383651456 1620000.0000000962
6.556732267151301 1.3333757091112697 0.29335927383651456 1620000.0000000962
6.556732267151301 1.3333757091112697 0.29335927383651456 1620000.0000000962
6.556732267151301 1.3333757091112697 0.29335927383651456 1620000.0000000962
6.556732267151301 1.3333757091112697 0.29335927383651456 1620000.0000000962
6.556732267151301 1.3333757091112697 0.29335927383651456 1620000.0000000962
6.556732267151301 1.3333757091112697 0.29335927383651456 1620000.0000000962
6.556732267151301 1.3333757091112697 0.29335927383651456 1620000.0000000962
6.556732267151301 1.3333757091112697 0.29335927383651456 1620000.0000000962
6.556732267151301 1.3333757091112697 0.29335927383651456 1620000.0000000962
6.556732267151301 1.3333757091112697 0.29335927383651456 1620000.0000000962
6.556732267151301 1.3333757091112697 0.29335927383651456 1620000.0000000962
6.556732267151301 1.3333757091112697 0.29335927383651456 1620000.0000000962
6.556732267151301 1.3333757091112697 0.29335927383651456 1620000.0000000962
6.556732267151301 1.3333757091112697 0.29335927383651456 1620000.0000000962
6.556732267151301 1.3333757091112697 0.29335927383651456 1620000.0000000962
6.556732267151301 1.3333757091112697 0.29335927383651456 1620000.0000000962
6.556732267151301 1.3333757091112697 0.29335927383651456 1620000.0000000962
6.556732267151301 1.3333757091112697 0.29335927383651456 1620000.0000000962
6.556732267151301 1.3333757091112697 0.29335927383651456 1620000.0000000962
6.630787001178539 1.3613305468494215 0.3049533850654417 0.0 1,0,1 coil/filament1/filament2
6.67070967415957 1.315258180726972 0.1735390141658663 1620000.0000000962
6.596726712718665 1.2884526376777128 0.1591173541273079 1620000.0000000962
6.596726712718665 1.2884526376777128 0.1591173541273079 1620000.0000000962
6.596726712718665 1.2884526376777128 0.1591173541273079 1620000.0000000962
6.596726712718665 1.2884526376777128 0.1591173541273079 1620000.0000000962
6.596726712718665 1.2884526376777128 0.1591173541273079 1620000.0000000962
6.596726712718665 1.2884526376777128 0.1591173541273079 1620000.0000000962
6.596726712718665 1.2884526376777128 0.1591173541273079 1620000.0000000962
6.596726712718665 1.2884526376777128 0.1591173541273079 1620000.0000000962
6.596726712718665 1.2884526376777128 0.1591173541273079 1620000.0000000962
6.596726712718665 1.2884526376777128 0.1591173541273079 1620000.0000000962
6.596726712718665 1.2884526376777128 0.1591173541273079 1620000.0000000962
6.596726712718665 1.2884526376777128 0.1591173541273079 1620000.0000000962
6.596726712718665 1.2884526376777128 0.1591173541273079 1620000.0000000962
6.596726712718665 1.2884526376777128 0.1591173541273079 1620000.0000000962
6.596726712718665 1.2884526376777128 0.1591173541273079 1620000.0000000962
6.596726712718665 1.2884526376777128 0.1591173541273079 1620000.0000000962
6.596726712718665 1.2884526376777128 0.1591173541273079 1620000.0000000962
6.596726712718665 1.2884526376777128 0.1591173541273079 1620000.0000000962
6.596726712718665 1.2884526376777128 0.1591173541273079 1620000.0000000962
6.596726712718665 1.2884526376777128 0.1591173541273079 1620000.0000000962
6.596726712718665 1.2884526376777128 0.1591173541273079 1620000.0000000962
6.596726712718665 1.2884526376777128 0.1591173541273079 1620000.0000000962
6.596726712718665 1.2884526376777128 0.1591173541273079 1620000.0000000962
6.596726712718665 1.2884526376777128 0.1591173541273079 1620000.0000000962
6.596726712718665 1.2884526376777128 0.1591173541273079 1620000.0000000962
6.596726712718665 1.2884526376777128 0.1591173541273079 1620000.0000000962
6.596726712718665 1.2884526376777128 0.1591173541273079 1620000.0000000962
6.596726712718665 1.2884526376777128 0.1591173541273079 1620000.0000000962
6.596726712718665 1.2884526376777128 0.1591173541273079 1620000.0000000962
6.596726712718665 1.2884526376777128 0.1591173541273079 1620000.0000000962
6.596726712718665 1.2884526376777128 0.1591173541273079 1620000.0000000962
6.596726712718665 1.2884526376777128 0.1591173541273079 1620000.0000000962
6.596726712718665 1.2884526376777128 0.1591173541273079 1620000.0000000962
6.596726712718665 1.2884526376777128 0.1591173541273079 1620000.0000000962
6.596726712718665 1.2884526376777128 0.1591173541273079 1620000.0000000962
6.596726712718665 1.2884526376777128 0.1591173541273079 1620000.0000000962
6.596726712718665 1.2884526376777128 0.1591173541273079 1620000.0000000962
6.596726712718665 1.2884526376777128 0.1591173541273079 1620000.0000000962
6.596726712718665 1.2884526376777128 0.1591173541273079 1620000.0000000962
6.596726712718665 1.2884526376777128 0.1591173541273079 1620000.0000000962
6.596726712718665 1.2884526376777128 0.1591173541273079 1620000.0000000962
6.596726712718665 1.2884526376777128 0.1591173541273079 1620000.0000000962
6.596726712718665 1.2884526376777128 0.1591173541273079 1620000.0000000962
6.596726712718665 1.2884526376777128 0.1591173541273079 1620000.0000000962
6.596726712718665 1.2884526376777128 0.1591173541273079 1620000.0000000962
6.596726712718665 1.2884526376777128 0.1591173541273079 1620000.0000000962
6.596726712718665 1.2884526376777128 0.1591173541273079 1620000.0000000962
6.596726712718665 1.2884526376777128 0.1591173541273079 1620000.0000000962
6.596726712718665 1.2884526376777128 0.1591173541273079 1620000.0000000962
6.596726712718665 1.2884526376777128 0.1591173541273079 1620000.0000000962
6.596726712718665 1.2884526376777128 0.1591173541273079 1620000.0000000962
6.596726712718665 1.2884526376777128 0.1591173541273079 1620000.0000000962
6.596726712718665 1.2884526376777128 0.1591173541273079 1620000.0000000962
6.596726712718665 1.2884526376777128 0.1591173541273079 1620000.0000000962
6.596726712718665 1.2884526376777128 0.1591173541273079 1620000.0000000962
6.596726712718665 1.2884526376777128 0.1591173541273079 1620000.0000000962
6.596726712718665 1.2884526376777128 0.1591173541273079 1620000.0000000962
6.596726712718665 1.2884526376777128 0.1591173541273079 1620000.0000000962
6.596726712718665 1.2884526376777128 0.1591173541273079 1620000.0000000962
6.596726712718665 1.2884526376777128 0.1591173541273079 1620000.0000000962
6.596726712718665 1.2884526376777128 0.1591173541273079 1620000.0000000962
6.596726712718665 1.2884526376777128 0.1591173541273079 1620000.0000000962
6.596726712718665 1.2884526376777128 0.1591173541273079 1620000.0000000962
6.67070967415957 1.315258180726972 0.1735390141658663 0.0 1,1,0 coil/filament1/filament2
6.66039237606259 1.288055794471502 0.29253032417331687 1620000.0000000962
6.586337642035352 1.2601009567333503 0.28093621294438975 1620000.0000000962
6.586337642035352 1.2601009567333503 0.28093621294438975 1620000.0000000962
6.586337642035352 1.2601009567333503 0.28093621294438975 1620000.0000000962
6.586337642035352 1.2601009567333503 0.28093621294438975 1620000.0000000962
6.586337642035352 1.2601009567333503 0.28093621294438975 1620000.0000000962
6.586337642035352 1.2601009567333503 0.28093621294438975 1620000.0000000962
6.586337642035352 1.2601009567333503 0.28093621294438975 1620000.0000000962
6.586337642035352 1.2601009567333503 0.28093621294438975 1620000.0000000962
6.586337642035352 1.2601009567333503 0.28093621294438975 1620000.0000000962
6.586337642035352 1.2601009567333503 0.28093621294438975 1620000.0000000962
6.586337642035352 1.2601009567333503 0.28093621294438975 1620000.0000000962
6.586337642035352 1.2601009567333503 0.28093621294438975 1620000.0000000962
6.586337642035352 1.2601009567333503 0.28093621294438975 1620000.0000000962
6.586337642035352 1.2601009567333503 0.28093621294438975 1620000.0000000962
6.586337642035352 1.2601009567333503 0.28093621294438975 1620000.0000000962
6.586337642035352 1.2601009567333503 0.28093621294438975 1620000.0000000962
6.586337642035352 1.2601009567333503 0.28093621294438975 1620000.0000000962
6.586337642035352 1.2601009567333503 0.28093621294438975 1620000.0000000962
6.586337642035352 1.2601009567333503 0.28093621294438975 1620000.0000000962
6.586337642035352 1.2601009567333503 0.28093621294438975 1620000.0000000962
6.586337642035352 1.2601009567333503 0.28093621294438975 1620000.0000000962
6.586337642035352 1.2601009567333503 0.28093621294438975 1620000.0000000962
6.586337642035352 1.2601009567333503 0.28093621294438975 1620000.0000000962
6.586337642035352 1.2601009567333503 0.28093621294438975 1620000.0000000962
6.586337642035352 1.2601009567333503 0.28093621294438975 1620000.0000000962
6.586337642035352 1.2601009567333503 0.28093621294438975 1620000.0000000962
6.586337642035352 1.2601009567333503 0.28093621294438975 1620000.0000000962
6.586337642035352 1.2601009567333503 0.28093621294438975 1620000.0000000962
6.586337642035352 1.2601009567333503 0.28093621294438975 1620000.0000000962
6.586337642035352 1.2601009567333503 0.28093621294438975 1620000.0000000962
6.586337642035352 1.2601009567333503 0.28093621294438975 1620000.0000000962
6.586337642035352 1.2601009567333503 0.28093621294438975 1620000.0000000962
6.586337642035352 1.2601009567333503 0.28093621294438975 1620000.0000000962
6.586337642035352 1.2601009567333503 0.28093621294438975 1620000.0000000962
6.586337642035352 1.2601009567333503 0.28093621294438975 1620000.0000000962
6.586337642035352 1.2601009567333503 0.28093621294438975 1620000.0000000962
6.586337642035352 1.2601009567333503 0.28093621294438975 1620000.0000000962
6.586337642035352 1.2601009567333503 0.28093621294438975 1620000.0000000962
6.586337642035352 1.2601009567333503 0.28093621294438975 1620000.0000000962
6.586337642035352 1.2601009567333503 0.28093621294438975 1620000.0000000962
6.586337642035352 1.2601009567333503 0.28093621294438975 1620000.0000000962
6.586337642035352 1.2601009567333503 0.28093621294438975 1620000.0000000962
6.586337642035352 1.2601009567333503 0.28093621294438975 1620000.0000000962
6.586337642035352 1.2601009567333503 0.28093621294438975 1620000.0000000962
6.586337642035352 1.2601009567333503 0.28093621294438975 1620000.0000000962
6.586337642035352 1.2601009567333503 0.28093621294438975 1620000.0000000962
6.586337642035352 1.2601009567333503 0.28093621294438975 1620000.0000000962
6.586337642035352 1.2601009567333503 0.28093621294438975 1620000.0000000962
6.586337642035352 1.2601009567333503 0.28093621294438975 1620000.0000000962
6.586337642035352 1.2601009567333503 0.28093621294438975 1620000.0000000962
6.586337642035352 1.2601009567333503 0.28093621294438975 1620000.0000000962
6.586337642035352 1.2601009567333503 0.28093621294438975 1620000.0000000962
6.586337642035352 1.2601009567333503 0.28093621294438975 1620000.0000000962
6.586337642035352 1.2601009567333503 0.28093621294438975 1620000.0000000962
6.586337642035352 1.2601009567333503 0.28093621294438975 1620000.0000000962
6.586337642035352 1.2601009567333503 0.28093621294438975 1620000.0000000962
6.586337642035352 1.2601009567333503 0.28093621294438975 1620000.0000000962
6.586337642035352 1.2601009567333503 0.28093621294438975 1620000.0000000962
6.586337642035352 1.2601009567333503 0.28093621294438975 1620000.0000000962
6.586337642035352 1.2601009567333503 0.28093621294438975 1620000.0000000962
6.586337642035352 1.2601009567333503 0.28093621294438975 1620000.0000000962
6.586337642035352 1.2601009567333503 0.28093621294438975 1620000.0000000962
6.586337642035352 1.2601009567333503 0.28093621294438975 1620000.0000000962
6.66039237606259 1.288055794471502 0.29253032417331687 0.0 1,1,1 coil/filament1/filament2
6.30374073023064 2.287622730175283 0.28725167748120156 1619999.9999999974
6.2413314289783575 2.239669825232703 0.2729129876955302 1619999.9999999974
6.2413314289783575 2.239669825232703 0.2729129876955302 1619999.9999999974
6.2413314289783575 2.239669825232703 0.2729129876955302 1619999.9999999974
6.2413314289783575 2.239669825232703 0.2729129876955302 1619999.9999999974
6.2413314289783575 2.239669825232703 0.2729129876955302 1619999.9999999974
6.2413314289783575 2.239669825232703 0.2729129876955302 1619999.9999999974
6.2413314289783575 2.239669825232703 0.2729129876955302 1619999.9999999974
6.2413314289783575 2.239669825232703 0.2729129876955302 1619999.9999999974
6.2413314289783575 2.239669825232703 0.2729129876955302 1619999.9999999974
6.2413314289783575 2.239669825232703 0.2729129876955302 1619999.9999999974
6.2413314289783575 2.239669825232703 0.2729129876955302 1619999.9999999974
6.2413314289783575 2.239669825232703 0.2729129876955302 1619999.9999999974
6.2413314289783575 2.239669825232703 0.2729129876955302 1619999.9999999974
6.2413314289783575 2.239669825232703 0.2729129876955302 1619999.9999999974
6.2413314289783575 2.239669825232703 0.2729129876955302 1619999.9999999974
6.2413314289783575 2.239669825232703 0.2729129876955302 1619999.9999999974
6.2413314289783575 2.239669825232703 0.2729129876955302 1619999.9999999974
6.2413314289783575 2.239669825232703 0.2729129876955302 1619999.9999999974
6.2413314289783575 2.239669825232703 0.2729129876955302 1619999.9999999974
6.2413314289783575 2.239669825232703 0.2729129876955302 1619999.9999999974
6.2413314289783575 2.239669825232703 0.2729129876955302 1619999.9999999974
6.2413314289783575 2.239669825232703 0.2729129876955302 1619999.9999999974
6.2413314289783575 2.239669825232703 0.2729129876955302 1619999.9999999974
6.2413314289783575 2.239669825232703 0.2729129876955302 1619999.9999999974
6.2413314289783575 2.239669825232703 0.2729129876955302 1619999.9999999974
6.2413314289783575 2.239669825232703 0.2729129876955302 1619999.9999999974
6.2413314289783575 2.239669825232703 0.2729129876955302 1619999.9999999974
6.2413314289783575 2.239669825232703 0.2729129876955302 1619999.9999999974
6.2413314289783575 2.239669825232703 0.2729129876955302 1619999.9999999974
6.2413314289783575 2.239669825232703 0.2729129876955302 1619999.9999999974
6.2413314289783575 2.239669825232703 0.2729129876955302 1619999.9999999974
6.2413314289783575 2.239669825232703 0.2729129876955302 1619999.9999999974
6.2413314289783575 2.239669825232703 0.2729129876955302 1619999.9999999974
6.2413314289783575 2.239669825232703 0.2729129876955302 1619999.9999999974
6.2413314289783575 2.239669825232703 0.2729129876955302 1619999.9999999974
6.2413314289783575 2.239669825232703 0.2729129876955302 1619999.9999999974
6.2413314289783575 2.239669825232703 0.2729129876955302 1619999.9999999974
6.2413314289783575 2.239669825232703 0.2729129876955302 1619999.9999999974
6.2413314289783575 2.239669825232703 0.2729129876955302 1619999.9999999974
6.2413314289783575 2.239669825232703 0.2729129876955302 1619999.9999999974
6.2413314289783575 2.239669825232703 0.2729129876955302 1619999.9999999974
6.2413314289783575 2.239669825232703 0.2729129876955302 1619999.9999999974
6.2413314289783575 2.239669825232703 0.2729129876955302 1619999.9999999974
6.2413314289783575 2.239669825232703 0.2729129876955302 1619999.9999999974
6.2413314289783575 2.239669825232703 0.2729129876955302 1619999.9999999974
6.2413314289783575 2.239669825232703 0.2729129876955302 1619999.9999999974
6.2413314289783575 2.239669825232703 0.2729129876955302 1619999.9999999974
6.2413314289783575 2.239669825232703 0.2729129876955302 1619999.9999999974
6.2413314289783575 2.239669825232703 0.2729129876955302 1619999.9999999974
6.2413314289783575 2.239669825232703 0.2729129876955302 1619999.9999999974
6.2413314289783575 2.239669825232703 0.2729129876955302 1619999.9999999974
6.2413314289783575 2.239669825232703 0.2729129876955302 1619999.9999999974
6.2413314289783575 2.239669825232703 0.2729129876955302 1619999.9999999974
6.2413314289783575 2.239669825232703 0.2729129876955302 1619999.9999999974
6.2413314289783575 2.239669825232703 0.2729129876955302 1619999.9999999974
6.2413314289783575 2.239669825232703 0.2729129876955302 1619999.9999999974
6.2413314289783575 2.239669825232703 0.2729129876955302 1619999.9999999974
6.2413314289783575 2.239669825232703 0.2729129876955302 1619999.9999999974
6.2413314289783575 2.239669825232703 0.2729129876955302 1619999.9999999974
6.2413314289783575 2.239669825232703 0.2729129876955302 1619999.9999999974
6.2413314289783575 2.239669825232703 0.2729129876955302 1619999.9999999974
6.2413314289783575 2.239669825232703 0.2729129876955302 1619999.9999999974
6.2413314289783575 2.239669825232703 0.2729129876955302 1619999.9999999974
6.30374073023064 2.287622730175283 0.28725167748120156 0.0 2,0,0 coil/filament1/filament2
6.2651937568712235 2.295639700005557 0.39259524970258874 1619999.9999999974
6.205262448826343 2.2492491383058013 0.36697974460878346 1619999.9999999974
6.205262448826343 2.2492491383058013 0.36697974460878346 1619999.9999999974
6.205262448826343 2.2492491383058013 0.36697974460878346 1619999.9999999974
6.205262448826343 2.2492491383058013 0.36697974460878346 1619999.9999999974
6.205262448826343 2.2492491383058013 0.36697974460878346 1619999.9999999974
6.205262448826343 2.2492491383058013 0.36697974460878346 1619999.9999999974
6.205262448826343 2.2492491383058013 0.36697974460878346 1619999.9999999974
6.205262448826343 2.2492491383058013 0.36697974460878346 1619999.9999999974
6.205262448826343 2.2492491383058013 0.36697974460878346 1619999.9999999974
6.205262448826343 2.2492491383058013 0.36697974460878346 1619999.9999999974
6.205262448826343 2.2492491383058013 0.36697974460878346 1619999.9999999974
6.205262448826343 2.2492491383058013 0.36697974460878346 1619999.9999999974
6.205262448826343 2.2492491383058013 0.36697974460878346 1619999.9999999974
6.205262448826343 2.2492491383058013 0.36697974460878346 1619999.9999999974
6.205262448826343 2.2492491383058013 0.36697974460878346 1619999.9999999974
6.205262448826343 2.2492491383058013 0.36697974460878346 1619999.9999999974
6.205262448826343 2.2492491383058013 0.36697974460878346 1619999.9999999974
6.205262448826343 2.2492491383058013 0.36697974460878346 1619999.9999999974
6.205262448826343 2.2492491383058013 0.36697974460878346 1619999.9999999974
6.205262448826343 2.2492491383058013 0.36697974460878346 1619999.9999999974
6.205262448826343 2.2492491383058013 0.36697974460878346 1619999.9999999974
6.205262448826343 2.2492491383058013 0.36697974460878346 1619999.9999999974
6.205262448826343 2.2492491383058013 0.36697974460878346 1619999.9999999974
6.205262448826343 2.2492491383058013 0.36697974460878346 1619999.9999999974
6.205262448826343 2.2492491383058013 0.36697974460878346 1619999.9999999974
6.205262448826343 2.2492491383058013 0.36697974460878346 1619999.9999999974
6.205262448826343 2.2492491383058013 0.36697974460878346 1619999.9999999974
6.205262448826343 2.2492491383058013 0.36697974460878346 1619999.9999999974
6.205262448826343 2.2492491383058013 0.36697974460878346 1619999.9999999974
6.205262448826343 2.2492491383058013 0.36697974460878346 1619999.9999999974
6.205262448826343 2.2492491383058013 0.36697974460878346 1619999.9999999974
6.205262448826343 2.2492491383058013 0.36697974460878346 1619999.9999999974
6.205262448826343 2.2492491383058013 0.36697974460878346 1619999.9999999974
6.205262448826343 2.2492491383058013 0.36697974460878346 1619999.9999999974
6.205262448826343 2.2492491383058013 0.36697974460878346 1619999.9999999974
6.205262448826343 2.2492491383058013 0.36697974460878346 1619999.9999999974
6.205262448826343 2.2492491383058013 0.36697974460878346 1619999.9999999974
6.205262448826343 2.2492491383058013 0.36697974460878346 1619999.9999999974
6.205262448826343 2.2492491383058013 0.36697974460878346 1619999.9999999974
6.205262448826343 2.2492491383058013 0.36697974460878346 1619999.9999999974
6.205262448826343 2.2492491383058013 0.36697974460878346 1619999.9999999974
6.205262448826343 2.2492491383058013 0.36697974460878346 1619999.9999999974
6.205262448826343 2.2492491383058013 0.36697974460878346 1619999.9999999974
6.205262448826343 2.2492491383058013 0.36697974460878346 1619999.9999999974
6.205262448826343 2.2492491383058013 0.36697974460878346 1619999.9999999974
6.205262448826343 2.2492491383058013 0.36697974460878346 1619999.9999999974
6.205262448826343 2.2492491383058013 0.36697974460878346 1619999.9999999974
6.205262448826343 2.2492491383058013 0.36697974460878346 1619999.9999999974
6.205262448826343 2.2492491383058013 0.36697974460878346 1619999.9999999974
6.205262448826343 2.2492491383058013 0.36697974460878346 1619999.9999999974
6.205262448826343 2.2492491383058013 0.36697974460878346 1619999.9999999974
6.205262448826343 2.2492491383058013 0.36697974460878346 1619999.9999999974
6.205262448826343 2.2492491383058013 0.36697974460878346 1619999.9999999974
6.205262448826343 2.2492491383058013 0.36697974460878346 1619999.9999999974
6.205262448826343 2.2492491383058013 0.36697974460878346 1619999.9999999974
6.205262448826343 2.2492491383058013 0.36697974460878346 1619999.9999999974
6.205262448826343 2.2492491383058013 0.36697974460878346 1619999.9999999974
6.205262448826343 2.2492491383058013 0.36697974460878346 1619999.9999999974
6.205262448826343 2.2492491383058013 0.36697974460878346 1619999.9999999974
6.205262448826343 2.2492491383058013 0.36697974460878346 1619999.9999999974
6.205262448826343 2.2492491383058013 0.36697974460878346 1619999.9999999974
6.205262448826343 2.2492491383058013 0.36697974460878346 1619999.9999999974
6.205262448826343 2.2492491383058013 0.36697974460878346 1619999.9999999974
6.2651937568712235 2.295639700005557 0.39259524970258874 0.0 2,0,1 coil/filament1/filament2
6.345404418017427 2.2251490075902294 0.3148410070557094 1619999.9999999974
6.282995116765145 2.1771961026476494 0.300502317270038 1619999.9999999974
6.282995116765145 2.1771961026476494 0.300502317270038 1619999.9999999974
6.282995116765145 2.1771961026476494 0.300502317270038 1619999.9999999974
6.282995116765145 2.1771961026476494 0.300502317270038 1619999.9999999974
6.282995116765145 2.1771961026476494 0.300502317270038 1619999.9999999974
6.282995116765145 2.1771961026476494 0.300502317270038 1619999.9999999974
6.282995116765145 2.1771961026476494 0.300502317270038 1619999.9999999974
6.282995116765145 2.1771961026476494 0.300502317270038 1619999.9999999974
6.282995116765145 2.1771961026476494 0.300502317270038 1619999.9999999974
6.282995116765145 2.1771961026476494 0.300502317270038 1619999.9999999974
6.282995116765145 2.1771961026476494 0.300502317270038 1619999.9999999974
6.282995116765145 2.1771961026476494 0.300502317270038 1619999.9999999974
6.282995116765145 2.1771961026476494 0.300502317270038 1619999.9999999974
6.282995116765145 2.1771961026476494 0.300502317270038 1619999.9999999974
6.282995116765145 2.1771961026476494 0.300502317270038 1619999.9999999974
6.282995116765145 2.1771961026476494 0.300502317270038 1619999.9999999974
6.282995116765145 2.1771961026476494 0.300502317270038 1619999.9999999974
6.282995116765145 2.1771961026476494 0.300502317270038 1619999.9999999974
6.282995116765145 2.1771961026476494 0.300502317270038 1619999.9999999974
6.282995116765145 2.1771961026476494 0.300502317270038 1619999.9999999974
6.282995116765145 2.1771961026476494 0.300502317270038 1619999.9999999974
6.282995116765145 2.1771961026476494 0.300502317270038 1619999.9999999974
6.282995116765145 2.1771961026476494 0.300502317270038 1619999.9999999974
6.282995116765145 2.1771961026476494 0.300502317270038 1619999.9999999974
6.282995116765145 2.1771961026476494 0.300502317270038 1619999.9999999974
6.282995116765145 2.1771961026476494 0.300502317270038 1619999.9999999974
6.282995116765145 2.1771961026476494 0.300502317270038 1619999.9999999974
6.282995116765145 2.1771961026476494 0.300502317270038 1619999.9999999974
6.282995116765145 2.1771961026476494 0.300502317270038 1619999.9999999974
6.282995116765145 2.1771961026476494 0.300502317270038 1619999.9999999974
6.282995116765145 2.1771961026476494 0.300502317270038 1619999.9999999974
6.282995116765145 2.1771961026476494 0.300502317270038 1619999.9999999974
6.282995116765145 2.1771961026476494 0.300502317270038 1619999.9999999974
6.282995116765145 2.1771961026476494 0.300502317270038 1619999.9999999974
6.282995116765145 2.1771961026476494 0.300502317270038 1619999.9999999974
6.282995116765145 2.1771961026476494 0.300502317270038 1619999.9999999974
6.282995116765145 2.1771961026476494 0.300502317270038 1619999.9999999974
6.282995116765145 2.1771961026476494 0.300502317270038 1619999.9999999974
6.282995116765145 2.1771961026476494 0.300502317270038 1619999.9999999974
6.282995116765145 2.1771961026476494 0.300502317270038 1619999.9999999974
6.282995116765145 2.1771961026476494 0.300502317270038 1619999.9999999974
6.282995116765145 2.1771961026476494 0.300502317270038 1619999.9999999974
6.282995116765145 2.1771961026476494 0.300502317270038 1619999.9999999974
6.282995116765145 2.1771961026476494 0.300502317270038 1619999.9999999974
6.282995116765145 2.1771961026476494 0.300502317270038 1619999.9999999974
6.282995116765145 2.1771961026476494 0.300502317270038 1619999.9999999974
6.282995116765145 2.1771961026476494 0.300502317270038 1619999.9999999974
6.282995116765145 2.1771961026476494 0.300502317270038 1619999.9999999974
6.282995116765145 2.1771961026476494 0.300502317270038 1619999.9999999974
6.282995116765145 2.1771961026476494 0.300502317270038 1619999.9999999974
6.282995116765145 2.1771961026476494 0.300502317270038 1619999.9999999974
6.282995116765145 2.1771961026476494 0.300502317270038 1619999.9999999974
6.282995116765145 2.1771961026476494 0.300502317270038 1619999.9999999974
6.282995116765145 2.1771961026476494 0.300502317270038 1619999.9999999974
6.282995116765145 2.1771961026476494 0.300502317270038 1619999.9999999974
6.282995116765145 2.1771961026476494 0.300502317270038 1619999.9999999974
6.282995116765145 2.1771961026476494 0.300502317270038 1619999.9999999974
6.282995116765145 2.1771961026476494 0.300502317270038 1619999.9999999974
6.282995116765145 2.1771961026476494 0.300502317270038 1619999.9999999974
6.282995116765145 2.1771961026476494 0.300502317270038 1619999.9999999974
6.282995116765145 2.1771961026476494 0.300502317270038 1619999.9999999974
6.282995116765145 2.1771961026476494 0.300502317270038 1619999.9999999974
6.282995116765145 2.1771961026476494 0.300502317270038 1619999.9999999974
6.345404418017427 2.2251490075902294 0.3148410070557094 0.0 2,1,0 coil/filament1/filament2
6.309374008560514 2.2305456325959794 0.40711653575955375 1619999.9999999974
6.249442700515633 2.1841550708962236 0.3815010306657485 1619999.9999999974
6.249442700515633 2.1841550708962236 0.3815010306657485 1619999.9999999974
6.249442700515633 2.1841550708962236 0.3815010306657485 1619999.9999999974
6.249442700515633 2.1841550708962236 0.3815010306657485 1619999.9999999974
6.249442700515633 2.1841550708962236 0.3815010306657485 1619999.9999999974
6.249442700515633 2.1841550708962236 0.3815010306657485 1619999.9999999974
6.249442700515633 2.1841550708962236 0.3815010306657485 1619999.9999999974
6.249442700515633 2.1841550708962236 0.3815010306657485 1619999.9999999974
6.249442700515633 2.1841550708962236 0.3815010306657485 1619999.9999999974
6.249442700515633 2.1841550708962236 0.3815010306657485 1619999.9999999974
6.249442700515633 2.1841550708962236 0.3815010306657485 1619999.9999999974
6.249442700515633 2.1841550708962236 0.3815010306657485 1619999.9999999974
6.249442700515633 2.1841550708962236 0.3815010306657485 1619999.9999999974
6.249442700515633 2.1841550708962236 0.3815010306657485 1619999.9999999974
6.249442700515633 2.1841550708962236 0.3815010306657485 1619999.9999999974
6.249442700515633 2.1841550708962236 0.3815010306657485 1619999.9999999974
6.249442700515633 2.1841550708962236 0.3815010306657485 1619999.9999999974
6.249442700515633 2.1841550708962236 0.3815010306657485 1619999.9999999974
6.249442700515633 2.1841550708962236 0.3815010306657485 1619999.9999999974
6.249442700515633 2.1841550708962236 0.3815010306657485 1619999.9999999974
6.249442700515633 2.1841550708962236 0.3815010306657485 1619999.9999999974
6.249442700515633 2.1841550708962236 0.3815010306657485 1619999.9999999974
6.249442700515633 2.1841550708962236 0.3815010306657485 1619999.9999999974
6.249442700515633 2.1841550708962236 0.3815010306657485 1619999.9999999974
6.249442700515633 2.1841550708962236 0.3815010306657485 1619999.9999999974
6.249442700515633 2.1841550708962236 0.3815010306657485 1619999.9999999974
6.249442700515633 2.1841550708962236 0.3815010306657485 1619999.9999999974
6.249442700515633 2.1841550708962236 0.3815010306657485 1619999.9999999974
6.249442700515633 2.1841550708962236 0.3815010306657485 1619999.9999999974
6.249442700515633 2.1841550708962236 0.3815010306657485 1619999.9999999974
6.249442700515633 2.1841550708962236 0.3815010306657485 1619999.9999999974
6.249442700515633 2.1841550708962236 0.3815010306657485 1619999.9999999974
6.249442700515633 2.1841550708962236 0.3815010306657485 1619999.9999999974
6.249442700515633 2.1841550708962236 0.3815010306657485 1619999.9999999974
6.249442700515633 2.1841550708962236 0.3815010306657485 1619999.9999999974
6.249442700515633 2.1841550708962236 0.3815010306657485 1619999.9999999974
6.249442700515633 2.1841550708962236 0.3815010306657485 1619999.9999999974
6.249442700515633 2.1841550708962236 0.3815010306657485 1619999.9999999974
6.249442700515633 2.1841550708962236 0.3815010306657485 1619999.9999999974
6.249442700515633 2.1841550708962236 0.3815010306657485 1619999.9999999974
6.249442700515633 2.1841550708962236 0.3815010306657485 1619999.9999999974
6.249442700515633 2.1841550708962236 0.3815010306657485 1619999.9999999974
6.249442700515633 2.1841550708962236 0.3815010306657485 1619999.9999999974
6.249442700515633 2.1841550708962236 0.3815010306657485 1619999.9999999974
6.249442700515633 2.1841550708962236 0.3815010306657485 1619999.9999999974
6.249442700515633 2.1841550708962236 0.3815010306657485 1619999.9999999974
6.249442700515633 2.1841550708962236 0.3815010306657485 1619999.9999999974
6.249442700515633 2.1841550708962236 0.3815010306657485 1619999.9999999974
6.249442700515633 2.1841550708962236 0.3815010306657485 1619999.9999999974
6.249442700515633 2.1841550708962236 0.3815010306657485 1619999.9999999974
6.249442700515633 2.1841550708962236 0.3815010306657485 1619999.9999999974
6.249442700515633 2.1841550708962236 0.3815010306657485 1619999.9999999974
6.249442700515633 2.1841550708962236 0.3815010306657485 1619999.9999999974
6.249442700515633 2.1841550708962236 0.3815010306657485 1619999.9999999974
6.249442700515633 2.1841550708962236 0.3815010306657485 1619999.9999999974
6.249442700515633 2.1841550708962236 0.3815010306657485 1619999.9999999974
6.249442700515633 2.1841550708962236 0.3815010306657485 1619999.9999999974
6.249442700515633 2.1841550708962236 0.3815010306657485 1619999.9999999974
6.249442700515633 2.1841550708962236 0.3815010306657485 1619999.9999999974
6.249442700515633 2.1841550708962236 0.3815010306657485 1619999.9999999974
6.249442700515633 2.1841550708962236 0.3815010306657485 1619999.9999999974
6.249442700515633 2.1841550708962236 0.3815010306657485 1619999.9999999974
6.249442700515633 2.1841550708962236 0.3815010306657485 1619999.9999999974
6.309374008560514 2.2305456325959794 0.40711653575955375 0.0 2,1,1 coil/filament1/filament2
6.103291688575733 2.691465603770019 0.14297426415101971 1619999.9999999134
6.036607891986105 2.6524225940833834 0.12226400903423415 1619999.9999999134
6.036607891986105 2.6524225940833834 0.12226400903423415 1619999.9999999134
6.036607891986105 2.6524225940833834 0.12226400903423415 1619999.9999999134
6.036607891986105 2.6524225940833834 0.12226400903423415 1619999.9999999134
6.036607891986105 2.6524225940833834 0.12226400903423415 1619999.9999999134
6.036607891986105 2.6524225940833834 0.12226400903423415 1619999.9999999134
6.036607891986105 2.6524225940833834 0.12226400903423415 1619999.9999999134
6.036607891986105 2.6524225940833834 0.12226400903423415 1619999.9999999134
6.036607891986105 2.6524225940833834 0.12226400903423415 1619999.9999999134
6.036607891986105 2.6524225940833834 0.12226400903423415 1619999.9999999134
6.036607891986105 2.6524225940833834 0.12226400903423415 1619999.9999999134
6.036607891986105 2.6524225940833834 0.12226400903423415 1619999.9999999134
6.036607891986105 2.6524225940833834 0.12226400903423415 1619999.9999999134
6.036607891986105 2.6524225940833834 0.12226400903423415 1619999.9999999134
6.036607891986105 2.6524225940833834 0.12226400903423415 1619999.9999999134
6.036607891986105 2.6524225940833834 0.12226400903423415 1619999.9999999134
6.036607891986105 2.6524225940833834 0.12226400903423415 1619999.9999999134
6.036607891986105 2.6524225940833834 0.12226400903423415 1619999.9999999134
6.036607891986105 2.6524225940833834 0.12226400903423415 1619999.9999999134
6.036607891986105 2.6524225940833834 0.12226400903423415 1619999.9999999134
6.036607891986105 2.6524225940833834 0.12226400903423415 1619999.9999999134
6.036607891986105 2.6524225940833834 0.12226400903423415 1619999.9999999134
6.036607891986105 2.6524225940833834 0.12226400903423415 1619999.9999999134
6.036607891986105 2.6524225940833834 0.12226400903423415 1619999.9999999134
6.036607891986105 2.6524225940833834 0.12226400903423415 1619999.9999999134
6.036607891986105 2.6524225940833834 0.12226400903423415 1619999.9999999134
6.036607891986105 2.6524225940833834 0.12226400903423415 1619999.9999999134
6.036607891986105 2.6524225940833834 0.12226400903423415 1619999.9999999134
6.036607891986105 2.6524225940833834 0.12226400903423415 1619999.9999999134
6.036607891986105 2.6524225940833834 0.12226400903423415 1619999.9999999134
6.036607891986105 2.6524225940833834 0.12226400903423415 1619999.9999999134
6.036607891986105 2.6524225940833834 0.12226400903423415 1619999.9999999134
6.036607891986105 2.6524225940833834 0.12226400903423415 1619999.9999999134
6.036607891986105 2.6524225940833834 0.12226400903423415 1619999.9999999134
6.036607891986105 2.6524225940833834 0.12226400903423415 1619999.9999999134
6.036607891986105 2.6524225940833834 0.12226400903423415 1619999.9999999134
6.036607891986105 2.6524225940833834 0.12226400903423415 1619999.9999999134
6.036607891986105 2.6524225940833834 0.12226400903423415 1619999.9999999134
6.036607891986105 2.6524225940833834 0.12226400903423415 1619999.9999999134
6.036607891986105 2.6524225940833834 0.12226400903423415 1619999.9999999134
6.036607891986105 2.6524225940833834 0.12226400903423415 1619999.9999999134
6.036607891986105 2.6524225940833834 0.12226400903423415 1619999.9999999134
6.036607891986105 2.6524225940833834 0.12226400903423415 1619999.9999999134
6.036607891986105 2.6524225940833834 0.12226400903423415 1619999.9999999134
6.036607891986105 2.6524225940833834 0.12226400903423415 1619999.9999999134
6.036607891986105 2.6524225940833834 0.12226400903423415 1619999.9999999134
6.036607891986105 2.6524225940833834 0.12226400903423415 1619999.9999999134
6.036607891986105 2.6524225940833834 0.12226400903423415 1619999.9999999134
6.036607891986105 2.6524225940833834 0.12226400903423415 1619999.9999999134
6.036607891986105 2.6524225940833834 0.12226400903423415 1619999.9999999134
6.036607891986105 2.6524225940833834 0.12226400903423415 1619999.9999999134
6.036607891986105 2.6524225940833834 0.12226400903423415 1619999.9999999134
6.036607891986105 2.6524225940833834 0.12226400903423415 1619999.9999999134
6.036607891986105 2.6524225940833834 0.12226400903423415 1619999.9999999134
6.036607891986105 2.6524225940833834 0.12226400903423415 1619999.9999999134
6.036607891986105 2.6524225940833834 0.12226400903423415 1619999.9999999134
6.036607891986105 2.6524225940833834 0.12226400903423415 1619999.9999999134
6.036607891986105 2.6524225940833834 0.12226400903423415 1619999.9999999134
6.036607891986105 2.6524225940833834 0.12226400903423415 1619999.9999999134
6.036607891986105 2.6524225940833834 0.12226400903423415 1619999.9999999134
6.036607891986105 2.6524225940833834 0.12226400903423415 1619999.9999999134
6.036607891986105 2.6524225940833834 0.12226400903423415 1619999.9999999134
6.036607891986105 2.6524225940833834 0.12226400903423415 1619999.9999999134
6.103291688575733 2.691465603770019 0.14297426415101971 0.0 3,0,0 coil/filament1/filament2
6.011078375166793 2.743442110563234 0.3042196971087876 1619999.9999999134
5.948498041299026 2.700517438140953 0.2788982771162469 1619999.9999999134
5.948498041299026 2.700517438140953 0.2788982771162469 1619999.9999999134
5.948498041299026 2.700517438140953 0.2788982771162469 1619999.9999999134
5.948498041299026 2.700517438140953 0.2788982771162469 1619999.9999999134
5.948498041299026 2.700517438140953 0.2788982771162469 1619999.9999999134
5.948498041299026 2.700517438140953 0.2788982771162469 1619999.9999999134
5.948498041299026 2.700517438140953 0.2788982771162469 1619999.9999999134
5.948498041299026 2.700517438140953 0.2788982771162469 1619999.9999999134
5.948498041299026 2.700517438140953 0.2788982771162469 1619999.9999999134
5.948498041299026 2.700517438140953 0.2788982771162469 1619999.9999999134
5.948498041299026 2.700517438140953 0.2788982771162469 1619999.9999999134
5.948498041299026 2.700517438140953 0.2788982771162469 1619999.9999999134
5.948498041299026 2.700517438140953 0.2788982771162469 1619999.9999999134
5.948498041299026 2.700517438140953 0.2788982771162469 1619999.9999999134
5.948498041299026 2.700517438140953 0.2788982771162469 1619999.9999999134
5.948498041299026 2.700517438140953 0.2788982771162469 1619999.9999999134
5.948498041299026 2.700517438140953 0.2788982771162469 1619999.9999999134
5.948498041299026 2.700517438140953 0.2788982771162469 1619999.9999999134
5.948498041299026 2.700517438140953 0.2788982771162469 1619999.9999999134
5.948498041299026 2.700517438140953 0.2788982771162469 1619999.9999999134
5.948498041299026 2.700517438140953 0.2788982771162469 1619999.9999999134
5.948498041299026 2.700517438140953 0.2788982771162469 1619999.9999999134
5.948498041299026 2.700517438140953 0.2788982771162469 1619999.9999999134
5.948498041299026 2.700517438140953 0.2788982771162469 1619999.9999999134
5.948498041299026 2.700517438140953 0.2788982771162469 1619999.9999999134
5.948498041299026 2.700517438140953 0.2788982771162469 1619999.9999999134
5.948498041299026 2.700517438140953 0.2788982771162469 1619999.9999999134
5.948498041299026 2.700517438140953 0.2788982771162469 1619999.9999999134
5.948498041299026 2.700517438140953 0.2788982771162469 1619999.9999999134
5.948498041299026 2.700517438140953 0.2788982771162469 1619999.9999999134
5.948498041299026 2.700517438140953 0.2788982771162469 1619999.9999999134
5.948498041299026 2.700517438140953 0.2788982771162469 1619999.9999999134
5.948498041299026 2.700517438140953 0.2788982771162469 1619999.9999999134
5.948498041299026 2.700517438140953 0.2788982771162469 1619999.9999999134
5.948498041299026 2.700517438140953 0.2788982771162469 1619999.9999999134
5.948498041299026 2.700517438140953 0.2788982771162469 1619999.9999999134
5.948498041299026 2.700517438140953 0.2788982771162469 1619999.9999999134
5.948498041299026 2.700517438140953 0.2788982771162469 1619999.9999999134
5.948498041299026 2.700517438140953 0.2788982771162469 1619999.9999999134
5.948498041299026 2.700517438140953 0.2788982771162469 1619999.9999999134
5.948498041299026 2.700517438140953 0.2788982771162469 1619999.9999999134
5.948498041299026 2.700517438140953 0.2788982771162469 1619999.9999999134
5.948498041299026 2.700517438140953 0.2788982771162469 1619999.9999999134
5.948498041299026 2.700517438140953 0.2788982771162469 1619999.9999999134
5.948498041299026 2.700517438140953 0.2788982771162469 1619999.9999999134
5.948498041299026 2.700517438140953 0.2788982771162469 1619999.9999999134
5.948498041299026 2.700517438140953 0.2788982771162469 1619999.9999999134
5.948498041299026 2.700517438140953 0.2788982771162469 1619999.9999999134
5.948498041299026 2.700517438140953 0.2788982771162469 1619999.9999999134
5.948498041299026 2.700517438140953 0.2788982771162469 1619999.9999999134
5.948498041299026 2.700517438140953 0.2788982771162469 1619999.9999999134
5.948498041299026 2.700517438140953 0.2788982771162469 1619999.9999999134
5.948498041299026 2.700517438140953 0.2788982771162469 1619999.9999999134
5.948498041299026 2.700517438140953 0.2788982771162469 1619999.9999999134
5.948498041299026 2.700517438140953 0.2788982771162469 1619999.9999999134
5.948498041299026 2.700517438140953 0.2788982771162469 1619999.9999999134
5.948498041299026 2.700517438140953 0.2788982771162469 1619999.9999999134
5.948498041299026 2.700517438140953 0.2788982771162469 1619999.9999999134
5.948498041299026 2.700517438140953 0.2788982771162469 1619999.9999999134
5.948498041299026 2.700517438140953 0.2788982771162469 1619999.9999999134
5.948498041299026 2.700517438140953 0.2788982771162469 1619999.9999999134
5.948498041299026 2.700517438140953 0.2788982771162469 1619999.9999999134
5.948498041299026 2.700517438140953 0.2788982771162469 1619999.9999999134
6.011078375166793 2.743442110563234 0.3042196971087876 0.0 3,0,1 coil/filament1/filament2
6.1321388658839435 2.6246136533456146 0.17612026067852912 1619999.9999999134
6.065455069294315 2.585570643658979 0.15541000556174356 1619999.9999999134
6.065455069294315 2.585570643658979 0.15541000556174356 1619999.9999999134
6.065455069294315 2.585570643658979 0.15541000556174356 1619999.9999999134
6.065455069294315 2.585570643658979 0.15541000556174356 1619999.9999999134
6.065455069294315 2.585570643658979 0.15541000556174356 1619999.9999999134
6.065455069294315 2.585570643658979 0.15541000556174356 1619999.9999999134
6.065455069294315 2.585570643658979 0.15541000556174356 1619999.9999999134
6.065455069294315 2.585570643658979 0.15541000556174356 1619999.9999999134
6.065455069294315 2.585570643658979 0.15541000556174356 1619999.9999999134
6.065455069294315 2.585570643658979 0.15541000556174356 1619999.9999999134
6.065455069294315 2.585570643658979 0.15541000556174356 1619999.9999999134
6.065455069294315 2.585570643658979 0.15541000556174356 1619999.9999999134
6.065455069294315 2.585570643658979 0.15541000556174356 1619999.9999999134
6.065455069294315 2.585570643658979 0.15541000556174356 1619999.9999999134
6.065455069294315 2.585570643658979 0.15541000556174356 1619999.9999999134
6.065455069294315 2.585570643658979 0.15541000556174356 1619999.9999999134
6.065455069294315 2.585570643658979 0.15541000556174356 1619999.9999999134
6.065455069294315 2.585570643658979 0.15541000556174356 1619999.9999999134
6.065455069294315 2.585570643658979 0.15541000556174356 1619999.9999999134
6.065455069294315 2.585570643658979 0.15541000556174356 1619999.9999999134
6.065455069294315 2.585570643658979 0.15541000556174356 1619999.9999999134
6.065455069294315 2.585570643658979 0.15541000556174356 1619999.9999999134
6.065455069294315 2.585570643658979 0.15541000556174356 1619999.9999999134
6.065455069294315 2.585570643658979 0.15541000556174356 1619999.9999999134
6.065455069294315 2.585570643658979 0.15541000556174356 1619999.9999999134
6.065455069294315 2.585570643658979 0.15541000556174356 1619999.9999999134
6.065455069294315 2.585570643658979 0.15541000556174356 1619999.9999999134
6.065455069294315 2.585570643658979 0.15541000556174356 1619999.9999999134
6.065455069294315 2.585570643658979 0.15541000556174356 1619999.9999999134
6.065455069294315 2.585570643658979 0.15541000556174356 1619999.9999999134
6.065455069294315 2.585570643658979 0.15541000556174356 1619999.9999999134
6.065455069294315 2.585570643658979 0.15541000556174356 1619999.9999999134
6.065455069294315 2.585570643658979 0.15541000556174356 1619999.9999999134
6.065455069294315 2.585570643658979 0.15541000556174356 1619999.9999999134
6.065455069294315 2.585570643658979 0.15541000556174356 1619999.9999999134
6.065455069294315 2.585570643658979 0.15541000556174356 1619999.9999999134
6.065455069294315 2.585570643658979 0.15541000556174356 1619999.9999999134
6.065455069294315 2.585570643658979 0.15541000556174356 1619999.9999999134
6.065455069294315 2.585570643658979 0.15541000556174356 1619999.9999999134
6.065455069294315 2.585570643658979 0.15541000556174356 1619999.9999999134
6.065455069294315 2.585570643658979 0.15541000556174356 1619999.9999999134
6.065455069294315 2.585570643658979 0.15541000556174356 1619999.9999999134
6.065455069294315 2.585570643658979 0.15541000556174356 1619999.9999999134
6.065455069294315 2.585570643658979 0.15541000556174356 1619999.9999999134
6.065455069294315 2.585570643658979 0.15541000556174356 1619999.9999999134
6.065455069294315 2.585570643658979 0.15541000556174356 1619999.9999999134
6.065455069294315 2.585570643658979 0.15541000556174356 1619999.9999999134
6.065455069294315 2.585570643658979 0.15541000556174356 1619999.9999999134
6.065455069294315 2.585570643658979 0.15541000556174356 1619999.9999999134
6.065455069294315 2.585570643658979 0.15541000556174356 1619999.9999999134
6.065455069294315 2.585570643658979 0.15541000556174356 1619999.9999999134
6.065455069294315 2.585570643658979 0.15541000556174356 1619999.9999999134
6.065455069294315 2.585570643658979 0.15541000556174356 1619999.9999999134
6.065455069294315 2.585570643658979 0.15541000556174356 1619999.9999999134
6.065455069294315 2.585570643658979 0.15541000556174356 1619999.9999999134
6.065455069294315 2.585570643658979 0.15541000556174356 1619999.9999999134
6.065455069294315 2.585570643658979 0.15541000556174356 1619999.9999999134
6.065455069294315 2.585570643658979 0.15541000556174356 1619999.9999999134
6.065455069294315 2.585570643658979 0.15541000556174356 1619999.9999999134
6.065455069294315 2.585570643658979 0.15541000556174356 1619999.9999999134
6.065455069294315 2.585570643658979 0.15541000556174356 1619999.9999999134
6.065455069294315 2.585570643658979 0.15541000556174356 1619999.9999999134
6.065455069294315 2.585570643658979 0.15541000556174356 1619999.9999999134
6.1321388658839435 2.6246136533456146 0.17612026067852912 0.0 3,1,0 coil/filament1/filament2
6.03885466616875 2.6796523419506513 0.34370821542142743 1619999.9999999134
5.976274332300983 2.63672766952837 0.3183867954288867 1619999.9999999134
5.976274332300983 2.63672766952837 0.3183867954288867 1619999.9999999134
5.976274332300983 2.63672766952837 0.3183867954288867 1619999.9999999134
5.976274332300983 2.63672766952837 0.3183867954288867 1619999.9999999134
5.976274332300983 2.63672766952837 0.3183867954288867 1619999.9999999134
5.976274332300983 2.63672766952837 0.3183867954288867 1619999.9999999134
5.976274332300983 2.63672766952837 0.3183867954288867 1619999.9999999134
5.976274332300983 2.63672766952837 0.3183867954288867 1619999.9999999134
5.976274332300983 2.63672766952837 0.3183867954288867 1619999.9999999134
5.976274332300983 2.63672766952837 0.3183867954288867 1619999.9999999134
5.976274332300983 2.63672766952837 0.3183867954288867 1619999.9999999134
5.976274332300983 2.63672766952837 0.3183867954288867 1619999.9999999134
5.976274332300983 2.63672766952837 0.3183867954288867 1619999.9999999134
5.976274332300983 2.63672766952837 0.3183867954288867 1619999.9999999134
5.976274332300983 2.63672766952837 0.3183867954288867 1619999.9999999134
5.976274332300983 2.63672766952837 0.3183867954288867 1619999.9999999134
5.976274332300983 2.63672766952837 0.3183867954288867 1619999.9999999134
5.976274332300983 2.63672766952837 0.3183867954288867 1619999.9999999134
5.976274332300983 2.63672766952837 0.3183867954288867 1619999.9999999134
5.976274332300983 2.63672766952837 0.3183867954288867 1619999.9999999134
5.976274332300983 2.63672766952837 0.3183867954288867 1619999.9999999134
5.976274332300983 2.63672766952837 0.3183867954288867 1619999.9999999134
5.976274332300983 2.63672766952837 0.3183867954288867 1619999.9999999134
5.976274332300983 2.63672766952837 0.3183867954288867 1619999.9999999134
5.976274332300983 2.63672766952837 0.3183867954288867 1619999.9999999134
5.976274332300983 2.63672766952837 0.3183867954288867 1619999.9999999134
5.976274332300983 2.63672766952837 0.3183867954288867 1619999.9999999134
5.976274332300983 2.63672766952837 0.3183867954288867 1619999.9999999134
5.976274332300983 2.63672766952837 0.3183867954288867 1619999.9999999134
5.976274332300983 2.63672766952837 0.3183867954288867 1619999.9999999134
5.976274332300983 2.63672766952837 0.3183867954288867 1619999.9999999134
5.976274332300983 2.63672766952837 0.3183867954288867 1619999.9999999134
5.976274332300983 2.63672766952837 0.3183867954288867 1619999.9999999134
5.976274332300983 2.63672766952837 0.3183867954288867 1619999.9999999134
5.976274332300983 2.63672766952837 0.3183867954288867 1619999.9999999134
5.976274332300983 2.63672766952837 0.3183867954288867 1619999.9999999134
5.976274332300983 2.63672766952837 0.3183867954288867 1619999.9999999134
5.976274332300983 2.63672766952837 0.3183867954288867 1619999.9999999134
5.976274332300983 2.63672766952837 0.3183867954288867 1619999.9999999134
5.976274332300983 2.63672766952837 0.3183867954288867 1619999.9999999134
5.976274332300983 2.63672766952837 0.3183867954288867 1619999.9999999134
5.976274332300983 2.63672766952837 0.3183867954288867 1619999.9999999134
5.976274332300983 2.63672766952837 0.3183867954288867 1619999.9999999134
5.976274332300983 2.63672766952837 0.3183867954288867 1619999.9999999134
5.976274332300983 2.63672766952837 0.3183867954288867 1619999.9999999134
5.976274332300983 2.63672766952837 0.3183867954288867 1619999.9999999134
5.976274332300983 2.63672766952837 0.3183867954288867 1619999.9999999134
5.976274332300983 2.63672766952837 0.3183867954288867 1619999.9999999134
5.976274332300983 2.63672766952837 0.3183867954288867 1619999.9999999134
5.976274332300983 2.63672766952837 0.3183867954288867 1619999.9999999134
5.976274332300983 2.63672766952837 0.3183867954288867 1619999.9999999134
5.976274332300983 2.63672766952837 0.3183867954288867 1619999.9999999134
5.976274332300983 2.63672766952837 0.3183867954288867 1619999.9999999134
5.976274332300983 2.63672766952837 0.3183867954288867 1619999.9999999134
5.976274332300983 2.63672766952837 0.3183867954288867 1619999.9999999134
5.976274332300983 2.63672766952837 0.3183867954288867 1619999.9999999134
5.976274332300983 2.63672766952837 0.3183867954288867 1619999.9999999134
5.976274332300983 2.63672766952837 0.3183867954288867 1619999.9999999134
5.976274332300983 2.63672766952837 0.3183867954288867 1619999.9999999134
5.976274332300983 2.63672766952837 0.3183867954288867 1619999.9999999134
5.976274332300983 2.63672766952837 0.3183867954288867 1619999.9999999134
5.976274332300983 2.63672766952837 0.3183867954288867 1619999.9999999134
5.976274332300983 2.63672766952837 0.3183867954288867 1619999.9999999134
6.03885466616875 2.6796523419506513 0.34370821542142743 0.0 3,1,1 coil/filament1/filament2
5.768241709004862 3.3740212507356895 0.0032503395316128766 1619999.999999856
5.693378523309527 3.34599495611002 0.006417394488675905 1619999.999999856
5.693378523309527 3.34599495611002 0.006417394488675905 1619999.999999856
5.693378523309527 3.34599495611002 0.006417394488675905 1619999.999999856
5.693378523309527 3.34599495611002 0.006417394488675905 1619999.999999856
5.693378523309527 3.34599495611002 0.006417394488675905 1619999.999999856
5.693378523309527 3.34599495611002 0.006417394488675905 1619999.999999856
5.693378523309527 3.34599495611002 0.006417394488675905 1619999.999999856
5.693378523309527 3.34599495611002 0.006417394488675905 1619999.999999856
5.693378523309527 3.34599495611002 0.006417394488675905 1619999.999999856
5.693378523309527 3.34599495611002 0.006417394488675905 1619999.999999856
5.693378523309527 3.34599495611002 0.006417394488675905 1619999.999999856
5.693378523309527 3.34599495611002 0.006417394488675905 1619999.999999856
5.693378523309527 3.34599495611002 0.006417394488675905 1619999.999999856
5.693378523309527 3.34599495611002 0.006417394488675905 1619999.999999856
5.693378523309527 3.34599495611002 0.006417394488675905 1619999.999999856
5.693378523309527 3.34599495611002 0.006417394488675905 1619999.999999856
5.693378523309527 3.34599495611002 0.006417394488675905 1619999.999999856
5.693378523309527 3.34599495611002 0.006417394488675905 1619999.999999856
5.693378523309527 3.34599495611002 0.006417394488675905 1619999.999999856
5.693378523309527 3.34599495611002 0.006417394488675905 1619999.999999856
5.693378523309527 3.34599495611002 0.006417394488675905 1619999.999999856
5.693378523309527 3.34599495611002 0.006417394488675905 1619999.999999856
5.693378523309527 3.34599495611002 0.006417394488675905 1619999.999999856
5.693378523309527 3.34599495611002 0.006417394488675905 1619999.999999856
5.693378523309527 3.34599495611002 0.006417394488675905 1619999.999999856
5.693378523309527 3.34599495611002 0.006417394488675905 1619999.999999856
5.693378523309527 3.34599495611002 0.006417394488675905 1619999.999999856
5.693378523309527 3.34599495611002 0.006417394488675905 1619999.999999856
5.693378523309527 3.34599495611002 0.006417394488675905 1619999.999999856
5.693378523309527 3.34599495611002 0.006417394488675905 1619999.999999856
5.693378523309527 3.34599495611002 0.006417394488675905 1619999.999999856
5.693378523309527 3.34599495611002 0.006417394488675905 1619999.999999856
5.693378523309527 3.34599495611002 0.006417394488675905 1619999.999999856
5.693378523309527 3.34599495611002 0.006417394488675905 1619999.999999856
5.693378523309527 3.34599495611002 0.006417394488675905 1619999.999999856
5.693378523309527 3.34599495611002 0.006417394488675905 1619999.999999856
5.693378523309527 3.34599495611002 0.006417394488675905 1619999.999999856
5.693378523309527 3.34599495611002 0.006417394488675905 1619999.999999856
5.693378523309527 3.34599495611002 0.006417394488675905 1619999.999999856
5.693378523309527 3.34599495611002 0.006417394488675905 1619999.999999856
5.693378523309527 3.34599495611002 0.006417394488675905 1619999.999999856
5.693378523309527 3.34599495611002 0.006417394488675905 1619999.999999856
5.693378523309527 3.34599495611002 0.006417394488675905 1619999.999999856
5.693378523309527 3.34599495611002 0.006417394488675905 1619999.999999856
5.693378523309527 3.34599495611002 0.006417394488675905 1619999.999999856
5.693378523309527 3.34599495611002 0.006417394488675905 1619999.999999856
5.693378523309527 3.34599495611002 0.006417394488675905 1619999.999999856
5.693378523309527 3.34599495611002 0.006417394488675905 1619999.999999856
5.693378523309527 3.34599495611002 0.006417394488675905 1619999.999999856
5.693378523309527 3.34599495611002 0.006417394488675905 1619999.999999856
5.693378523309527 3.34599495611002 0.006417394488675905 1619999.999999856
5.693378523309527 3.34599495611002 0.006417394488675905 1619999.999999856
5.693378523309527 3.34599495611002 0.006417394488675905 1619999.999999856
5.693378523309527 3.34599495611002 0.006417394488675905 1619999.999999856
5.693378523309527 3.34599495611002 0.006417394488675905 1619999.999999856
5.693378523309527 3.34599495611002 0.006417394488675905 1619999.999999856
5.693378523309527 3.34599495611002 0.006417394488675905 1619999.999999856
5.693378523309527 3.34599495611002 0.006417394488675905 1619999.999999856
5.693378523309527 3.34599495611002 0.006417394488675905 1619999.999999856
5.693378523309527 3.34599495611002 0.006417394488675905 1619999.999999856
5.693378523309527 3.34599495611002 0.006417394488675905 1619999.999999856
5.693378523309527 3.34599495611002 0.006417394488675905 1619999.999999856
5.693378523309527 3.34599495611002 0.006417394488675905 1619999.999999856
5.768241709004862 3.3740212507356895 0.0032503395316128766 0.0 4,0,0 coil/filament1/filament2
5.786368196554234 3.2793883676919102 0.13207880420020673 1619999.999999856
5.709785012680322 3.2613842149542034 0.11755756348420619 1619999.999999856
5.709785012680322 3.2613842149542034 0.11755756348420619 1619999.999999856
5.709785012680322 3.2613842149542034 0.11755756348420619 1619999.999999856
5.709785012680322 3.2613842149542034 0.11755756348420619 1619999.999999856
5.709785012680322 3.2613842149542034 0.11755756348420619 1619999.999999856
5.709785012680322 3.2613842149542034 0.11755756348420619 1619999.999999856
5.709785012680322 3.2613842149542034 0.11755756348420619 1619999.999999856
5.709785012680322 3.2613842149542034 0.11755756348420619 1619999.999999856
5.709785012680322 3.2613842149542034 0.11755756348420619 1619999.999999856
5.709785012680322 3.2613842149542034 0.11755756348420619 1619999.999999856
5.709785012680322 3.2613842149542034 0.11755756348420619 1619999.999999856
5.709785012680322 3.2613842149542034 0.11755756348420619 1619999.999999856
5.709785012680322 3.2613842149542034 0.11755756348420619 1619999.999999856
5.709785012680322 3.2613842149542034 0.11755756348420619 1619999.999999856
5.709785012680322 3.2613842149542034 0.11755756348420619 1619999.999999856
5.709785012680322 3.2613842149542034 0.11755756348420619 1619999.999999856
5.709785012680322 3.2613842149542034 0.11755756348420619 1619999.999999856
5.709785012680322 3.2613842149542034 0.11755756348420619 1619999.999999856
5.709785012680322 3.2613842149542034 0.11755756348420619 1619999.999999856
5.709785012680322 3.2613842149542034 0.11755756348420619 1619999.999999856
5.709785012680322 3.2613842149542034 0.11755756348420619 1619999.999999856
5.709785012680322 3.2613842149542034 0.11755756348420619 1619999.999999856
5.709785012680322 3.2613842149542034 0.11755756348420619 1619999.999999856
5.709785012680322 3.2613842149542034 0.11755756348420619 1619999.999999856
5.709785012680322 3.2613842149542034 0.11755756348420619 1619999.999999856
5.709785012680322 3.2613842149542034 0.11755756348420619 1619999.999999856
5.709785012680322 3.2613842149542034 0.11755756348420619 1619999.999999856
5.709785012680322 3.2613842149542034 0.11755756348420619 1619999.999999856
5.709785012680322 3.2613842149542034 0.11755756348420619 1619999.999999856
5.709785012680322 3.2613842149542034 0.11755756348420619 1619999.999999856
5.709785012680322 3.2613842149542034 0.11755756348420619 1619999.999999856
5.709785012680322 3.2613842149542034 0.11755756348420619 1619999.999999856
5.709785012680322 3.2613842149542034 0.11755756348420619 1619999.999999856
5.709785012680322 3.2613842149542034 0.11755756348420619 1619999.999999856
5.709785012680322 3.2613842149542034 0.11755756348420619 1619999.999999856
5.709785012680322 3.2613842149542034 0.11755756348420619 1619999.999999856
5.709785012680322 3.2613842149542034 0.11755756348420619 1619999.999999856
5.709785012680322 3.2613842149542034 0.11755756348420619 1619999.999999856
5.709785012680322 3.2613842149542034 0.11755756348420619 1619999.999999856
5.709785012680322 3.2613842149542034 0.11755756348420619 1619999.999999856
5.709785012680322 3.2613842149542034 0.11755756348420619 1619999.999999856
5.709785012680322 3.2613842149542034 0.11755756348420619 1619999.999999856
5.709785012680322 3.2613842149542034 0.11755756348420619 1619999.999999856
5.709785012680322 3.2613842149542034 0.11755756348420619 1619999.999999856
5.709785012680322 3.2613842149542034 0.11755756348420619 1619999.999999856
5.709785012680322 3.2613842149542034 0.11755756348420619 1619999.999999856
5.709785012680322 3.2613842149542034 0.11755756348420619 1619999.999999856
5.709785012680322 3.2613842149542034 0.11755756348420619 1619999.999999856
5.709785012680322 3.2613842149542034 0.11755756348420619 1619999.999999856
5.709785012680322 3.2613842149542034 0.11755756348420619 1619999.999999856
5.709785012680322 3.2613842149542034 0.11755756348420619 1619999.999999856
5.709785012680322 3.2613842149542034 0.11755756348420619 1619999.999999856
5.709785012680322 3.2613842149542034 0.11755756348420619 1619999.999999856
5.709785012680322 3.2613842149542034 0.11755756348420619 1619999.999999856
5.709785012680322 3.2613842149542034 0.11755756348420619 1619999.999999856
5.709785012680322 3.2613842149542034 0.11755756348420619 1619999.999999856
5.709785012680322 3.2613842149542034 0.11755756348420619 1619999.999999856
5.709785012680322 3.2613842149542034 0.11755756348420619 1619999.999999856
5.709785012680322 3.2613842149542034 0.11755756348420619 1619999.999999856
5.709785012680322 3.2613842149542034 0.11755756348420619 1619999.999999856
5.709785012680322 3.2613842149542034 0.11755756348420619 1619999.999999856
5.709785012680322 3.2613842149542034 0.11755756348420619 1619999.999999856
5.709785012680322 3.2613842149542034 0.11755756348420619 1619999.999999856
5.786368196554234 3.2793883676919102 0.13207880420020673 0.0 4,0,1 coil/filament1/filament2
5.78683916978633 3.3182169140646365 -0.05097152378186524 1619999.999999856
5.711975984090996 3.290190619438967 -0.04780446882480221 1619999.999999856
5.711975984090996 3.290190619438967 -0.04780446882480221 1619999.999999856
5.711975984090996 3.290190619438967 -0.04780446882480221 1619999.999999856
5.711975984090996 3.290190619438967 -0.04780446882480221 1619999.999999856
5.711975984090996 3.290190619438967 -0.04780446882480221 1619999.999999856
5.711975984090996 3.290190619438967 -0.04780446882480221 1619999.999999856
5.711975984090996 3.290190619438967 -0.04780446882480221 1619999.999999856
5.711975984090996 3.290190619438967 -0.04780446882480221 1619999.999999856
5.711975984090996 3.290190619438967 -0.04780446882480221 1619999.999999856
5.711975984090996 3.290190619438967 -0.04780446882480221 1619999.999999856
5.711975984090996 3.290190619438967 -0.04780446882480221 1619999.999999856
5.711975984090996 3.290190619438967 -0.04780446882480221 1619999.999999856
5.711975984090996 3.290190619438967 -0.04780446882480221 1619999.999999856
5.711975984090996 3.290190619438967 -0.04780446882480221 1619999.999999856
5.711975984090996 3.290190619438967 -0.04780446882480221 1619999.999999856
5.711975984090996 3.290190619438967 -0.04780446882480221 1619999.999999856
5.711975984090996 3.290190619438967 -0.04780446882480221 1619999.999999856
5.711975984090996 3.290190619438967 -0.04780446882480221 1619999.999999856
5.711975984090996 3.290190619438967 -0.04780446882480221 1619999.999999856
5.711975984090996 3.290190619438967 -0.04780446882480221 1619999.999999856
5.711975984090996 3.290190619438967 -0.04780446882480221 1619999.999999856
5.711975984090996 3.290190619438967 -0.04780446882480221 1619999.999999856
5.711975984090996 3.290190619438967 -0.04780446882480221 1619999.999999856
5.711975984090996 3.290190619438967 -0.04780446882480221 1619999.999999856
5.711975984090996 3.290190619438967 -0.04780446882480221 1619999.999999856
5.711975984090996 3.290190619438967 -0.04780446882480221 1619999.999999856
5.711975984090996 3.290190619438967 -0.04780446882480221 1619999.999999856
5.711975984090996 3.290190619438967 -0.04780446882480221 1619999.999999856
5.711975984090996 3.290190619438967 -0.04780446882480221 1619999.999999856
5.711975984090996 3.290190619438967 -0.04780446882480221 1619999.999999856
5.711975984090996 3.290190619438967 -0.04780446882480221 1619999.999999856
5.711975984090996 3.290190619438967 -0.04780446882480221 1619999.999999856
5.711975984090996 3.290190619438967 -0.04780446882480221 1619999.999999856
5.711975984090996 3.290190619438967 -0.04780446882480221 1619999.999999856
5.711975984090996 3.290190619438967 -0.04780446882480221 1619999.999999856
5.711975984090996 3.290190619438967 -0.04780446882480221 1619999.999999856
5.711975984090996 3.290190619438967 -0.04780446882480221 1619999.999999856
5.711975984090996 3.290190619438967 -0.04780446882480221 1619999.999999856
5.711975984090996 3.290190619438967 -0.04780446882480221 1619999.999999856
5.711975984090996 3.290190619438967 -0.04780446882480221 1619999.999999856
5.711975984090996 3.290190619438967 -0.04780446882480221 1619999.999999856
5.711975984090996 3.290190619438967 -0.04780446882480221 1619999.999999856
5.711975984090996 3.290190619438967 -0.04780446882480221 1619999.999999856
5.711975984090996 3.290190619438967 -0.04780446882480221 1619999.999999856
5.711975984090996 3.290190619438967 -0.04780446882480221 1619999.999999856
5.711975984090996 3.290190619438967 -0.04780446882480221 1619999.999999856
5.711975984090996 3.290190619438967 -0.04780446882480221 1619999.999999856
5.711975984090996 3.290190619438967 -0.04780446882480221 1619999.999999856
5.711975984090996 3.290190619438967 -0.04780446882480221 1619999.999999856
5.711975984090996 3.290190619438967 -0.04780446882480221 1619999.999999856
5.711975984090996 3.290190619438967 -0.04780446882480221 1619999.999999856
5.711975984090996 3.290190619438967 -0.04780446882480221 1619999.999999856
5.711975984090996 3.290190619438967 -0.04780446882480221 1619999.999999856
5.711975984090996 3.290190619438967 -0.04780446882480221 1619999.999999856
5.711975984090996 3.290190619438967 -0.04780446882480221 1619999.999999856
5.711975984090996 3.290190619438967 -0.04780446882480221 1619999.999999856
5.711975984090996 3.290190619438967 -0.04780446882480221 1619999.999999856
5.711975984090996 3.290190619438967 -0.04780446882480221 1619999.999999856
5.711975984090996 3.290190619438967 -0.04780446882480221 1619999.999999856
5.711975984090996 3.290190619438967 -0.04780446882480221 1619999.999999856
5.711975984090996 3.290190619438967 -0.04780446882480221 1619999.999999856
5.711975984090996 3.290190619438967 -0.04780446882480221 1619999.999999856
5.711975984090996 3.290190619438967 -0.04780446882480221 1619999.999999856
5.78683916978633 3.3182169140646365 -0.05097152378186524 0.0 4,1,0 coil/filament1/filament2
5.809336311570976 3.2142569683608384 0.09170100691315643 1619999.999999856
5.732753127697064 3.1962528156231316 0.07717976619715587 1619999.999999856
5.732753127697064 3.1962528156231316 0.07717976619715587 1619999.999999856
5.732753127697064 3.1962528156231316 0.07717976619715587 1619999.999999856
5.732753127697064 3.1962528156231316 0.07717976619715587 1619999.999999856
5.732753127697064 3.1962528156231316 0.07717976619715587 1619999.999999856
5.732753127697064 3.1962528156231316 0.07717976619715587 1619999.999999856
5.732753127697064 3.1962528156231316 0.07717976619715587 1619999.999999856
5.732753127697064 3.1962528156231316 0.07717976619715587 1619999.999999856
5.732753127697064 3.1962528156231316 0.07717976619715587 1619999.999999856
5.732753127697064 3.1962528156231316 0.07717976619715587 1619999.999999856
5.732753127697064 3.1962528156231316 0.07717976619715587 1619999.999999856
5.732753127697064 3.1962528156231316 0.07717976619715587 1619999.999999856
5.732753127697064 3.1962528156231316 0.07717976619715587 1619999.999999856
5.732753127697064 3.1962528156231316 0.07717976619715587 1619999.999999856
5.732753127697064 3.1962528156231316 0.07717976619715587 1619999.999999856
5.732753127697064 3.1962528156231316 0.07717976619715587 1619999.999999856
5.732753127697064 3.1962528156231316 0.07717976619715587 1619999.999999856
5.732753127697064 3.1962528156231316 0.07717976619715587 1619999.999999856
5.732753127697064 3.1962528156231316 0.07717976619715587 1619999.999999856
5.732753127697064 3.1962528156231316 0.07717976619715587 1619999.999999856
5.732753127697064 3.1962528156231316 0.07717976619715587 1619999.999999856
5.732753127697064 3.1962528156231316 0.07717976619715587 1619999.999999856
5.732753127697064 3.1962528156231316 0.07717976619715587 1619999.999999856
5.732753127697064 3.1962528156231316 0.07717976619715587 1619999.999999856
5.732753127697064 3.1962528156231316 0.07717976619715587 1619999.999999856
5.732753127697064 3.1962528156231316 0.07717976619715587 1619999.999999856
5.732753127697064 3.1962528156231316 0.07717976619715587 1619999.999999856
5.732753127697064 3.1962528156231316 0.07717976619715587 1619999.999999856
5.732753127697064 3.1962528156231316 0.07717976619715587 1619999.999999856
5.732753127697064 3.1962528156231316 0.07717976619715587 1619999.999999856
5.732753127697064 3.1962528156231316 0.07717976619715587 1619999.999999856
5.732753127697064 3.1962528156231316 0.07717976619715587 1619999.999999856
5.732753127697064 3.1962528156231316 0.07717976619715587 1619999.999999856
5.732753127697064 3.1962528156231316 0.07717976619715587 1619999.999999856
5.732753127697064 3.1962528156231316 0.07717976619715587 1619999.999999856
5.732753127697064 3.1962528156231316 0.07717976619715587 1619999.999999856
5.732753127697064 3.1962528156231316 0.07717976619715587 1619999.999999856
5.732753127697064 3.1962528156231316 0.07717976619715587 1619999.999999856
5.732753127697064 3.1962528156231316 0.07717976619715587 1619999.999999856
5.732753127697064 3.1962528156231316 0.07717976619715587 1619999.999999856
5.732753127697064 3.1962528156231316 0.07717976619715587 1619999.999999856
5.732753127697064 3.1962528156231316 0.07717976619715587 1619999.999999856
5.732753127697064 3.1962528156231316 0.07717976619715587 1619999.999999856
5.732753127697064 3.1962528156231316 0.07717976619715587 1619999.999999856
5.732753127697064 3.1962528156231316 0.07717976619715587 1619999.999999856
5.732753127697064 3.1962528156231316 0.07717976619715587 1619999.999999856
5.732753127697064 3.1962528156231316 0.07717976619715587 1619999.999999856
5.732753127697064 3.1962528156231316 0.07717976619715587 1619999.999999856
5.732753127697064 3.1962528156231316 0.07717976619715587 1619999.999999856
5.732753127697064 3.1962528156231316 0.07717976619715587 1619999.999999856
5.732753127697064 3.1962528156231316 0.07717976619715587 1619999.999999856
5.732753127697064 3.1962528156231316 0.07717976619715587 1619999.999999856
5.732753127697064 3.1962528156231316 0.07717976619715587 1619999.999999856
5.732753127697064 3.1962528156231316 0.07717976619715587 1619999.999999856
5.732753127697064 3.1962528156231316 0.07717976619715587 1619999.999999856
5.732753127697064 3.1962528156231316 0.07717976619715587 1619999.999999856
5.732753127697064 3.1962528156231316 0.07717976619715587 1619999.999999856
5.732753127697064 3.1962528156231316 0.07717976619715587 1619999.999999856
5.732753127697064 3.1962528156231316 0.07717976619715587 1619999.999999856
5.732753127697064 3.1962528156231316 0.07717976619715587 1619999.999999856
5.732753127697064 3.1962528156231316 0.07717976619715587 1619999.999999856
5.732753127697064 3.1962528156231316 0.07717976619715587 1619999.999999856
5.732753127697064 3.1962528156231316 0.07717976619715587 1619999.999999856
5.809336311570976 3.2142569683608384 0.09170100691315643 0.0 4,1,1 coil/filament1/filament2
