periods 0
begin filament
FOCUSADD Coils
6.966783032452632 0.49119996484008055 0.08798857779189827 1520000.0
6.887031041811253 0.48490689334778364 0.0878572768774763 1520000.0
6.887031041811253 0.48490689334778364 0.0878572768774763 1520000.0
6.887031041811253 0.48490689334778364 0.0878572768774763 1520000.0
6.887031041811253 0.48490689334778364 0.0878572768774763 1520000.0
6.887031041811253 0.48490689334778364 0.0878572768774763 1520000.0
6.887031041811253 0.48490689334778364 0.0878572768774763 1520000.0
6.887031041811253 0.48490689334778364 0.0878572768774763 1520000.0
6.887031041811253 0.48490689334778364 0.0878572768774763 1520000.0
6.887031041811253 0.48490689334778364 0.0878572768774763 1520000.0
6.887031041811253 0.48490689334778364 0.0878572768774763 1520000.0
6.887031041811253 0.48490689334778364 0.0878572768774763 1520000.0
6.887031041811253 0.48490689334778364 0.0878572768774763 1520000.0
6.887031041811253 0.48490689334778364 0.0878572768774763 1520000.0
6.887031041811253 0.48490689334778364 0.0878572768774763 1520000.0
6.887031041811253 0.48490689334778364 0.0878572768774763 1520000.0
6.887031041811253 0.48490689334778364 0.0878572768774763 1520000.0
6.887031041811253 0.48490689334778364 0.0878572768774763 1520000.0
6.887031041811253 0.48490689334778364 0.0878572768774763 1520000.0
6.887031041811253 0.48490689334778364 0.0878572768774763 1520000.0
6.887031041811253 0.48490689334778364 0.0878572768774763 1520000.0
6.887031041811253 0.48490689334778364 0.0878572768774763 1520000.0
6.887031041811253 0.48490689334778364 0.0878572768774763 1520000.0
6.887031041811253 0.48490689334778364 0.0878572768774763 1520000.0
6.887031041811253 0.48490689334778364 0.0878572768774763 1520000.0
6.887031041811253 0.48490689334778364 0.0878572768774763 1520000.0
6.887031041811253 0.48490689334778364 0.0878572768774763 1520000.0
6.887031041811253 0.48490689334778364 0.0878572768774763 1520000.0
6.887031041811253 0.48490689334778364 0.0878572768774763 1520000.0
6.887031041811253 0.48490689334778364 0.0878572768774763 1520000.0
6.887031041811253 0.48490689334778364 0.0878572768774763 1520000.0
6.887031041811253 0.48490689334778364 0.0878572768774763 1520000.0
6.887031041811253 0.48490689334778364 0.0878572768774763 1520000.0
6.887031041811253 0.48490689334778364 0.0878572768774763 1520000.0
6.887031041811253 0.48490689334778364 0.0878572768774763 1520000.0
6.887031041811253 0.48490689334778364 0.0878572768774763 1520000.0
6.887031041811253 0.48490689334778364 0.0878572768774763 1520000.0
6.887031041811253 0.48490689334778364 0.0878572768774763 1520000.0
6.887031041811253 0.48490689334778364 0.0878572768774763 1520000.0
6.887031041811253 0.48490689334778364 0.0878572768774763 1520000.0
6.887031041811253 0.48490689334778364 0.0878572768774763 1520000.0
6.887031041811253 0.48490689334778364 0.0878572768774763 1520000.0
6.887031041811253 0.48490689334778364 0.0878572768774763 1520000.0
6.887031041811253 0.48490689334778364 0.0878572768774763 1520000.0
6.887031041811253 0.48490689334778364 0.0878572768774763 1520000.0
6.887031041811253 0.48490689334778364 0.0878572768774763 1520000.0
6.887031041811253 0.48490689334778364 0.0878572768774763 1520000.0
6.887031041811253 0.48490689334778364 0.0878572768774763 1520000.0
6.887031041811253 0.48490689334778364 0.0878572768774763 1520000.0
6.887031041811253 0.48490689334778364 0.0878572768774763 1520000.0
6.887031041811253 0.48490689334778364 0.0878572768774763 1520000.0
6.887031041811253 0.48490689334778364 0.0878572768774763 1520000.0
6.887031041811253 0.48490689334778364 0.0878572768774763 1520000.0
6.887031041811253 0.48490689334778364 0.0878572768774763 1520000.0
6.887031041811253 0.48490689334778364 0.0878572768774763 1520000.0
6.887031041811253 0.48490689334778364 0.0878572768774763 1520000.0
6.887031041811253 0.48490689334778364 0.0878572768774763 1520000.0
6.887031041811253 0.48490689334778364 0.0878572768774763 1520000.0
6.887031041811253 0.48490689334778364 0.0878572768774763 1520000.0
6.887031041811253 0.48490689334778364 0.0878572768774763 1520000.0
6.887031041811253 0.48490689334778364 0.0878572768774763 1520000.0
6.887031041811253 0.48490689334778364 0.0878572768774763 1520000.0
6.887031041811253 0.48490689334778364 0.0878572768774763 1520000.0
6.887031041811253 0.48490689334778364 0.0878572768774763 1520000.0
6.966783032452632 0.49119996484008055 0.08798857779189827 0.0 0,0,0 coil/filament1/filament2
6.961338825749603 0.49635935377650886 0.19075421152491617 1520000.0
6.881985336236363 0.48978972761445444 0.18301704704670171 1520000.0
6.881985336236363 0.48978972761445444 0.18301704704670171 1520000.0
6.881985336236363 0.48978972761445444 0.18301704704670171 1520000.0
6.881985336236363 0.48978972761445444 0.18301704704670171 1520000.0
6.881985336236363 0.48978972761445444 0.18301704704670171 1520000.0
6.881985336236363 0.48978972761445444 0.18301704704670171 1520000.0
6.881985336236363 0.48978972761445444 0.18301704704670171 1520000.0
6.881985336236363 0.48978972761445444 0.18301704704670171 1520000.0
6.881985336236363 0.48978972761445444 0.18301704704670171 1520000.0
6.881985336236363 0.48978972761445444 0.18301704704670171 1520000.0
6.881985336236363 0.48978972761445444 0.18301704704670171 1520000.0
6.881985336236363 0.48978972761445444 0.18301704704670171 1520000.0
6.881985336236363 0.48978972761445444 0.18301704704670171 1520000.0
6.881985336236363 0.48978972761445444 0.18301704704670171 1520000.0
6.881985336236363 0.48978972761445444 0.18301704704670171 1520000.0
6.881985336236363 0.48978972761445444 0.18301704704670171 1520000.0
6.881985336236363 0.48978972761445444 0.18301704704670171 1520000.0
6.881985336236363 0.48978972761445444 0.18301704704670171 1520000.0
6.881985336236363 0.48978972761445444 0.18301704704670171 1520000.0
6.881985336236363 0.48978972761445444 0.18301704704670171 1520000.0
6.881985336236363 0.48978972761445444 0.18301704704670171 1520000.0
6.881985336236363 0.48978972761445444 0.18301704704670171 1520000.0
6.881985336236363 0.48978972761445444 0.18301704704670171 1520000.0
6.881985336236363 0.48978972761445444 0.18301704704670171 1520000.0
6.881985336236363 0.48978972761445444 0.18301704704670171 1520000.0
6.881985336236363 0.48978972761445444 0.18301704704670171 1520000.0
6.881985336236363 0.48978972761445444 0.18301704704670171 1520000.0
6.881985336236363 0.48978972761445444 0.18301704704670171 1520000.0
6.881985336236363 0.48978972761445444 0.18301704704670171 1520000.0
6.881985336236363 0.48978972761445444 0.18301704704670171 1520000.0
6.881985336236363 0.48978972761445444 0.18301704704670171 1520000.0
6.881985336236363 0.48978972761445444 0.18301704704670171 1520000.0
6.881985336236363 0.48978972761445444 0.18301704704670171 1520000.0
6.881985336236363 0.48978972761445444 0.18301704704670171 1520000.0
6.881985336236363 0.48978972761445444 0.18301704704670171 1520000.0
6.881985336236363 0.48978972761445444 0.18301704704670171 1520000.0
6.881985336236363 0.48978972761445444 0.18301704704670171 1520000.0
6.881985336236363 0.48978972761445444 0.18301704704670171 1520000.0
6.881985336236363 0.48978972761445444 0.18301704704670171 1520000.0
6.881985336236363 0.48978972761445444 0.18301704704670171 1520000.0
6.881985336236363 0.48978972761445444 0.18301704704670171 1520000.0
6.881985336236363 0.48978972761445444 0.18301704704670171 1520000.0
6.881985336236363 0.48978972761445444 0.18301704704670171 1520000.0
6.881985336236363 0.48978972761445444 0.18301704704670171 1520000.0
6.881985336236363 0.48978972761445444 0.18301704704670171 1520000.0
6.881985336236363 0.48978972761445444 0.18301704704670171 1520000.0
6.881985336236363 0.48978972761445444 0.18301704704670171 1520000.0
6.881985336236363 0.48978972761445444 0.18301704704670171 1520000.0
6.881985336236363 0.48978972761445444 0.18301704704670171 1520000.0
6.881985336236363 0.48978972761445444 0.18301704704670171 1520000.0
6.881985336236363 0.48978972761445444 0.18301704704670171 1520000.0
6.881985336236363 0.48978972761445444 0.18301704704670171 1520000.0
6.881985336236363 0.48978972761445444 0.18301704704670171 1520000.0
6.881985336236363 0.48978972761445444 0.18301704704670171 1520000.0
6.881985336236363 0.48978972761445444 0.18301704704670171 1520000.0
6.881985336236363 0.48978972761445444 0.18301704704670171 1520000.0
6.881985336236363 0.48978972761445444 0.18301704704670171 1520000.0
6.881985336236363 0.48978972761445444 0.18301704704670171 1520000.0
6.881985336236363 0.48978972761445444 0.18301704704670171 1520000.0
6.881985336236363 0.48978972761445444 0.18301704704670171 1520000.0
6.881985336236363 0.48978972761445444 0.18301704704670171 1520000.0
6.881985336236363 0.48978972761445444 0.18301704704670171 1520000.0
6.881985336236363 0.48978972761445444 0.18301704704670171 1520000.0
6.961338825749603 0.49635935377650886 0.19075421152491617 0.0 0,0,1 coil/filament1/filament2
6.97305990392048 0.4115632910288138 0.09230147343798428 1520000.0
6.8933079132791 0.4052702195365169 0.09217017252356231 1520000.0
6.8933079132791 0.4052702195365169 0.09217017252356231 1520000.0
6.8933079132791 0.4052702195365169 0.09217017252356231 1520000.0
6.8933079132791 0.4052702195365169 0.09217017252356231 1520000.0
6.8933079132791 0.4052702195365169 0.09217017252356231 1520000.0
6.8933079132791 0.4052702195365169 0.09217017252356231 1520000.0
6.8933079132791 0.4052702195365169 0.09217017252356231 1520000.0
6.8933079132791 0.4052702195365169 0.09217017252356231 1520000.0
6.8933079132791 0.4052702195365169 0.09217017252356231 1520000.0
6.8933079132791 0.4052702195365169 0.09217017252356231 1520000.0
6.8933079132791 0.4052702195365169 0.09217017252356231 1520000.0
6.8933079132791 0.4052702195365169 0.09217017252356231 1520000.0
6.8933079132791 0.4052702195365169 0.09217017252356231 1520000.0
6.8933079132791 0.4052702195365169 0.09217017252356231 1520000.0
6.8933079132791 0.4052702195365169 0.09217017252356231 1520000.0
6.8933079132791 0.4052702195365169 0.09217017252356231 1520000.0
6.8933079132791 0.4052702195365169 0.09217017252356231 1520000.0
6.8933079132791 0.4052702195365169 0.09217017252356231 1520000.0
6.8933079132791 0.4052702195365169 0.09217017252356231 1520000.0
6.8933079132791 0.4052702195365169 0.09217017252356231 1520000.0
6.8933079132791 0.4052702195365169 0.09217017252356231 1520000.0
6.8933079132791 0.4052702195365169 0.09217017252356231 1520000.0
6.8933079132791 0.4052702195365169 0.09217017252356231 1520000.0
6.8933079132791 0.4052702195365169 0.09217017252356231 1520000.0
6.8933079132791 0.4052702195365169 0.09217017252356231 1520000.0
6.8933079132791 0.4052702195365169 0.09217017252356231 1520000.0
6.8933079132791 0.4052702195365169 0.09217017252356231 1520000.0
6.8933079132791 0.4052702195365169 0.09217017252356231 1520000.0
6.8933079132791 0.4052702195365169 0.09217017252356231 1520000.0
6.8933079132791 0.4052702195365169 0.09217017252356231 1520000.0
6.8933079132791 0.4052702195365169 0.09217017252356231 1520000.0
6.8933079132791 0.4052702195365169 0.09217017252356231 1520000.0
6.8933079132791 0.4052702195365169 0.09217017252356231 1520000.0
6.8933079132791 0.4052702195365169 0.09217017252356231 1520000.0
6.8933079132791 0.4052702195365169 0.09217017252356231 1520000.0
6.8933079132791 0.4052702195365169 0.09217017252356231 1520000.0
6.8933079132791 0.4052702195365169 0.09217017252356231 1520000.0
6.8933079132791 0.4052702195365169 0.09217017252356231 1520000.0
6.8933079132791 0.4052702195365169 0.09217017252356231 1520000.0
6.8933079132791 0.4052702195365169 0.09217017252356231 1520000.0
6.8933079132791 0.4052702195365169 0.09217017252356231 1520000.0
6.8933079132791 0.4052702195365169 0.09217017252356231 1520000.0
6.8933079132791 0.4052702195365169 0.09217017252356231 1520000.0
6.8933079132791 0.4052702195365169 0.09217017252356231 1520000.0
6.8933079132791 0.4052702195365169 0.09217017252356231 1520000.0
6.8933079132791 0.4052702195365169 0.09217017252356231 1520000.0
6.8933079132791 0.4052702195365169 0.09217017252356231 1520000.0
6.8933079132791 0.4052702195365169 0.09217017252356231 1520000.0
6.8933079132791 0.4052702195365169 0.09217017252356231 1520000.0
6.8933079132791 0.4052702195365169 0.09217017252356231 1520000.0
6.8933079132791 0.4052702195365169 0.09217017252356231 1520000.0
6.8933079132791 0.4052702195365169 0.09217017252356231 1520000.0
6.8933079132791 0.4052702195365169 0.09217017252356231 1520000.0
6.8933079132791 0.4052702195365169 0.09217017252356231 1520000.0
6.8933079132791 0.4052702195365169 0.09217017252356231 1520000.0
6.8933079132791 0.4052702195365169 0.09217017252356231 1520000.0
6.8933079132791 0.4052702195365169 0.09217017252356231 1520000.0
6.8933079132791 0.4052702195365169 0.09217017252356231 1520000.0
6.8933079132791 0.4052702195365169 0.09217017252356231 1520000.0
6.8933079132791 0.4052702195365169 0.09217017252356231 1520000.0
6.8933079132791 0.4052702195365169 0.09217017252356231 1520000.0
6.8933079132791 0.4052702195365169 0.09217017252356231 1520000.0
6.8933079132791 0.4052702195365169 0.09217017252356231 1520000.0
6.97305990392048 0.4115632910288138 0.09230147343798428 0.0 0,1,0 coil/filament1/filament2
6.967499783524426 0.4167202711203121 0.1951880713531385 1520000.0
6.888146294011186 0.4101506449582577 0.18745090687492405 1520000.0
6.888146294011186 0.4101506449582577 0.18745090687492405 1520000.0
6.888146294011186 0.4101506449582577 0.18745090687492405 1520000.0
6.888146294011186 0.4101506449582577 0.18745090687492405 1520000.0
6.888146294011186 0.4101506449582577 0.18745090687492405 1520000.0
6.888146294011186 0.4101506449582577 0.18745090687492405 1520000.0
6.888146294011186 0.4101506449582577 0.18745090687492405 1520000.0
6.888146294011186 0.4101506449582577 0.18745090687492405 1520000.0
6.888146294011186 0.4101506449582577 0.18745090687492405 1520000.0
6.888146294011186 0.4101506449582577 0.18745090687492405 1520000.0
6.888146294011186 0.4101506449582577 0.18745090687492405 1520000.0
6.888146294011186 0.4101506449582577 0.18745090687492405 1520000.0
6.888146294011186 0.4101506449582577 0.18745090687492405 1520000.0
6.888146294011186 0.4101506449582577 0.18745090687492405 1520000.0
6.888146294011186 0.4101506449582577 0.18745090687492405 1520000.0
6.888146294011186 0.4101506449582577 0.18745090687492405 1520000.0
6.888146294011186 0.4101506449582577 0.18745090687492405 1520000.0
6.888146294011186 0.4101506449582577 0.18745090687492405 1520000.0
6.888146294011186 0.4101506449582577 0.18745090687492405 1520000.0
6.888146294011186 0.4101506449582577 0.18745090687492405 1520000.0
6.888146294011186 0.4101506449582577 0.18745090687492405 1520000.0
6.888146294011186 0.4101506449582577 0.18745090687492405 1520000.0
6.888146294011186 0.4101506449582577 0.18745090687492405 1520000.0
6.888146294011186 0.4101506449582577 0.18745090687492405 1520000.0
6.888146294011186 0.4101506449582577 0.18745090687492405 1520000.0
6.888146294011186 0.4101506449582577 0.18745090687492405 1520000.0
6.888146294011186 0.4101506449582577 0.18745090687492405 1520000.0
6.888146294011186 0.4101506449582577 0.18745090687492405 1520000.0
6.888146294011186 0.4101506449582577 0.18745090687492405 1520000.0
6.888146294011186 0.4101506449582577 0.18745090687492405 1520000.0
6.888146294011186 0.4101506449582577 0.18745090687492405 1520000.0
6.888146294011186 0.4101506449582577 0.18745090687492405 1520000.0
6.888146294011186 0.4101506449582577 0.18745090687492405 1520000.0
6.888146294011186 0.4101506449582577 0.18745090687492405 1520000.0
6.888146294011186 0.4101506449582577 0.18745090687492405 1520000.0
6.888146294011186 0.4101506449582577 0.18745090687492405 1520000.0
6.888146294011186 0.4101506449582577 0.18745090687492405 1520000.0
6.888146294011186 0.4101506449582577 0.18745090687492405 1520000.0
6.888146294011186 0.4101506449582577 0.18745090687492405 1520000.0
6.888146294011186 0.4101506449582577 0.18745090687492405 1520000.0
6.888146294011186 0.4101506449582577 0.18745090687492405 1520000.0
6.888146294011186 0.4101506449582577 0.18745090687492405 1520000.0
6.888146294011186 0.4101506449582577 0.18745090687492405 1520000.0
6.888146294011186 0.4101506449582577 0.18745090687492405 1520000.0
6.888146294011186 0.4101506449582577 0.18745090687492405 1520000.0
6.888146294011186 0.4101506449582577 0.18745090687492405 1520000.0
6.888146294011186 0.4101506449582577 0.18745090687492405 1520000.0
6.888146294011186 0.4101506449582577 0.18745090687492405 1520000.0
6.888146294011186 0.4101506449582577 0.18745090687492405 1520000.0
6.888146294011186 0.4101506449582577 0.18745090687492405 1520000.0
6.888146294011186 0.4101506449582577 0.18745090687492405 1520000.0
6.888146294011186 0.4101506449582577 0.18745090687492405 1520000.0
6.888146294011186 0.4101506449582577 0.18745090687492405 1520000.0
6.888146294011186 0.4101506449582577 0.18745090687492405 1520000.0
6.888146294011186 0.4101506449582577 0.18745090687492405 1520000.0
6.888146294011186 0.4101506449582577 0.18745090687492405 1520000.0
6.888146294011186 0.4101506449582577 0.18745090687492405 1520000.0
6.888146294011186 0.4101506449582577 0.18745090687492405 1520000.0
6.888146294011186 0.4101506449582577 0.18745090687492405 1520000.0
6.888146294011186 0.4101506449582577 0.18745090687492405 1520000.0
6.888146294011186 0.4101506449582577 0.18745090687492405 1520000.0
6.888146294011186 0.4101506449582577 0.18745090687492405 1520000.0
6.888146294011186 0.4101506449582577 0.18745090687492405 1520000.0
6.967499783524426 0.4167202711203121 0.1951880713531385 0.0 0,1,1 coil/filament1/filament2
6.640549622004514 1.3605592854389184 0.21643129080836818 1520000.0
6.562863096012628 1.341472493822549 0.21572555353044365 1520000.0
6.562863096012628 1.341472493822549 0.21572555353044365 1520000.0
6.562863096012628 1.341472493822549 0.21572555353044365 1520000.0
6.562863096012628 1.341472493822549 0.21572555353044365 1520000.0
6.562863096012628 1.341472493822549 0.21572555353044365 1520000.0
6.562863096012628 1.341472493822549 0.21572555353044365 1520000.0
6.562863096012628 1.341472493822549 0.21572555353044365 1520000.0
6.562863096012628 1.341472493822549 0.21572555353044365 1520000.0
6.562863096012628 1.341472493822549 0.21572555353044365 1520000.0
6.562863096012628 1.341472493822549 0.21572555353044365 1520000.0
6.562863096012628 1.341472493822549 0.21572555353044365 1520000.0
6.562863096012628 1.341472493822549 0.21572555353044365 1520000.0
6.562863096012628 1.341472493822549 0.21572555353044365 1520000.0
6.562863096012628 1.341472493822549 0.21572555353044365 1520000.0
6.562863096012628 1.341472493822549 0.21572555353044365 1520000.0
6.562863096012628 1.341472493822549 0.21572555353044365 1520000.0
6.562863096012628 1.341472493822549 0.21572555353044365 1520000.0
6.562863096012628 1.341472493822549 0.21572555353044365 1520000.0
6.562863096012628 1.341472493822549 0.21572555353044365 1520000.0
6.562863096012628 1.341472493822549 0.21572555353044365 1520000.0
6.562863096012628 1.341472493822549 0.21572555353044365 1520000.0
6.562863096012628 1.341472493822549 0.21572555353044365 1520000.0
6.562863096012628 1.341472493822549 0.21572555353044365 1520000.0
6.562863096012628 1.341472493822549 0.21572555353044365 1520000.0
6.562863096012628 1.341472493822549 0.21572555353044365 1520000.0
6.562863096012628 1.341472493822549 0.21572555353044365 1520000.0
6.562863096012628 1.341472493822549 0.21572555353044365 1520000.0
6.562863096012628 1.341472493822549 0.21572555353044365 1520000.0
6.562863096012628 1.341472493822549 0.21572555353044365 1520000.0
6.562863096012628 1.341472493822549 0.21572555353044365 1520000.0
6.562863096012628 1.341472493822549 0.21572555353044365 1520000.0
6.562863096012628 1.341472493822549 0.21572555353044365 1520000.0
6.562863096012628 1.341472493822549 0.21572555353044365 1520000.0
6.562863096012628 1.341472493822549 0.21572555353044365 1520000.0
6.562863096012628 1.341472493822549 0.21572555353044365 1520000.0
6.562863096012628 1.341472493822549 0.21572555353044365 1520000.0
6.562863096012628 1.341472493822549 0.21572555353044365 1520000.0
6.562863096012628 1.341472493822549 0.21572555353044365 1520000.0
6.562863096012628 1.341472493822549 0.21572555353044365 1520000.0
6.562863096012628 1.341472493822549 0.21572555353044365 1520000.0
6.562863096012628 1.341472493822549 0.21572555353044365 1520000.0
6.562863096012628 1.341472493822549 0.21572555353044365 1520000.0
6.562863096012628 1.341472493822549 0.21572555353044365 1520000.0
6.562863096012628 1.341472493822549 0.21572555353044365 1520000.0
6.562863096012628 1.341472493822549 0.21572555353044365 1520000.0
6.562863096012628 1.341472493822549 0.21572555353044365 1520000.0
6.562863096012628 1.341472493822549 0.21572555353044365 1520000.0
6.562863096012628 1.341472493822549 0.21572555353044365 1520000.0
6.562863096012628 1.341472493822549 0.21572555353044365 1520000.0
6.562863096012628 1.341472493822549 0.21572555353044365 1520000.0
6.562863096012628 1.341472493822549 0.21572555353044365 1520000.0
6.562863096012628 1.341472493822549 0.21572555353044365 1520000.0
6.562863096012628 1.341472493822549 0.21572555353044365 1520000.0
6.562863096012628 1.341472493822549 0.21572555353044365 1520000.0
6.562863096012628 1.341472493822549 0.21572555353044365 1520000.0
6.562863096012628 1.341472493822549 0.21572555353044365 1520000.0
6.562863096012628 1.341472493822549 0.21572555353044365 1520000.0
6.562863096012628 1.341472493822549 0.21572555353044365 1520000.0
6.562863096012628 1.341472493822549 0.21572555353044365 1520000.0
6.562863096012628 1.341472493822549 0.21572555353044365 1520000.0
6.562863096012628 1.341472493822549 0.21572555353044365 1520000.0
6.562863096012628 1.341472493822549 0.21572555353044365 1520000.0
6.562863096012628 1.341472493822549 0.21572555353044365 1520000.0
6.640549622004514 1.3605592854389184 0.21643129080836818 0.0 1,0,0 coil/filament1/filament2
6.633144581441651 1.3661261905546072 0.318353875573313 1520000.0
6.556067043054503 1.3463125651546433 0.3102007580905542 1520000.0
6.556067043054503 1.3463125651546433 0.3102007580905542 1520000.0
6.556067043054503 1.3463125651546433 0.3102007580905542 1520000.0
6.556067043054503 1.3463125651546433 0.3102007580905542 1520000.0
6.556067043054503 1.3463125651546433 0.3102007580905542 1520000.0
6.556067043054503 1.3463125651546433 0.3102007580905542 1520000.0
6.556067043054503 1.3463125651546433 0.3102007580905542 1520000.0
6.556067043054503 1.3463125651546433 0.3102007580905542 1520000.0
6.556067043054503 1.3463125651546433 0.3102007580905542 1520000.0
6.556067043054503 1.3463125651546433 0.3102007580905542 1520000.0
6.556067043054503 1.3463125651546433 0.3102007580905542 1520000.0
6.556067043054503 1.3463125651546433 0.3102007580905542 1520000.0
6.556067043054503 1.3463125651546433 0.3102007580905542 1520000.0
6.556067043054503 1.3463125651546433 0.3102007580905542 1520000.0
6.556067043054503 1.3463125651546433 0.3102007580905542 1520000.0
6.556067043054503 1.3463125651546433 0.3102007580905542 1520000.0
6.556067043054503 1.3463125651546433 0.3102007580905542 1520000.0
6.556067043054503 1.3463125651546433 0.3102007580905542 1520000.0
6.556067043054503 1.3463125651546433 0.3102007580905542 1520000.0
6.556067043054503 1.3463125651546433 0.3102007580905542 1520000.0
6.556067043054503 1.3463125651546433 0.3102007580905542 1520000.0
6.556067043054503 1.3463125651546433 0.3102007580905542 1520000.0
6.556067043054503 1.3463125651546433 0.3102007580905542 1520000.0
6.556067043054503 1.3463125651546433 0.3102007580905542 1520000.0
6.556067043054503 1.3463125651546433 0.3102007580905542 1520000.0
6.556067043054503 1.3463125651546433 0.3102007580905542 1520000.0
6.556067043054503 1.3463125651546433 0.3102007580905542 1520000.0
6.556067043054503 1.3463125651546433 0.3102007580905542 1520000.0
6.556067043054503 1.3463125651546433 0.3102007580905542 1520000.0
6.556067043054503 1.3463125651546433 0.3102007580905542 1520000.0
6.556067043054503 1.3463125651546433 0.3102007580905542 1520000.0
6.556067043054503 1.3463125651546433 0.3102007580905542 1520000.0
6.556067043054503 1.3463125651546433 0.3102007580905542 1520000.0
6.556067043054503 1.3463125651546433 0.3102007580905542 1520000.0
6.556067043054503 1.3463125651546433 0.3102007580905542 1520000.0
6.556067043054503 1.3463125651546433 0.3102007580905542 1520000.0
6.556067043054503 1.3463125651546433 0.3102007580905542 1520000.0
6.556067043054503 1.3463125651546433 0.3102007580905542 1520000.0
6.556067043054503 1.3463125651546433 0.3102007580905542 1520000.0
6.556067043054503 1.3463125651546433 0.3102007580905542 1520000.0
6.556067043054503 1.3463125651546433 0.3102007580905542 1520000.0
6.556067043054503 1.3463125651546433 0.3102007580905542 1520000.0
6.556067043054503 1.3463125651546433 0.3102007580905542 1520000.0
6.556067043054503 1.3463125651546433 0.3102007580905542 1520000.0
6.556067043054503 1.3463125651546433 0.3102007580905542 1520000.0
6.556067043054503 1.3463125651546433 0.3102007580905542 1520000.0
6.556067043054503 1.3463125651546433 0.3102007580905542 1520000.0
6.556067043054503 1.3463125651546433 0.3102007580905542 1520000.0
6.556067043054503 1.3463125651546433 0.3102007580905542 1520000.0
6.556067043054503 1.3463125651546433 0.3102007580905542 1520000.0
6.556067043054503 1.3463125651546433 0.3102007580905542 1520000.0
6.556067043054503 1.3463125651546433 0.3102007580905542 1520000.0
6.556067043054503 1.3463125651546433 0.3102007580905542 1520000.0
6.556067043054503 1.3463125651546433 0.3102007580905542 1520000.0
6.556067043054503 1.3463125651546433 0.3102007580905542 1520000.0
6.556067043054503 1.3463125651546433 0.3102007580905542 1520000.0
6.556067043054503 1.3463125651546433 0.3102007580905542 1520000.0
6.556067043054503 1.3463125651546433 0.3102007580905542 1520000.0
6.556067043054503 1.3463125651546433 0.3102007580905542 1520000.0
6.556067043054503 1.3463125651546433 0.3102007580905542 1520000.0
6.556067043054503 1.3463125651546433 0.3102007580905542 1520000.0
6.556067043054503 1.3463125651546433 0.3102007580905542 1520000.0
6.556067043054503 1.3463125651546433 0.3102007580905542 1520000.0
6.633144581441651 1.3661261905546072 0.318353875573313 0.0 1,0,1 coil/filament1/filament2
6.659547795083632 1.2830344435865428 0.22181351297212426 1520000.0
6.581861269091746 1.2639476519701736 0.22110777569419973 1520000.0
6.581861269091746 1.2639476519701736 0.22110777569419973 1520000.0
6.581861269091746 1.2639476519701736 0.22110777569419973 1520000.0
6.581861269091746 1.2639476519701736 0.22110777569419973 1520000.0
6.581861269091746 1.2639476519701736 0.22110777569419973 1520000.0
6.581861269091746 1.2639476519701736 0.22110777569419973 1520000.0
6.581861269091746 1.2639476519701736 0.22110777569419973 1520000.0
6.581861269091746 1.2639476519701736 0.22110777569419973 1520000.0
6.581861269091746 1.2639476519701736 0.22110777569419973 1520000.0
6.581861269091746 1.2639476519701736 0.22110777569419973 1520000.0
6.581861269091746 1.2639476519701736 0.22110777569419973 1520000.0
6.581861269091746 1.2639476519701736 0.22110777569419973 1520000.0
6.581861269091746 1.2639476519701736 0.22110777569419973 1520000.0
6.581861269091746 1.2639476519701736 0.22110777569419973 1520000.0
6.581861269091746 1.2639476519701736 0.22110777569419973 1520000.0
6.581861269091746 1.2639476519701736 0.22110777569419973 1520000.0
6.581861269091746 1.2639476519701736 0.22110777569419973 1520000.0
6.581861269091746 1.2639476519701736 0.22110777569419973 1520000.0
6.581861269091746 1.2639476519701736 0.22110777569419973 1520000.0
6.581861269091746 1.2639476519701736 0.22110777569419973 1520000.0
6.581861269091746 1.2639476519701736 0.22110777569419973 1520000.0
6.581861269091746 1.2639476519701736 0.22110777569419973 1520000.0
6.581861269091746 1.2639476519701736 0.22110777569419973 1520000.0
6.581861269091746 1.2639476519701736 0.22110777569419973 1520000.0
6.581861269091746 1.2639476519701736 0.22110777569419973 1520000.0
6.581861269091746 1.2639476519701736 0.22110777569419973 1520000.0
6.581861269091746 1.2639476519701736 0.22110777569419973 1520000.0
6.581861269091746 1.2639476519701736 0.22110777569419973 1520000.0
6.581861269091746 1.2639476519701736 0.22110777569419973 1520000.0
6.581861269091746 1.2639476519701736 0.22110777569419973 1520000.0
6.581861269091746 1.2639476519701736 0.22110777569419973 1520000.0
6.581861269091746 1.2639476519701736 0.22110777569419973 1520000.0
6.581861269091746 1.2639476519701736 0.22110777569419973 1520000.0
6.581861269091746 1.2639476519701736 0.22110777569419973 1520000.0
6.581861269091746 1.2639476519701736 0.22110777569419973 1520000.0
6.581861269091746 1.2639476519701736 0.22110777569419973 1520000.0
6.581861269091746 1.2639476519701736 0.22110777569419973 1520000.0
6.581861269091746 1.2639476519701736 0.22110777569419973 1520000.0
6.581861269091746 1.2639476519701736 0.22110777569419973 1520000.0
6.581861269091746 1.2639476519701736 0.22110777569419973 1520000.0
6.581861269091746 1.2639476519701736 0.22110777569419973 1520000.0
6.581861269091746 1.2639476519701736 0.22110777569419973 1520000.0
6.581861269091746 1.2639476519701736 0.22110777569419973 1520000.0
6.581861269091746 1.2639476519701736 0.22110777569419973 1520000.0
6.581861269091746 1.2639476519701736 0.22110777569419973 1520000.0
6.581861269091746 1.2639476519701736 0.22110777569419973 1520000.0
6.581861269091746 1.2639476519701736 0.22110777569419973 1520000.0
6.581861269091746 1.2639476519701736 0.22110777569419973 1520000.0
6.581861269091746 1.2639476519701736 0.22110777569419973 1520000.0
6.581861269091746 1.2639476519701736 0.22110777569419973 1520000.0
6.581861269091746 1.2639476519701736 0.22110777569419973 1520000.0
6.581861269091746 1.2639476519701736 0.22110777569419973 1520000.0
6.581861269091746 1.2639476519701736 0.22110777569419973 1520000.0
6.581861269091746 1.2639476519701736 0.22110777569419973 1520000.0
6.581861269091746 1.2639476519701736 0.22110777569419973 1520000.0
6.581861269091746 1.2639476519701736 0.22110777569419973 1520000.0
6.581861269091746 1.2639476519701736 0.22110777569419973 1520000.0
6.581861269091746 1.2639476519701736 0.22110777569419973 1520000.0
6.581861269091746 1.2639476519701736 0.22110777569419973 1520000.0
6.581861269091746 1.2639476519701736 0.22110777569419973 1520000.0
6.581861269091746 1.2639476519701736 0.22110777569419973 1520000.0
6.581861269091746 1.2639476519701736 0.22110777569419973 1520000.0
6.581861269091746 1.2639476519701736 0.22110777569419973 1520000.0
6.659547795083632 1.2830344435865428 0.22181351297212426 0.0 1,1,0 coil/filament1/filament2
6.65245331401105 1.2886957808717567 0.3239845507468028 1520000.0
6.575375775623901 1.2688821554717928 0.315831433264044 1520000.0
6.575375775623901 1.2688821554717928 0.315831433264044 1520000.0
6.575375775623901 1.2688821554717928 0.315831433264044 1520000.0
6.575375775623901 1.2688821554717928 0.315831433264044 1520000.0
6.575375775623901 1.2688821554717928 0.315831433264044 1520000.0
6.575375775623901 1.2688821554717928 0.315831433264044 1520000.0
6.575375775623901 1.2688821554717928 0.315831433264044 1520000.0
6.575375775623901 1.2688821554717928 0.315831433264044 1520000.0
6.575375775623901 1.2688821554717928 0.315831433264044 1520000.0
6.575375775623901 1.2688821554717928 0.315831433264044 1520000.0
6.575375775623901 1.2688821554717928 0.315831433264044 1520000.0
6.575375775623901 1.2688821554717928 0.315831433264044 1520000.0
6.575375775623901 1.2688821554717928 0.315831433264044 1520000.0
6.575375775623901 1.2688821554717928 0.315831433264044 1520000.0
6.575375775623901 1.2688821554717928 0.315831433264044 1520000.0
6.575375775623901 1.2688821554717928 0.315831433264044 1520000.0
6.575375775623901 1.2688821554717928 0.315831433264044 1520000.0
6.575375775623901 1.2688821554717928 0.315831433264044 1520000.0
6.575375775623901 1.2688821554717928 0.315831433264044 1520000.0
6.575375775623901 1.2688821554717928 0.315831433264044 1520000.0
6.575375775623901 1.2688821554717928 0.315831433264044 1520000.0
6.575375775623901 1.2688821554717928 0.315831433264044 1520000.0
6.575375775623901 1.2688821554717928 0.315831433264044 1520000.0
6.575375775623901 1.2688821554717928 0.315831433264044 1520000.0
6.575375775623901 1.2688821554717928 0.315831433264044 1520000.0
6.575375775623901 1.2688821554717928 0.315831433264044 1520000.0
6.575375775623901 1.2688821554717928 0.315831433264044 1520000.0
6.575375775623901 1.2688821554717928 0.315831433264044 1520000.0
6.575375775623901 1.2688821554717928 0.315831433264044 1520000.0
6.575375775623901 1.2688821554717928 0.315831433264044 1520000.0
6.575375775623901 1.2688821554717928 0.315831433264044 1520000.0
6.575375775623901 1.2688821554717928 0.315831433264044 1520000.0
6.575375775623901 1.2688821554717928 0.315831433264044 1520000.0
6.575375775623901 1.2688821554717928 0.315831433264044 1520000.0
6.575375775623901 1.2688821554717928 0.315831433264044 1520000.0
6.575375775623901 1.2688821554717928 0.315831433264044 1520000.0
6.575375775623901 1.2688821554717928 0.315831433264044 1520000.0
6.575375775623901 1.2688821554717928 0.315831433264044 1520000.0
6.575375775623901 1.2688821554717928 0.315831433264044 1520000.0
6.575375775623901 1.2688821554717928 0.315831433264044 1520000.0
6.575375775623901 1.2688821554717928 0.315831433264044 1520000.0
6.575375775623901 1.2688821554717928 0.315831433264044 1520000.0
6.575375775623901 1.2688821554717928 0.315831433264044 1520000.0
6.575375775623901 1.2688821554717928 0.315831433264044 1520000.0
6.575375775623901 1.2688821554717928 0.315831433264044 1520000.0
6.575375775623901 1.2688821554717928 0.315831433264044 1520000.0
6.575375775623901 1.2688821554717928 0.315831433264044 1520000.0
6.575375775623901 1.2688821554717928 0.315831433264044 1520000.0
6.575375775623901 1.2688821554717928 0.315831433264044 1520000.0
6.575375775623901 1.2688821554717928 0.315831433264044 1520000.0
6.575375775623901 1.2688821554717928 0.315831433264044 1520000.0
6.575375775623901 1.2688821554717928 0.315831433264044 1520000.0
6.575375775623901 1.2688821554717928 0.315831433264044 1520000.0
6.575375775623901 1.2688821554717928 0.315831433264044 1520000.0
6.575375775623901 1.2688821554717928 0.315831433264044 1520000.0
6.575375775623901 1.2688821554717928 0.315831433264044 1520000.0
6.575375775623901 1.2688821554717928 0.315831433264044 1520000.0
6.575375775623901 1.2688821554717928 0.315831433264044 1520000.0
6.575375775623901 1.2688821554717928 0.315831433264044 1520000.0
6.575375775623901 1.2688821554717928 0.315831433264044 1520000.0
6.575375775623901 1.2688821554717928 0.315831433264044 1520000.0
6.575375775623901 1.2688821554717928 0.315831433264044 1520000.0
6.575375775623901 1.2688821554717928 0.315831433264044 1520000.0
6.65245331401105 1.2886957808717567 0.3239845507468028 0.0 1,1,1 coil/filament1/filament2
6.155883069479483 2.111864645996348 0.2095138235340573 1520000.0
6.081787145283864 2.081820188374503 0.20684463193240107 1520000.0
6.081787145283864 2.081820188374503 0.20684463193240107 1520000.0
6.081787145283864 2.081820188374503 0.20684463193240107 1520000.0
6.081787145283864 2.081820188374503 0.20684463193240107 1520000.0
6.081787145283864 2.081820188374503 0.20684463193240107 1520000.0
6.081787145283864 2.081820188374503 0.20684463193240107 1520000.0
6.081787145283864 2.081820188374503 0.20684463193240107 1520000.0
6.081787145283864 2.081820188374503 0.20684463193240107 1520000.0
6.081787145283864 2.081820188374503 0.20684463193240107 1520000.0
6.081787145283864 2.081820188374503 0.20684463193240107 1520000.0
6.081787145283864 2.081820188374503 0.20684463193240107 1520000.0
6.081787145283864 2.081820188374503 0.20684463193240107 1520000.0
6.081787145283864 2.081820188374503 0.20684463193240107 1520000.0
6.081787145283864 2.081820188374503 0.20684463193240107 1520000.0
6.081787145283864 2.081820188374503 0.20684463193240107 1520000.0
6.081787145283864 2.081820188374503 0.20684463193240107 1520000.0
6.081787145283864 2.081820188374503 0.20684463193240107 1520000.0
6.081787145283864 2.081820188374503 0.20684463193240107 1520000.0
6.081787145283864 2.081820188374503 0.20684463193240107 1520000.0
6.081787145283864 2.081820188374503 0.20684463193240107 1520000.0
6.081787145283864 2.081820188374503 0.20684463193240107 1520000.0
6.081787145283864 2.081820188374503 0.20684463193240107 1520000.0
6.081787145283864 2.081820188374503 0.20684463193240107 1520000.0
6.081787145283864 2.081820188374503 0.20684463193240107 1520000.0
6.081787145283864 2.081820188374503 0.20684463193240107 1520000.0
6.081787145283864 2.081820188374503 0.20684463193240107 1520000.0
6.081787145283864 2.081820188374503 0.20684463193240107 1520000.0
6.081787145283864 2.081820188374503 0.20684463193240107 1520000.0
6.081787145283864 2.081820188374503 0.20684463193240107 1520000.0
6.081787145283864 2.081820188374503 0.20684463193240107 1520000.0
6.081787145283864 2.081820188374503 0.20684463193240107 1520000.0
6.081787145283864 2.081820188374503 0.20684463193240107 1520000.0
6.081787145283864 2.081820188374503 0.20684463193240107 1520000.0
6.081787145283864 2.081820188374503 0.20684463193240107 1520000.0
6.081787145283864 2.081820188374503 0.20684463193240107 1520000.0
6.081787145283864 2.081820188374503 0.20684463193240107 1520000.0
6.081787145283864 2.081820188374503 0.20684463193240107 1520000.0
6.081787145283864 2.081820188374503 0.20684463193240107 1520000.0
6.081787145283864 2.081820188374503 0.20684463193240107 1520000.0
6.081787145283864 2.081820188374503 0.20684463193240107 1520000.0
6.081787145283864 2.081820188374503 0.20684463193240107 1520000.0
6.081787145283864 2.081820188374503 0.20684463193240107 1520000.0
6.081787145283864 2.081820188374503 0.20684463193240107 1520000.0
6.081787145283864 2.081820188374503 0.20684463193240107 1520000.0
6.081787145283864 2.081820188374503 0.20684463193240107 1520000.0
6.081787145283864 2.081820188374503 0.20684463193240107 1520000.0
6.081787145283864 2.081820188374503 0.20684463193240107 1520000.0
6.081787145283864 2.081820188374503 0.20684463193240107 1520000.0
6.081787145283864 2.081820188374503 0.20684463193240107 1520000.0
6.081787145283864 2.081820188374503 0.20684463193240107 1520000.0
6.081787145283864 2.081820188374503 0.20684463193240107 1520000.0
6.081787145283864 2.081820188374503 0.20684463193240107 1520000.0
6.081787145283864 2.081820188374503 0.20684463193240107 1520000.0
6.081787145283864 2.081820188374503 0.20684463193240107 1520000.0
6.081787145283864 2.081820188374503 0.20684463193240107 1520000.0
6.081787145283864 2.081820188374503 0.20684463193240107 1520000.0
6.081787145283864 2.081820188374503 0.20684463193240107 1520000.0
6.081787145283864 2.081820188374503 0.20684463193240107 1520000.0
6.081787145283864 2.081820188374503 0.20684463193240107 1520000.0
6.081787145283864 2.081820188374503 0.20684463193240107 1520000.0
6.081787145283864 2.081820188374503 0.20684463193240107 1520000.0
6.081787145283864 2.081820188374503 0.20684463193240107 1520000.0
6.081787145283864 2.081820188374503 0.20684463193240107 1520000.0
6.155883069479483 2.111864645996348 0.2095138235340573 0.0 2,0,0 coil/filament1/filament2
6.143281031510393 2.124198452191145 0.30912066915988257 1520000.0
6.069838860362795 2.0937663759954006 0.3001687846910533 1520000.0
6.069838860362795 2.0937663759954006 0.3001687846910533 1520000.0
6.069838860362795 2.0937663759954006 0.3001687846910533 1520000.0
6.069838860362795 2.0937663759954006 0.3001687846910533 1520000.0
6.069838860362795 2.0937663759954006 0.3001687846910533 1520000.0
6.069838860362795 2.0937663759954006 0.3001687846910533 1520000.0
6.069838860362795 2.0937663759954006 0.3001687846910533 1520000.0
6.069838860362795 2.0937663759954006 0.3001687846910533 1520000.0
6.069838860362795 2.0937663759954006 0.3001687846910533 1520000.0
6.069838860362795 2.0937663759954006 0.3001687846910533 1520000.0
6.069838860362795 2.0937663759954006 0.3001687846910533 1520000.0
6.069838860362795 2.0937663759954006 0.3001687846910533 1520000.0
6.069838860362795 2.0937663759954006 0.3001687846910533 1520000.0
6.069838860362795 2.0937663759954006 0.3001687846910533 1520000.0
6.069838860362795 2.0937663759954006 0.3001687846910533 1520000.0
6.069838860362795 2.0937663759954006 0.3001687846910533 1520000.0
6.069838860362795 2.0937663759954006 0.3001687846910533 1520000.0
6.069838860362795 2.0937663759954006 0.3001687846910533 1520000.0
6.069838860362795 2.0937663759954006 0.3001687846910533 1520000.0
6.069838860362795 2.0937663759954006 0.3001687846910533 1520000.0
6.069838860362795 2.0937663759954006 0.3001687846910533 1520000.0
6.069838860362795 2.0937663759954006 0.3001687846910533 1520000.0
6.069838860362795 2.0937663759954006 0.3001687846910533 1520000.0
6.069838860362795 2.0937663759954006 0.3001687846910533 1520000.0
6.069838860362795 2.0937663759954006 0.3001687846910533 1520000.0
6.069838860362795 2.0937663759954006 0.3001687846910533 1520000.0
6.069838860362795 2.0937663759954006 0.3001687846910533 1520000.0
6.069838860362795 2.0937663759954006 0.3001687846910533 1520000.0
6.069838860362795 2.0937663759954006 0.3001687846910533 1520000.0
6.069838860362795 2.0937663759954006 0.3001687846910533 1520000.0
6.069838860362795 2.0937663759954006 0.3001687846910533 1520000.0
6.069838860362795 2.0937663759954006 0.3001687846910533 1520000.0
6.069838860362795 2.0937663759954006 0.3001687846910533 1520000.0
6.069838860362795 2.0937663759954006 0.3001687846910533 1520000.0
6.069838860362795 2.0937663759954006 0.3001687846910533 1520000.0
6.069838860362795 2.0937663759954006 0.3001687846910533 1520000.0
6.069838860362795 2.0937663759954006 0.3001687846910533 1520000.0
6.069838860362795 2.0937663759954006 0.3001687846910533 1520000.0
6.069838860362795 2.0937663759954006 0.3001687846910533 1520000.0
6.069838860362795 2.0937663759954006 0.3001687846910533 1520000.0
6.069838860362795 2.0937663759954006 0.3001687846910533 1520000.0
6.069838860362795 2.0937663759954006 0.3001687846910533 1520000.0
6.069838860362795 2.0937663759954006 0.3001687846910533 1520000.0
6.069838860362795 2.0937663759954006 0.3001687846910533 1520000.0
6.069838860362795 2.0937663759954006 0.3001687846910533 1520000.0
6.069838860362795 2.0937663759954006 0.3001687846910533 1520000.0
6.069838860362795 2.0937663759954006 0.3001687846910533 1520000.0
6.069838860362795 2.0937663759954006 0.3001687846910533 1520000.0
6.069838860362795 2.0937663759954006 0.3001687846910533 1520000.0
6.069838860362795 2.0937663759954006 0.3001687846910533 1520000.0
6.069838860362795 2.0937663759954006 0.3001687846910533 1520000.0
6.069838860362795 2.0937663759954006 0.3001687846910533 1520000.0
6.069838860362795 2.0937663759954006 0.3001687846910533 1520000.0
6.069838860362795 2.0937663759954006 0.3001687846910533 1520000.0
6.069838860362795 2.0937663759954006 0.3001687846910533 1520000.0
6.069838860362795 2.0937663759954006 0.3001687846910533 1520000.0
6.069838860362795 2.0937663759954006 0.3001687846910533 1520000.0
6.069838860362795 2.0937663759954006 0.3001687846910533 1520000.0
6.069838860362795 2.0937663759954006 0.3001687846910533 1520000.0
6.069838860362795 2.0937663759954006 0.3001687846910533 1520000.0
6.069838860362795 2.0937663759954006 0.3001687846910533 1520000.0
6.069838860362795 2.0937663759954006 0.3001687846910533 1520000.0
6.069838860362795 2.0937663759954006 0.3001687846910533 1520000.0
6.143281031510393 2.124198452191145 0.30912066915988257 0.0 2,0,1 coil/filament1/filament2
6.1850821593163845 2.0386422746211768 0.22314824625352034 1520000.0
6.110986235120766 2.0085978169993317 0.22047905465186413 1520000.0
6.110986235120766 2.0085978169993317 0.22047905465186413 1520000.0
6.110986235120766 2.0085978169993317 0.22047905465186413 1520000.0
6.110986235120766 2.0085978169993317 0.22047905465186413 1520000.0
6.110986235120766 2.0085978169993317 0.22047905465186413 1520000.0
6.110986235120766 2.0085978169993317 0.22047905465186413 1520000.0
6.110986235120766 2.0085978169993317 0.22047905465186413 1520000.0
6.110986235120766 2.0085978169993317 0.22047905465186413 1520000.0
6.110986235120766 2.0085978169993317 0.22047905465186413 1520000.0
6.110986235120766 2.0085978169993317 0.22047905465186413 1520000.0
6.110986235120766 2.0085978169993317 0.22047905465186413 1520000.0
6.110986235120766 2.0085978169993317 0.22047905465186413 1520000.0
6.110986235120766 2.0085978169993317 0.22047905465186413 1520000.0
6.110986235120766 2.0085978169993317 0.22047905465186413 1520000.0
6.110986235120766 2.0085978169993317 0.22047905465186413 1520000.0
6.110986235120766 2.0085978169993317 0.22047905465186413 1520000.0
6.110986235120766 2.0085978169993317 0.22047905465186413 1520000.0
6.110986235120766 2.0085978169993317 0.22047905465186413 1520000.0
6.110986235120766 2.0085978169993317 0.22047905465186413 1520000.0
6.110986235120766 2.0085978169993317 0.22047905465186413 1520000.0
6.110986235120766 2.0085978169993317 0.22047905465186413 1520000.0
6.110986235120766 2.0085978169993317 0.22047905465186413 1520000.0
6.110986235120766 2.0085978169993317 0.22047905465186413 1520000.0
6.110986235120766 2.0085978169993317 0.22047905465186413 1520000.0
6.110986235120766 2.0085978169993317 0.22047905465186413 1520000.0
6.110986235120766 2.0085978169993317 0.22047905465186413 1520000.0
6.110986235120766 2.0085978169993317 0.22047905465186413 1520000.0
6.110986235120766 2.0085978169993317 0.22047905465186413 1520000.0
6.110986235120766 2.0085978169993317 0.22047905465186413 1520000.0
6.110986235120766 2.0085978169993317 0.22047905465186413 1520000.0
6.110986235120766 2.0085978169993317 0.22047905465186413 1520000.0
6.110986235120766 2.0085978169993317 0.22047905465186413 1520000.0
6.110986235120766 2.0085978169993317 0.22047905465186413 1520000.0
6.110986235120766 2.0085978169993317 0.22047905465186413 1520000.0
6.110986235120766 2.0085978169993317 0.22047905465186413 1520000.0
6.110986235120766 2.0085978169993317 0.22047905465186413 1520000.0
6.110986235120766 2.0085978169993317 0.22047905465186413 1520000.0
6.110986235120766 2.0085978169993317 0.22047905465186413 1520000.0
6.110986235120766 2.0085978169993317 0.22047905465186413 1520000.0
6.110986235120766 2.0085978169993317 0.22047905465186413 1520000.0
6.110986235120766 2.0085978169993317 0.22047905465186413 1520000.0
6.110986235120766 2.0085978169993317 0.22047905465186413 1520000.0
6.110986235120766 2.0085978169993317 0.22047905465186413 1520000.0
6.110986235120766 2.0085978169993317 0.22047905465186413 1520000.0
6.110986235120766 2.0085978169993317 0.22047905465186413 1520000.0
6.110986235120766 2.0085978169993317 0.22047905465186413 1520000.0
6.110986235120766 2.0085978169993317 0.22047905465186413 1520000.0
6.110986235120766 2.0085978169993317 0.22047905465186413 1520000.0
6.110986235120766 2.0085978169993317 0.22047905465186413 1520000.0
6.110986235120766 2.0085978169993317 0.22047905465186413 1520000.0
6.110986235120766 2.0085978169993317 0.22047905465186413 1520000.0
6.110986235120766 2.0085978169993317 0.22047905465186413 1520000.0
6.110986235120766 2.0085978169993317 0.22047905465186413 1520000.0
6.110986235120766 2.0085978169993317 0.22047905465186413 1520000.0
6.110986235120766 2.0085978169993317 0.22047905465186413 1520000.0
6.110986235120766 2.0085978169993317 0.22047905465186413 1520000.0
6.110986235120766 2.0085978169993317 0.22047905465186413 1520000.0
6.110986235120766 2.0085978169993317 0.22047905465186413 1520000.0
6.110986235120766 2.0085978169993317 0.22047905465186413 1520000.0
6.110986235120766 2.0085978169993317 0.22047905465186413 1520000.0
6.110986235120766 2.0085978169993317 0.22047905465186413 1520000.0
6.110986235120766 2.0085978169993317 0.22047905465186413 1520000.0
6.110986235120766 2.0085978169993317 0.22047905465186413 1520000.0
6.1850821593163845 2.0386422746211768 0.22314824625352034 0.0 2,1,0 coil/filament1/filament2
6.172258900212224 2.050650777395905 0.3214097967820165 1520000.0
6.098816729064626 2.020218701200161 0.3124579123131872 1520000.0
6.098816729064626 2.020218701200161 0.3124579123131872 1520000.0
6.098816729064626 2.020218701200161 0.3124579123131872 1520000.0
6.098816729064626 2.020218701200161 0.3124579123131872 1520000.0
6.098816729064626 2.020218701200161 0.3124579123131872 1520000.0
6.098816729064626 2.020218701200161 0.3124579123131872 1520000.0
6.098816729064626 2.020218701200161 0.3124579123131872 1520000.0
6.098816729064626 2.020218701200161 0.3124579123131872 1520000.0
6.098816729064626 2.020218701200161 0.3124579123131872 1520000.0
6.098816729064626 2.020218701200161 0.3124579123131872 1520000.0
6.098816729064626 2.020218701200161 0.3124579123131872 1520000.0
6.098816729064626 2.020218701200161 0.3124579123131872 1520000.0
6.098816729064626 2.020218701200161 0.3124579123131872 1520000.0
6.098816729064626 2.020218701200161 0.3124579123131872 1520000.0
6.098816729064626 2.020218701200161 0.3124579123131872 1520000.0
6.098816729064626 2.020218701200161 0.3124579123131872 1520000.0
6.098816729064626 2.020218701200161 0.3124579123131872 1520000.0
6.098816729064626 2.020218701200161 0.3124579123131872 1520000.0
6.098816729064626 2.020218701200161 0.3124579123131872 1520000.0
6.098816729064626 2.020218701200161 0.3124579123131872 1520000.0
6.098816729064626 2.020218701200161 0.3124579123131872 1520000.0
6.098816729064626 2.020218701200161 0.3124579123131872 1520000.0
6.098816729064626 2.020218701200161 0.3124579123131872 1520000.0
6.098816729064626 2.020218701200161 0.3124579123131872 1520000.0
6.098816729064626 2.020218701200161 0.3124579123131872 1520000.0
6.098816729064626 2.020218701200161 0.3124579123131872 1520000.0
6.098816729064626 2.020218701200161 0.3124579123131872 1520000.0
6.098816729064626 2.020218701200161 0.3124579123131872 1520000.0
6.098816729064626 2.020218701200161 0.3124579123131872 1520000.0
6.098816729064626 2.020218701200161 0.3124579123131872 1520000.0
6.098816729064626 2.020218701200161 0.3124579123131872 1520000.0
6.098816729064626 2.020218701200161 0.3124579123131872 1520000.0
6.098816729064626 2.020218701200161 0.3124579123131872 1520000.0
6.098816729064626 2.020218701200161 0.3124579123131872 1520000.0
6.098816729064626 2.020218701200161 0.3124579123131872 1520000.0
6.098816729064626 2.020218701200161 0.3124579123131872 1520000.0
6.098816729064626 2.020218701200161 0.3124579123131872 1520000.0
6.098816729064626 2.020218701200161 0.3124579123131872 1520000.0
6.098816729064626 2.020218701200161 0.3124579123131872 1520000.0
6.098816729064626 2.020218701200161 0.3124579123131872 1520000.0
6.098816729064626 2.020218701200161 0.3124579123131872 1520000.0
6.098816729064626 2.020218701200161 0.3124579123131872 1520000.0
6.098816729064626 2.020218701200161 0.3124579123131872 1520000.0
6.098816729064626 2.020218701200161 0.3124579123131872 1520000.0
6.098816729064626 2.020218701200161 0.3124579123131872 1520000.0
6.098816729064626 2.020218701200161 0.3124579123131872 1520000.0
6.098816729064626 2.020218701200161 0.3124579123131872 1520000.0
6.098816729064626 2.020218701200161 0.3124579123131872 1520000.0
6.098816729064626 2.020218701200161 0.3124579123131872 1520000.0
6.098816729064626 2.020218701200161 0.3124579123131872 1520000.0
6.098816729064626 2.020218701200161 0.3124579123131872 1520000.0
6.098816729064626 2.020218701200161 0.3124579123131872 1520000.0
6.098816729064626 2.020218701200161 0.3124579123131872 1520000.0
6.098816729064626 2.020218701200161 0.3124579123131872 1520000.0
6.098816729064626 2.020218701200161 0.3124579123131872 1520000.0
6.098816729064626 2.020218701200161 0.3124579123131872 1520000.0
6.098816729064626 2.020218701200161 0.3124579123131872 1520000.0
6.098816729064626 2.020218701200161 0.3124579123131872 1520000.0
6.098816729064626 2.020218701200161 0.3124579123131872 1520000.0
6.098816729064626 2.020218701200161 0.3124579123131872 1520000.0
6.098816729064626 2.020218701200161 0.3124579123131872 1520000.0
6.098816729064626 2.020218701200161 0.3124579123131872 1520000.0
6.098816729064626 2.020218701200161 0.3124579123131872 1520000.0
6.172258900212224 2.050650777395905 0.3214097967820165 0.0 2,1,1 coil/filament1/filament2
5.754467969886114 2.709448243398442 0.14092472963011857 1520000.0
5.686958282259243 2.670539026064438 0.12279975009970998 1520000.0
5.686958282259243 2.670539026064438 0.12279975009970998 1520000.0
5.686958282259243 2.670539026064438 0.12279975009970998 1520000.0
5.686958282259243 2.670539026064438 0.12279975009970998 1520000.0
5.686958282259243 2.670539026064438 0.12279975009970998 1520000.0
5.686958282259243 2.670539026064438 0.12279975009970998 1520000.0
5.686958282259243 2.670539026064438 0.12279975009970998 1520000.0
5.686958282259243 2.670539026064438 0.12279975009970998 1520000.0
5.686958282259243 2.670539026064438 0.12279975009970998 1520000.0
5.686958282259243 2.670539026064438 0.12279975009970998 1520000.0
5.686958282259243 2.670539026064438 0.12279975009970998 1520000.0
5.686958282259243 2.670539026064438 0.12279975009970998 1520000.0
5.686958282259243 2.670539026064438 0.12279975009970998 1520000.0
5.686958282259243 2.670539026064438 0.12279975009970998 1520000.0
5.686958282259243 2.670539026064438 0.12279975009970998 1520000.0
5.686958282259243 2.670539026064438 0.12279975009970998 1520000.0
5.686958282259243 2.670539026064438 0.12279975009970998 1520000.0
5.686958282259243 2.670539026064438 0.12279975009970998 1520000.0
5.686958282259243 2.670539026064438 0.12279975009970998 1520000.0
5.686958282259243 2.670539026064438 0.12279975009970998 1520000.0
5.686958282259243 2.670539026064438 0.12279975009970998 1520000.0
5.686958282259243 2.670539026064438 0.12279975009970998 1520000.0
5.686958282259243 2.670539026064438 0.12279975009970998 1520000.0
5.686958282259243 2.670539026064438 0.12279975009970998 1520000.0
5.686958282259243 2.670539026064438 0.12279975009970998 1520000.0
5.686958282259243 2.670539026064438 0.12279975009970998 1520000.0
5.686958282259243 2.670539026064438 0.12279975009970998 1520000.0
5.686958282259243 2.670539026064438 0.12279975009970998 1520000.0
5.686958282259243 2.670539026064438 0.12279975009970998 1520000.0
5.686958282259243 2.670539026064438 0.12279975009970998 1520000.0
5.686958282259243 2.670539026064438 0.12279975009970998 1520000.0
5.686958282259243 2.670539026064438 0.12279975009970998 1520000.0
5.686958282259243 2.670539026064438 0.12279975009970998 1520000.0
5.686958282259243 2.670539026064438 0.12279975009970998 1520000.0
5.686958282259243 2.670539026064438 0.12279975009970998 1520000.0
5.686958282259243 2.670539026064438 0.12279975009970998 1520000.0
5.686958282259243 2.670539026064438 0.12279975009970998 1520000.0
5.686958282259243 2.670539026064438 0.12279975009970998 1520000.0
5.686958282259243 2.670539026064438 0.12279975009970998 1520000.0
5.686958282259243 2.670539026064438 0.12279975009970998 1520000.0
5.686958282259243 2.670539026064438 0.12279975009970998 1520000.0
5.686958282259243 2.670539026064438 0.12279975009970998 1520000.0
5.686958282259243 2.670539026064438 0.12279975009970998 1520000.0
5.686958282259243 2.670539026064438 0.12279975009970998 1520000.0
5.686958282259243 2.670539026064438 0.12279975009970998 1520000.0
5.686958282259243 2.670539026064438 0.12279975009970998 1520000.0
5.686958282259243 2.670539026064438 0.12279975009970998 1520000.0
5.686958282259243 2.670539026064438 0.12279975009970998 1520000.0
5.686958282259243 2.670539026064438 0.12279975009970998 1520000.0
5.686958282259243 2.670539026064438 0.12279975009970998 1520000.0
5.686958282259243 2.670539026064438 0.12279975009970998 1520000.0
5.686958282259243 2.670539026064438 0.12279975009970998 1520000.0
5.686958282259243 2.670539026064438 0.12279975009970998 1520000.0
5.686958282259243 2.670539026064438 0.12279975009970998 1520000.0
5.686958282259243 2.670539026064438 0.12279975009970998 1520000.0
5.686958282259243 2.670539026064438 0.12279975009970998 1520000.0
5.686958282259243 2.670539026064438 0.12279975009970998 1520000.0
5.686958282259243 2.670539026064438 0.12279975009970998 1520000.0
5.686958282259243 2.670539026064438 0.12279975009970998 1520000.0
5.686958282259243 2.670539026064438 0.12279975009970998 1520000.0
5.686958282259243 2.670539026064438 0.12279975009970998 1520000.0
5.686958282259243 2.670539026064438 0.12279975009970998 1520000.0
5.686958282259243 2.670539026064438 0.12279975009970998 1520000.0
5.754467969886114 2.709448243398442 0.14092472963011857 0.0 3,0,0 coil/filament1/filament2
5.720166593048224 2.7262668389115796 0.23059854978478284 1520000.0
5.652887020307644 2.6876265299590343 0.2110950727640839 1520000.0
5.652887020307644 2.6876265299590343 0.2110950727640839 1520000.0
5.652887020307644 2.6876265299590343 0.2110950727640839 1520000.0
5.652887020307644 2.6876265299590343 0.2110950727640839 1520000.0
5.652887020307644 2.6876265299590343 0.2110950727640839 1520000.0
5.652887020307644 2.6876265299590343 0.2110950727640839 1520000.0
5.652887020307644 2.6876265299590343 0.2110950727640839 1520000.0
5.652887020307644 2.6876265299590343 0.2110950727640839 1520000.0
5.652887020307644 2.6876265299590343 0.2110950727640839 1520000.0
5.652887020307644 2.6876265299590343 0.2110950727640839 1520000.0
5.652887020307644 2.6876265299590343 0.2110950727640839 1520000.0
5.652887020307644 2.6876265299590343 0.2110950727640839 1520000.0
5.652887020307644 2.6876265299590343 0.2110950727640839 1520000.0
5.652887020307644 2.6876265299590343 0.2110950727640839 1520000.0
5.652887020307644 2.6876265299590343 0.2110950727640839 1520000.0
5.652887020307644 2.6876265299590343 0.2110950727640839 1520000.0
5.652887020307644 2.6876265299590343 0.2110950727640839 1520000.0
5.652887020307644 2.6876265299590343 0.2110950727640839 1520000.0
5.652887020307644 2.6876265299590343 0.2110950727640839 1520000.0
5.652887020307644 2.6876265299590343 0.2110950727640839 1520000.0
5.652887020307644 2.6876265299590343 0.2110950727640839 1520000.0
5.652887020307644 2.6876265299590343 0.2110950727640839 1520000.0
5.652887020307644 2.6876265299590343 0.2110950727640839 1520000.0
5.652887020307644 2.6876265299590343 0.2110950727640839 1520000.0
5.652887020307644 2.6876265299590343 0.2110950727640839 1520000.0
5.652887020307644 2.6876265299590343 0.2110950727640839 1520000.0
5.652887020307644 2.6876265299590343 0.2110950727640839 1520000.0
5.652887020307644 2.6876265299590343 0.2110950727640839 1520000.0
5.652887020307644 2.6876265299590343 0.2110950727640839 1520000.0
5.652887020307644 2.6876265299590343 0.2110950727640839 1520000.0
5.652887020307644 2.6876265299590343 0.2110950727640839 1520000.0
5.652887020307644 2.6876265299590343 0.2110950727640839 1520000.0
5.652887020307644 2.6876265299590343 0.2110950727640839 1520000.0
5.652887020307644 2.6876265299590343 0.2110950727640839 1520000.0
5.652887020307644 2.6876265299590343 0.2110950727640839 1520000.0
5.652887020307644 2.6876265299590343 0.2110950727640839 1520000.0
5.652887020307644 2.6876265299590343 0.2110950727640839 1520000.0
5.652887020307644 2.6876265299590343 0.2110950727640839 1520000.0
5.652887020307644 2.6876265299590343 0.2110950727640839 1520000.0
5.652887020307644 2.6876265299590343 0.2110950727640839 1520000.0
5.652887020307644 2.6876265299590343 0.2110950727640839 1520000.0
5.652887020307644 2.6876265299590343 0.2110950727640839 1520000.0
5.652887020307644 2.6876265299590343 0.2110950727640839 1520000.0
5.652887020307644 2.6876265299590343 0.2110950727640839 1520000.0
5.652887020307644 2.6876265299590343 0.2110950727640839 1520000.0
5.652887020307644 2.6876265299590343 0.2110950727640839 1520000.0
5.652887020307644 2.6876265299590343 0.2110950727640839 1520000.0
5.652887020307644 2.6876265299590343 0.2110950727640839 1520000.0
5.652887020307644 2.6876265299590343 0.2110950727640839 1520000.0
5.652887020307644 2.6876265299590343 0.2110950727640839 1520000.0
5.652887020307644 2.6876265299590343 0.2110950727640839 1520000.0
5.652887020307644 2.6876265299590343 0.2110950727640839 1520000.0
5.652887020307644 2.6876265299590343 0.2110950727640839 1520000.0
5.652887020307644 2.6876265299590343 0.2110950727640839 1520000.0
5.652887020307644 2.6876265299590343 0.2110950727640839 1520000.0
5.652887020307644 2.6876265299590343 0.2110950727640839 1520000.0
5.652887020307644 2.6876265299590343 0.2110950727640839 1520000.0
5.652887020307644 2.6876265299590343 0.2110950727640839 1520000.0
5.652887020307644 2.6876265299590343 0.2110950727640839 1520000.0
5.652887020307644 2.6876265299590343 0.2110950727640839 1520000.0
5.652887020307644 2.6876265299590343 0.2110950727640839 1520000.0
5.652887020307644 2.6876265299590343 0.2110950727640839 1520000.0
5.652887020307644 2.6876265299590343 0.2110950727640839 1520000.0
5.720166593048224 2.7262668389115796 0.23059854978478284 0.0 3,0,1 coil/filament1/filament2
5.78715129763049 2.6409536032141463 0.16622857031839347 1520000.0
5.719641610003619 2.6020443858801423 0.14810359078798488 1520000.0
5.719641610003619 2.6020443858801423 0.14810359078798488 1520000.0
5.719641610003619 2.6020443858801423 0.14810359078798488 1520000.0
5.719641610003619 2.6020443858801423 0.14810359078798488 1520000.0
5.719641610003619 2.6020443858801423 0.14810359078798488 1520000.0
5.719641610003619 2.6020443858801423 0.14810359078798488 1520000.0
5.719641610003619 2.6020443858801423 0.14810359078798488 1520000.0
5.719641610003619 2.6020443858801423 0.14810359078798488 1520000.0
5.719641610003619 2.6020443858801423 0.14810359078798488 1520000.0
5.719641610003619 2.6020443858801423 0.14810359078798488 1520000.0
5.719641610003619 2.6020443858801423 0.14810359078798488 1520000.0
5.719641610003619 2.6020443858801423 0.14810359078798488 1520000.0
5.719641610003619 2.6020443858801423 0.14810359078798488 1520000.0
5.719641610003619 2.6020443858801423 0.14810359078798488 1520000.0
5.719641610003619 2.6020443858801423 0.14810359078798488 1520000.0
5.719641610003619 2.6020443858801423 0.14810359078798488 1520000.0
5.719641610003619 2.6020443858801423 0.14810359078798488 1520000.0
5.719641610003619 2.6020443858801423 0.14810359078798488 1520000.0
5.719641610003619 2.6020443858801423 0.14810359078798488 1520000.0
5.719641610003619 2.6020443858801423 0.14810359078798488 1520000.0
5.719641610003619 2.6020443858801423 0.14810359078798488 1520000.0
5.719641610003619 2.6020443858801423 0.14810359078798488 1520000.0
5.719641610003619 2.6020443858801423 0.14810359078798488 1520000.0
5.719641610003619 2.6020443858801423 0.14810359078798488 1520000.0
5.719641610003619 2.6020443858801423 0.14810359078798488 1520000.0
5.719641610003619 2.6020443858801423 0.14810359078798488 1520000.0
5.719641610003619 2.6020443858801423 0.14810359078798488 1520000.0
5.719641610003619 2.6020443858801423 0.14810359078798488 1520000.0
5.719641610003619 2.6020443858801423 0.14810359078798488 1520000.0
5.719641610003619 2.6020443858801423 0.14810359078798488 1520000.0
5.719641610003619 2.6020443858801423 0.14810359078798488 1520000.0
5.719641610003619 2.6020443858801423 0.14810359078798488 1520000.0
5.719641610003619 2.6020443858801423 0.14810359078798488 1520000.0
5.719641610003619 2.6020443858801423 0.14810359078798488 1520000.0
5.719641610003619 2.6020443858801423 0.14810359078798488 1520000.0
5.719641610003619 2.6020443858801423 0.14810359078798488 1520000.0
5.719641610003619 2.6020443858801423 0.14810359078798488 1520000.0
5.719641610003619 2.6020443858801423 0.14810359078798488 1520000.0
5.719641610003619 2.6020443858801423 0.14810359078798488 1520000.0
5.719641610003619 2.6020443858801423 0.14810359078798488 1520000.0
5.719641610003619 2.6020443858801423 0.14810359078798488 1520000.0
5.719641610003619 2.6020443858801423 0.14810359078798488 1520000.0
5.719641610003619 2.6020443858801423 0.14810359078798488 1520000.0
5.719641610003619 2.6020443858801423 0.14810359078798488 1520000.0
5.719641610003619 2.6020443858801423 0.14810359078798488 1520000.0
5.719641610003619 2.6020443858801423 0.14810359078798488 1520000.0
5.719641610003619 2.6020443858801423 0.14810359078798488 1520000.0
5.719641610003619 2.6020443858801423 0.14810359078798488 1520000.0
5.719641610003619 2.6020443858801423 0.14810359078798488 1520000.0
5.719641610003619 2.6020443858801423 0.14810359078798488 1520000.0
5.719641610003619 2.6020443858801423 0.14810359078798488 1520000.0
5.719641610003619 2.6020443858801423 0.14810359078798488 1520000.0
5.719641610003619 2.6020443858801423 0.14810359078798488 1520000.0
5.719641610003619 2.6020443858801423 0.14810359078798488 1520000.0
5.719641610003619 2.6020443858801423 0.14810359078798488 1520000.0
5.719641610003619 2.6020443858801423 0.14810359078798488 1520000.0
5.719641610003619 2.6020443858801423 0.14810359078798488 1520000.0
5.719641610003619 2.6020443858801423 0.14810359078798488 1520000.0
5.719641610003619 2.6020443858801423 0.14810359078798488 1520000.0
5.719641610003619 2.6020443858801423 0.14810359078798488 1520000.0
5.719641610003619 2.6020443858801423 0.14810359078798488 1520000.0
5.719641610003619 2.6020443858801423 0.14810359078798488 1520000.0
5.719641610003619 2.6020443858801423 0.14810359078798488 1520000.0
5.78715129763049 2.6409536032141463 0.16622857031839347 0.0 3,1,0 coil/filament1/filament2
5.752323713442 2.65751518655753 0.2558795684859374 1520000.0
5.685044140701421 2.6188748776049846 0.23637609146523847 1520000.0
5.685044140701421 2.6188748776049846 0.23637609146523847 1520000.0
5.685044140701421 2.6188748776049846 0.23637609146523847 1520000.0
5.685044140701421 2.6188748776049846 0.23637609146523847 1520000.0
5.685044140701421 2.6188748776049846 0.23637609146523847 1520000.0
5.685044140701421 2.6188748776049846 0.23637609146523847 1520000.0
5.685044140701421 2.6188748776049846 0.23637609146523847 1520000.0
5.685044140701421 2.6188748776049846 0.23637609146523847 1520000.0
5.685044140701421 2.6188748776049846 0.23637609146523847 1520000.0
5.685044140701421 2.6188748776049846 0.23637609146523847 1520000.0
5.685044140701421 2.6188748776049846 0.23637609146523847 1520000.0
5.685044140701421 2.6188748776049846 0.23637609146523847 1520000.0
5.685044140701421 2.6188748776049846 0.23637609146523847 1520000.0
5.685044140701421 2.6188748776049846 0.23637609146523847 1520000.0
5.685044140701421 2.6188748776049846 0.23637609146523847 1520000.0
5.685044140701421 2.6188748776049846 0.23637609146523847 1520000.0
5.685044140701421 2.6188748776049846 0.23637609146523847 1520000.0
5.685044140701421 2.6188748776049846 0.23637609146523847 1520000.0
5.685044140701421 2.6188748776049846 0.23637609146523847 1520000.0
5.685044140701421 2.6188748776049846 0.23637609146523847 1520000.0
5.685044140701421 2.6188748776049846 0.23637609146523847 1520000.0
5.685044140701421 2.6188748776049846 0.23637609146523847 1520000.0
5.685044140701421 2.6188748776049846 0.23637609146523847 1520000.0
5.685044140701421 2.6188748776049846 0.23637609146523847 1520000.0
5.685044140701421 2.6188748776049846 0.23637609146523847 1520000.0
5.685044140701421 2.6188748776049846 0.23637609146523847 1520000.0
5.685044140701421 2.6188748776049846 0.23637609146523847 1520000.0
5.685044140701421 2.6188748776049846 0.23637609146523847 1520000.0
5.685044140701421 2.6188748776049846 0.23637609146523847 1520000.0
5.685044140701421 2.6188748776049846 0.23637609146523847 1520000.0
5.685044140701421 2.6188748776049846 0.23637609146523847 1520000.0
5.685044140701421 2.6188748776049846 0.23637609146523847 1520000.0
5.685044140701421 2.6188748776049846 0.23637609146523847 1520000.0
5.685044140701421 2.6188748776049846 0.23637609146523847 1520000.0
5.685044140701421 2.6188748776049846 0.23637609146523847 1520000.0
5.685044140701421 2.6188748776049846 0.23637609146523847 1520000.0
5.685044140701421 2.6188748776049846 0.23637609146523847 1520000.0
5.685044140701421 2.6188748776049846 0.23637609146523847 1520000.0
5.685044140701421 2.6188748776049846 0.23637609146523847 1520000.0
5.685044140701421 2.6188748776049846 0.23637609146523847 1520000.0
5.685044140701421 2.6188748776049846 0.23637609146523847 1520000.0
5.685044140701421 2.6188748776049846 0.23637609146523847 1520000.0
5.685044140701421 2.6188748776049846 0.23637609146523847 1520000.0
5.685044140701421 2.6188748776049846 0.23637609146523847 1520000.0
5.685044140701421 2.6188748776049846 0.23637609146523847 1520000.0
5.685044140701421 2.6188748776049846 0.23637609146523847 1520000.0
5.685044140701421 2.6188748776049846 0.23637609146523847 1520000.0
5.685044140701421 2.6188748776049846 0.23637609146523847 1520000.0
5.685044140701421 2.6188748776049846 0.23637609146523847 1520000.0
5.685044140701421 2.6188748776049846 0.23637609146523847 1520000.0
5.685044140701421 2.6188748776049846 0.23637609146523847 1520000.0
5.685044140701421 2.6188748776049846 0.23637609146523847 1520000.0
5.685044140701421 2.6188748776049846 0.23637609146523847 1520000.0
5.685044140701421 2.6188748776049846 0.23637609146523847 1520000.0
5.685044140701421 2.6188748776049846 0.23637609146523847 1520000.0
5.685044140701421 2.6188748776049846 0.23637609146523847 1520000.0
5.685044140701421 2.6188748776049846 0.23637609146523847 1520000.0
5.685044140701421 2.6188748776049846 0.23637609146523847 1520000.0
5.685044140701421 2.6188748776049846 0.23637609146523847 1520000.0
5.685044140701421 2.6188748776049846 0.23637609146523847 1520000.0
5.685044140701421 2.6188748776049846 0.23637609146523847 1520000.0
5.685044140701421 2.6188748776049846 0.23637609146523847 1520000.0
5.685044140701421 2.6188748776049846 0.23637609146523847 1520000.0
5.752323713442 2.65751518655753 0.2558795684859374 0.0 3,1,1 coil/filament1/filament2
5.388543785284803 3.36408117866492 0.04877576790571239 1520000.0
5.318675560260982 3.3251222441963124 0.047980433327372646 1520000.0
5.318675560260982 3.3251222441963124 0.047980433327372646 1520000.0
5.318675560260982 3.3251222441963124 0.047980433327372646 1520000.0
5.318675560260982 3.3251222441963124 0.047980433327372646 1520000.0
5.318675560260982 3.3251222441963124 0.047980433327372646 1520000.0
5.318675560260982 3.3251222441963124 0.047980433327372646 1520000.0
5.318675560260982 3.3251222441963124 0.047980433327372646 1520000.0
5.318675560260982 3.3251222441963124 0.047980433327372646 1520000.0
5.318675560260982 3.3251222441963124 0.047980433327372646 1520000.0
5.318675560260982 3.3251222441963124 0.047980433327372646 1520000.0
5.318675560260982 3.3251222441963124 0.047980433327372646 1520000.0
5.318675560260982 3.3251222441963124 0.047980433327372646 1520000.0
5.318675560260982 3.3251222441963124 0.047980433327372646 1520000.0
5.318675560260982 3.3251222441963124 0.047980433327372646 1520000.0
5.318675560260982 3.3251222441963124 0.047980433327372646 1520000.0
5.318675560260982 3.3251222441963124 0.047980433327372646 1520000.0
5.318675560260982 3.3251222441963124 0.047980433327372646 1520000.0
5.318675560260982 3.3251222441963124 0.047980433327372646 1520000.0
5.318675560260982 3.3251222441963124 0.047980433327372646 1520000.0
5.318675560260982 3.3251222441963124 0.047980433327372646 1520000.0
5.318675560260982 3.3251222441963124 0.047980433327372646 1520000.0
5.318675560260982 3.3251222441963124 0.047980433327372646 1520000.0
5.318675560260982 3.3251222441963124 0.047980433327372646 1520000.0
5.318675560260982 3.3251222441963124 0.047980433327372646 1520000.0
5.318675560260982 3.3251222441963124 0.047980433327372646 1520000.0
5.318675560260982 3.3251222441963124 0.047980433327372646 1520000.0
5.318675560260982 3.3251222441963124 0.047980433327372646 1520000.0
5.318675560260982 3.3251222441963124 0.047980433327372646 1520000.0
5.318675560260982 3.3251222441963124 0.047980433327372646 1520000.0
5.318675560260982 3.3251222441963124 0.047980433327372646 1520000.0
5.318675560260982 3.3251222441963124 0.047980433327372646 1520000.0
5.318675560260982 3.3251222441963124 0.047980433327372646 1520000.0
5.318675560260982 3.3251222441963124 0.047980433327372646 1520000.0
5.318675560260982 3.3251222441963124 0.047980433327372646 1520000.0
5.318675560260982 3.3251222441963124 0.047980433327372646 1520000.0
5.318675560260982 3.3251222441963124 0.047980433327372646 1520000.0
5.318675560260982 3.3251222441963124 0.047980433327372646 1520000.0
5.318675560260982 3.3251222441963124 0.047980433327372646 1520000.0
5.318675560260982 3.3251222441963124 0.047980433327372646 1520000.0
5.318675560260982 3.3251222441963124 0.047980433327372646 1520000.0
5.318675560260982 3.3251222441963124 0.047980433327372646 1520000.0
5.318675560260982 3.3251222441963124 0.047980433327372646 1520000.0
5.318675560260982 3.3251222441963124 0.047980433327372646 1520000.0
5.318675560260982 3.3251222441963124 0.047980433327372646 1520000.0
5.318675560260982 3.3251222441963124 0.047980433327372646 1520000.0
5.318675560260982 3.3251222441963124 0.047980433327372646 1520000.0
5.318675560260982 3.3251222441963124 0.047980433327372646 1520000.0
5.318675560260982 3.3251222441963124 0.047980433327372646 1520000.0
5.318675560260982 3.3251222441963124 0.047980433327372646 1520000.0
5.318675560260982 3.3251222441963124 0.047980433327372646 1520000.0
5.318675560260982 3.3251222441963124 0.047980433327372646 1520000.0
5.318675560260982 3.3251222441963124 0.047980433327372646 1520000.0
5.318675560260982 3.3251222441963124 0.047980433327372646 1520000.0
5.318675560260982 3.3251222441963124 0.047980433327372646 1520000.0
5.318675560260982 3.3251222441963124 0.047980433327372646 1520000.0
5.318675560260982 3.3251222441963124 0.047980433327372646 1520000.0
5.318675560260982 3.3251222441963124 0.047980433327372646 1520000.0
5.318675560260982 3.3251222441963124 0.047980433327372646 1520000.0
5.318675560260982 3.3251222441963124 0.047980433327372646 1520000.0
5.318675560260982 3.3251222441963124 0.047980433327372646 1520000.0
5.318675560260982 3.3251222441963124 0.047980433327372646 1520000.0
5.318675560260982 3.3251222441963124 0.047980433327372646 1520000.0
5.318675560260982 3.3251222441963124 0.047980433327372646 1520000.0
5.388543785284803 3.36408117866492 0.04877576790571239 0.0 4,0,0 coil/filament1/filament2
5.389269634812069 3.3336352755048204 0.15132707304150322 1520000.0
5.320135474086721 3.2978177082006455 0.13295400325954665 1520000.0
5.320135474086721 3.2978177082006455 0.13295400325954665 1520000.0
5.320135474086721 3.2978177082006455 0.13295400325954665 1520000.0
5.320135474086721 3.2978177082006455 0.13295400325954665 1520000.0
5.320135474086721 3.2978177082006455 0.13295400325954665 1520000.0
5.320135474086721 3.2978177082006455 0.13295400325954665 1520000.0
5.320135474086721 3.2978177082006455 0.13295400325954665 1520000.0
5.320135474086721 3.2978177082006455 0.13295400325954665 1520000.0
5.320135474086721 3.2978177082006455 0.13295400325954665 1520000.0
5.320135474086721 3.2978177082006455 0.13295400325954665 1520000.0
5.320135474086721 3.2978177082006455 0.13295400325954665 1520000.0
5.320135474086721 3.2978177082006455 0.13295400325954665 1520000.0
5.320135474086721 3.2978177082006455 0.13295400325954665 1520000.0
5.320135474086721 3.2978177082006455 0.13295400325954665 1520000.0
5.320135474086721 3.2978177082006455 0.13295400325954665 1520000.0
5.320135474086721 3.2978177082006455 0.13295400325954665 1520000.0
5.320135474086721 3.2978177082006455 0.13295400325954665 1520000.0
5.320135474086721 3.2978177082006455 0.13295400325954665 1520000.0
5.320135474086721 3.2978177082006455 0.13295400325954665 1520000.0
5.320135474086721 3.2978177082006455 0.13295400325954665 1520000.0
5.320135474086721 3.2978177082006455 0.13295400325954665 1520000.0
5.320135474086721 3.2978177082006455 0.13295400325954665 1520000.0
5.320135474086721 3.2978177082006455 0.13295400325954665 1520000.0
5.320135474086721 3.2978177082006455 0.13295400325954665 1520000.0
5.320135474086721 3.2978177082006455 0.13295400325954665 1520000.0
5.320135474086721 3.2978177082006455 0.13295400325954665 1520000.0
5.320135474086721 3.2978177082006455 0.13295400325954665 1520000.0
5.320135474086721 3.2978177082006455 0.13295400325954665 1520000.0
5.320135474086721 3.2978177082006455 0.13295400325954665 1520000.0
5.320135474086721 3.2978177082006455 0.13295400325954665 1520000.0
5.320135474086721 3.2978177082006455 0.13295400325954665 1520000.0
5.320135474086721 3.2978177082006455 0.13295400325954665 1520000.0
5.320135474086721 3.2978177082006455 0.13295400325954665 1520000.0
5.320135474086721 3.2978177082006455 0.13295400325954665 1520000.0
5.320135474086721 3.2978177082006455 0.13295400325954665 1520000.0
5.320135474086721 3.2978177082006455 0.13295400325954665 1520000.0
5.320135474086721 3.2978177082006455 0.13295400325954665 1520000.0
5.320135474086721 3.2978177082006455 0.13295400325954665 1520000.0
5.320135474086721 3.2978177082006455 0.13295400325954665 1520000.0
5.320135474086721 3.2978177082006455 0.13295400325954665 1520000.0
5.320135474086721 3.2978177082006455 0.13295400325954665 1520000.0
5.320135474086721 3.2978177082006455 0.13295400325954665 1520000.0
5.320135474086721 3.2978177082006455 0.13295400325954665 1520000.0
5.320135474086721 3.2978177082006455 0.13295400325954665 1520000.0
5.320135474086721 3.2978177082006455 0.13295400325954665 1520000.0
5.320135474086721 3.2978177082006455 0.13295400325954665 1520000.0
5.320135474086721 3.2978177082006455 0.13295400325954665 1520000.0
5.320135474086721 3.2978177082006455 0.13295400325954665 1520000.0
5.320135474086721 3.2978177082006455 0.13295400325954665 1520000.0
5.320135474086721 3.2978177082006455 0.13295400325954665 1520000.0
5.320135474086721 3.2978177082006455 0.13295400325954665 1520000.0
5.320135474086721 3.2978177082006455 0.13295400325954665 1520000.0
5.320135474086721 3.2978177082006455 0.13295400325954665 1520000.0
5.320135474086721 3.2978177082006455 0.13295400325954665 1520000.0
5.320135474086721 3.2978177082006455 0.13295400325954665 1520000.0
5.320135474086721 3.2978177082006455 0.13295400325954665 1520000.0
5.320135474086721 3.2978177082006455 0.13295400325954665 1520000.0
5.320135474086721 3.2978177082006455 0.13295400325954665 1520000.0
5.320135474086721 3.2978177082006455 0.13295400325954665 1520000.0
5.320135474086721 3.2978177082006455 0.13295400325954665 1520000.0
5.320135474086721 3.2978177082006455 0.13295400325954665 1520000.0
5.320135474086721 3.2978177082006455 0.13295400325954665 1520000.0
5.320135474086721 3.2978177082006455 0.13295400325954665 1520000.0
5.389269634812069 3.3336352755048204 0.15132707304150322 0.0 4,0,1 coil/filament1/filament2
5.424806715361917 3.2996726683292996 0.018172766442315358 1520000.0
5.354938490338096 3.260713733860692 0.017377431863975612 1520000.0
5.354938490338096 3.260713733860692 0.017377431863975612 1520000.0
5.354938490338096 3.260713733860692 0.017377431863975612 1520000.0
5.354938490338096 3.260713733860692 0.017377431863975612 1520000.0
5.354938490338096 3.260713733860692 0.017377431863975612 1520000.0
5.354938490338096 3.260713733860692 0.017377431863975612 1520000.0
5.354938490338096 3.260713733860692 0.017377431863975612 1520000.0
5.354938490338096 3.260713733860692 0.017377431863975612 1520000.0
5.354938490338096 3.260713733860692 0.017377431863975612 1520000.0
5.354938490338096 3.260713733860692 0.017377431863975612 1520000.0
5.354938490338096 3.260713733860692 0.017377431863975612 1520000.0
5.354938490338096 3.260713733860692 0.017377431863975612 1520000.0
5.354938490338096 3.260713733860692 0.017377431863975612 1520000.0
5.354938490338096 3.260713733860692 0.017377431863975612 1520000.0
5.354938490338096 3.260713733860692 0.017377431863975612 1520000.0
5.354938490338096 3.260713733860692 0.017377431863975612 1520000.0
5.354938490338096 3.260713733860692 0.017377431863975612 1520000.0
5.354938490338096 3.260713733860692 0.017377431863975612 1520000.0
5.354938490338096 3.260713733860692 0.017377431863975612 1520000.0
5.354938490338096 3.260713733860692 0.017377431863975612 1520000.0
5.354938490338096 3.260713733860692 0.017377431863975612 1520000.0
5.354938490338096 3.260713733860692 0.017377431863975612 1520000.0
5.354938490338096 3.260713733860692 0.017377431863975612 1520000.0
5.354938490338096 3.260713733860692 0.017377431863975612 1520000.0
5.354938490338096 3.260713733860692 0.017377431863975612 1520000.0
5.354938490338096 3.260713733860692 0.017377431863975612 1520000.0
5.354938490338096 3.260713733860692 0.017377431863975612 1520000.0
5.354938490338096 3.260713733860692 0.017377431863975612 1520000.0
5.354938490338096 3.260713733860692 0.017377431863975612 1520000.0
5.354938490338096 3.260713733860692 0.017377431863975612 1520000.0
5.354938490338096 3.260713733860692 0.017377431863975612 1520000.0
5.354938490338096 3.260713733860692 0.017377431863975612 1520000.0
5.354938490338096 3.260713733860692 0.017377431863975612 1520000.0
5.354938490338096 3.260713733860692 0.017377431863975612 1520000.0
5.354938490338096 3.260713733860692 0.017377431863975612 1520000.0
5.354938490338096 3.260713733860692 0.017377431863975612 1520000.0
5.354938490338096 3.260713733860692 0.017377431863975612 1520000.0
5.354938490338096 3.260713733860692 0.017377431863975612 1520000.0
5.354938490338096 3.260713733860692 0.017377431863975612 1520000.0
5.354938490338096 3.260713733860692 0.017377431863975612 1520000.0
5.354938490338096 3.260713733860692 0.017377431863975612 1520000.0
5.354938490338096 3.260713733860692 0.017377431863975612 1520000.0
5.354938490338096 3.260713733860692 0.017377431863975612 1520000.0
5.354938490338096 3.260713733860692 0.017377431863975612 1520000.0
5.354938490338096 3.260713733860692 0.017377431863975612 1520000.0
5.354938490338096 3.260713733860692 0.017377431863975612 1520000.0
5.354938490338096 3.260713733860692 0.017377431863975612 1520000.0
5.354938490338096 3.260713733860692 0.017377431863975612 1520000.0
5.354938490338096 3.260713733860692 0.017377431863975612 1520000.0
5.354938490338096 3.260713733860692 0.017377431863975612 1520000.0
5.354938490338096 3.260713733860692 0.017377431863975612 1520000.0
5.354938490338096 3.260713733860692 0.017377431863975612 1520000.0
5.354938490338096 3.260713733860692 0.017377431863975612 1520000.0
5.354938490338096 3.260713733860692 0.017377431863975612 1520000.0
5.354938490338096 3.260713733860692 0.017377431863975612 1520000.0
5.354938490338096 3.260713733860692 0.017377431863975612 1520000.0
5.354938490338096 3.260713733860692 0.017377431863975612 1520000.0
5.354938490338096 3.260713733860692 0.017377431863975612 1520000.0
5.354938490338096 3.260713733860692 0.017377431863975612 1520000.0
5.354938490338096 3.260713733860692 0.017377431863975612 1520000.0
5.354938490338096 3.260713733860692 0.017377431863975612 1520000.0
5.354938490338096 3.260713733860692 0.017377431863975612 1520000.0
5.354938490338096 3.260713733860692 0.017377431863975612 1520000.0
5.424806715361917 3.2996726683292996 0.018172766442315358 0.0 4,1,0 coil/filament1/filament2
5.428130354319858 3.264725958657946 0.13943798009738206 1520000.0
5.35899619359451 3.228908391353771 0.12106491031542548 1520000.0
5.35899619359451 3.228908391353771 0.12106491031542548 1520000.0
5.35899619359451 3.228908391353771 0.12106491031542548 1520000.0
5.35899619359451 3.228908391353771 0.12106491031542548 1520000.0
5.35899619359451 3.228908391353771 0.12106491031542548 1520000.0
5.35899619359451 3.228908391353771 0.12106491031542548 1520000.0
5.35899619359451 3.228908391353771 0.12106491031542548 1520000.0
5.35899619359451 3.228908391353771 0.12106491031542548 1520000.0
5.35899619359451 3.228908391353771 0.12106491031542548 1520000.0
5.35899619359451 3.228908391353771 0.12106491031542548 1520000.0
5.35899619359451 3.228908391353771 0.12106491031542548 1520000.0
5.35899619359451 3.228908391353771 0.12106491031542548 1520000.0
5.35899619359451 3.228908391353771 0.12106491031542548 1520000.0
5.35899619359451 3.228908391353771 0.12106491031542548 1520000.0
5.35899619359451 3.228908391353771 0.12106491031542548 1520000.0
5.35899619359451 3.228908391353771 0.12106491031542548 1520000.0
5.35899619359451 3.228908391353771 0.12106491031542548 1520000.0
5.35899619359451 3.228908391353771 0.12106491031542548 1520000.0
5.35899619359451 3.228908391353771 0.12106491031542548 1520000.0
5.35899619359451 3.228908391353771 0.12106491031542548 1520000.0
5.35899619359451 3.228908391353771 0.12106491031542548 1520000.0
5.35899619359451 3.228908391353771 0.12106491031542548 1520000.0
5.35899619359451 3.228908391353771 0.12106491031542548 1520000.0
5.35899619359451 3.228908391353771 0.12106491031542548 1520000.0
5.35899619359451 3.228908391353771 0.12106491031542548 1520000.0
5.35899619359451 3.228908391353771 0.12106491031542548 1520000.0
5.35899619359451 3.228908391353771 0.12106491031542548 1520000.0
5.35899619359451 3.228908391353771 0.12106491031542548 1520000.0
5.35899619359451 3.228908391353771 0.12106491031542548 1520000.0
5.35899619359451 3.228908391353771 0.12106491031542548 1520000.0
5.35899619359451 3.228908391353771 0.12106491031542548 1520000.0
5.35899619359451 3.228908391353771 0.12106491031542548 1520000.0
5.35899619359451 3.228908391353771 0.12106491031542548 1520000.0
5.35899619359451 3.228908391353771 0.12106491031542548 1520000.0
5.35899619359451 3.228908391353771 0.12106491031542548 1520000.0
5.35899619359451 3.228908391353771 0.12106491031542548 1520000.0
5.35899619359451 3.228908391353771 0.12106491031542548 1520000.0
5.35899619359451 3.228908391353771 0.12106491031542548 1520000.0
5.35899619359451 3.228908391353771 0.12106491031542548 1520000.0
5.35899619359451 3.228908391353771 0.12106491031542548 1520000.0
5.35899619359451 3.228908391353771 0.12106491031542548 1520000.0
5.35899619359451 3.228908391353771 0.12106491031542548 1520000.0
5.35899619359451 3.228908391353771 0.12106491031542548 1520000.0
5.35899619359451 3.228908391353771 0.12106491031542548 1520000.0
5.35899619359451 3.228908391353771 0.12106491031542548 1520000.0
5.35899619359451 3.228908391353771 0.12106491031542548 1520000.0
5.35899619359451 3.228908391353771 0.12106491031542548 1520000.0
5.35899619359451 3.228908391353771 0.12106491031542548 1520000.0
5.35899619359451 3.228908391353771 0.12106491031542548 1520000.0
5.35899619359451 3.228908391353771 0.12106491031542548 1520000.0
5.35899619359451 3.228908391353771 0.12106491031542548 1520000.0
5.35899619359451 3.228908391353771 0.12106491031542548 1520000.0
5.35899619359451 3.228908391353771 0.12106491031542548 1520000.0
5.35899619359451 3.228908391353771 0.12106491031542548 1520000.0
5.35899619359451 3.228908391353771 0.12106491031542548 1520000.0
5.35899619359451 3.228908391353771 0.12106491031542548 1520000.0
5.35899619359451 3.228908391353771 0.12106491031542548 1520000.0
5.35899619359451 3.228908391353771 0.12106491031542548 1520000.0
5.35899619359451 3.228908391353771 0.12106491031542548 1520000.0
5.35899619359451 3.228908391353771 0.12106491031542548 1520000.0
5.35899619359451 3.228908391353771 0.12106491031542548 1520000.0
5.35899619359451 3.228908391353771 0.12106491031542548 1520000.0
5.35899619359451 3.228908391353771 0.12106491031542548 1520000.0
5.428130354319858 3.264725958657946 0.13943798009738206 0.0 4,1,1 coil/filament1/filament2
