0.31918303893367067 0.023729106792423314 0.08591461587318788 
0.317885395154484 0.02366543897563096 0.08566190990357503 
0.3166006470289364 0.023603513625501102 0.0853813958961082 
0.3153292415750397 0.023543452753865445 0.08507374816470101 
0.31407157588589274 0.023485366441927568 0.08473973425839199 
0.3128279918830339 0.023429351905856852 0.08438020871304078 
0.3115987720756802 0.023375492773808355 0.08399610554801022 
0.3103841365072449 0.023323858592161226 0.08358842973785885 
0.3091842410055087 0.02327450456800387 0.08315824791823406 
0.30799917678311994 0.023227471544241114 0.08270667859621553 
0.3068289713667517 0.02318278619399782 0.0822348821288484 
0.3056735907716236 0.023140461412919693 0.08174405071180021 
0.3045329427873229 0.023100496881977104 0.08123539858651185 
0.3034068812035276 0.023062879769664084 0.0807101526331148 
0.30229521078129284 0.023027585541016325 0.0801695434720914 
0.3011976927665526 0.02299457884141841 0.07961479715407903 
0.3001140507457798 0.02296381442536043 0.07904712747754292 
0.2990439766569919 0.02293523810369227 0.07846772894046702 
0.2979871367897977 0.022908787687047467 0.07787777030598521 
0.29694317763323674 0.022884393907538717 0.07727838874332157 
0.29591173145735356 0.022861981305197773 0.07667068449415829 
0.2948924215417331 0.02284146906966334 0.07605571600970296 
0.2938848669900929 0.022822771831119654 0.07543449550409162 
0.2928886870934404 0.022805800397346112 0.0748079848740221 
0.2919035052246781 0.02279046243592092 0.0741770919413722 
0.2909289522646357 0.022776663102147668 0.07354266698385128 
0.2899646695733925 0.02276430561420908 0.07290549952747641 
0.2890103115316313 0.02275329177748403 0.07226631538308068 
0.2880655476850039 0.02274352245999785 0.0716257739165939 
0.28713006453044815 0.022734898020719943 0.07098446554911407 
0.28620356698750027 0.022727318691981673 0.0703429094876293 
0.28528577960024026 0.0227206849167598 0.06970155169060936 
0.28437644751694224 0.022714897641043286 0.06906076307464536 
0.28347533729505925 0.022709858561049363 0.06842083796905012 
0.2825822375791058 0.02270547032474317 0.06778199282509698 
0.28169695969853026 0.022701636686995912 0.06714436518567485 
0.28081933823197675 0.022698262617833826 0.06650801291993053 
0.2799492315835981 0.02269525436361858 0.06587291372633439 
0.2790865226164309 0.022692519461687138 0.06523896490694536 
0.27823111938741013 0.02268996670998686 0.06460598341587794 
0.2773829560284581 0.022687506094584697 0.06397370618650118 
0.276541993818246 0.022685048679615474 0.0633417907451305 
0.2757082224896418 0.022682506466261597 0.06270981612429645 
0.27488166181830953 0.022679792229710907 0.06207728409644102 
0.2740623635380675 0.022676819345687535 0.06144362075939712 
0.273250413627828 0.02267350162103503 0.06080817851846232 
0.2724459350124016 0.022669753145859974 0.06017023852634609 
0.27164909071393994 0.022665488187783463 0.0595290136616096 
0.2708600874808349 0.022660621151709526 0.05888365214796289 
0.270079179904622 0.022655066630953864 0.05823324194001763 
0.26930667501078787 0.02264873957726611 0.05757681602427061 
0.2685429372741682 0.022641555617836248 0.05691335880485148 
0.26778839396187404 0.022633431546352667 0.05624181375854141 
0.26704354064505526 0.022624286012083845 0.055561092548256925 
0.26630894664521526 0.0226140404252915 0.05487008577295536 
0.2655852600931405 0.02260262008860653 0.054167675498216036 
0.26487321218361953 0.022589955552003195 0.05345274964873593 
0.26417362011547796 0.022575984173632022 0.05272421824555521 
0.2634873881267303 0.022560651850337458 0.05198103133327116 
0.262815505985559 0.022543914861027425 0.051222198266508506 
0.26215904429893094 0.02252574174464518 0.050446807817935445 
0.2615191460717482 0.02250611511446523 0.04965404834829133 
0.26089701410654886 0.022485033294546382 0.04884322706798576 
0.26029389408397047 0.022462511655537518 0.0480137872540891 
0.25971105350030665 0.022438583528668985 0.047165322204843846 
0.2591497570352207 0.02241330059098504 0.046297584752855066 
0.2586112393360083 0.022386732642574566 0.045410491343309156 
0.25809667657622287 0.02235896673661509 0.04450412001985058 
0.2576071584123945 0.022330105672022864 0.04357870212584978 
0.2571436620675871 0.022300265910870875 0.042634608072107005 
0.2567070301813347 0.02226957503165752 0.04167232807079361 
0.25629795378122866 0.02223816886808612 0.040692449207921685 
0.25591696128675834 0.02220618850571464 0.03969563054940233 
0.2555644139151982 0.02217377731268172 0.038682578100075804 
0.25524050730263576 0.022141078165900913 0.037654021347683454 
0.2549452786594717 0.02210823100385905 0.036610692848534944 
0.2546786184103204 0.022075370796853153 0.03555331190239713 
0.25444028505685945 0.022042625981478343 0.03448257289078495 
0.2542299219521966 0.02201011736439022 0.03339913838567571 
0.2540470747645015 0.021977957465396207 0.032303636732219095 
0.2538912085973459 0.021946250244478296 0.031196663506116346 
0.2537617239799465 0.02191509114220155 0.030078786058371276 
0.25365797120096006 0.021884567357342906 0.02895055028208992 
0.25357926270233794 0.0218547582876902 0.027812488749601526 
0.2535248834541035 0.021825736067562614 0.02666512944839002 
0.25349409938688067 0.021797566146447005 0.025509004465237704 
0.2534861640655697 0.021770307865300403 0.02434465810674449 
0.2535003238496861 0.021744014999068847 0.023172654083313756 
0.2535358218117967 0.02171873624484113 0.02199358151082835 
0.25359190068443266 0.021694515644250033 0.020808059592798724 
0.253667805086618 0.021671392936054128 0.01961674093311009 
0.25376278325117735 0.021649403840319444 0.018420313495894496 
0.25387608843906695 0.021628580279457528 0.01721950127657066 
0.2540069801912683 0.021608950543822964 0.01601506377969715 
0.25415472553501045 0.02159053941090897 0.014807794418191656 
0.25431860023082137 0.021573368227668657 0.013598517957755721 
0.2544978901208745 0.02155745496536712 0.01238808713270589 
0.25469189261745334 0.021542814255828963 0.011177378557075825 
0.25489991835287185 0.02152945741714163 0.009967288049577378 
0.25512129299844605 0.021517392475923273 0.008758725484111949 
0.2553553592495946 0.02150662419224826 0.007552609269966268 
0.2556014789663066 0.02149715409230354 0.006349860558272112 
0.25585903545255295 0.02148898051285948 0.005151397264192315 
0.2561274358542624 0.021482098660702293 0.003958127987887198 
0.25640611365282473 0.021476500689300494 0.0027709459117612354 
0.2566945312293834 0.021472175794164845 0.0015907227468552319 
0.25699218247412026 0.021469110327606553 0.00041830279754201264 
0.2572985954140814 0.021467287932891505 -0.000745502789132162 
0.2576133348326035 0.021466689697119817 -0.00189992152510019 
0.2579360048528999 0.02146729432151742 -0.0030442247708005327 
0.25826625145766313 0.021469078307199917 -0.00417773255006838 
0.25860376491548615 0.02147201615384945 -0.005299817928014002 
0.2589482820833543 0.021476080568128133 -0.006409910889359817 
0.2592995885522744 0.02148124267803616 -0.007507501654524338 
0.25965752060019265 0.021487472248817457 -0.008592143370859796 
0.2600219669126374 0.02149473789543561 -0.009663454117290023 
0.2603928700269908 0.021503007286117898 -0.010721118162693156 
0.2607702274510294 0.021512247331036016 -0.011764886422379706 
0.26115409240057796 0.02152242434991748 -0.012794576063703976 
0.26154457409515725 0.02153350421233571 -0.013810069222092066 
0.2619418375449733 0.021545452444698125 -0.01481131080350231 
0.2623461027583413 0.021558234298640955 -0.01579830536946826 
0.2627576432968221 0.021571814776749722 -0.016771113127172825 
0.2631767841074308 0.021586158613346694 -0.01772984507990711 
0.26360389856897626 0.021601230210584167 -0.01867465743267251 
0.2640394047047768 0.0216169935332623 -0.019605745392668256 
0.264483760538447 0.021633411969577954 -0.020523336552968997 
0.2649374586045477 0.021650448169221948 -0.021427684096530075 
0.2654010196721673 0.02166806387456011 -0.022319060102053537 
0.26587498579611607 0.021686219764605576 -0.023197749267212638 
0.2663599128747005 0.021704875334543995 -0.02406404338141452 
0.2668563629600746 0.02172398883507101 -0.02491823687277243 
0.26736489662979585 0.021743517295123773 -0.025760623716452023 
0.2678860657774019 0.021763416648257605 -0.02659149592075921 
0.26842040720574206 0.021783641976728264 -0.027411143703885664 
0.26896843740029525 0.021804147878480073 -0.028219857343763383 
0.26953064881438665 0.021824888951363097 -0.029017930536962933 
0.2701075079122824 0.021845820377116125 -0.02980566495554448 
0.27069945509393495 0.021866898576400916 -0.03058337556142951 
0.2713069064774253 0.02188808189702047 -0.03135139614414077 
0.27193025735817733 0.021909331291805223 -0.03211008450401829 
0.2725698870171298 0.021930610941465707 -0.032859826717063105 
0.27322616443234715 0.021951888781293505 -0.0336010399888198 
0.27389945437534163 0.02197313689850773 -0.03433417372411696 
0.2745901233533541 0.021994331778191052 -0.0350597085911327 
0.2752985448926051 0.02201545438858631 -0.03577815352243067 
0.2760251037378651 0.022036490109330082 -0.036490040752430675 
0.2767701986574231 0.022057428517440435 -0.03719591912350846 
0.27753424367329904 0.022078263054412992 -0.03789634599030452 
0.2783176676678946 0.02209899060300878 -0.03859187810899409 
0.27912091243624354 0.022119611004184584 -0.03928306191635259 
0.27994442934777813 0.022140126543520235 -0.03997042358814421 
0.28078867484799985 0.022160541433137226 -0.04065445922608964 
0.28165410506792943 0.022180861310308598 -0.041335625466723036 
0.2825411698204718 0.022201092768536736 -0.042014330742493174 
0.2834503062527738 0.02222124293150524 -0.0426909273625844 
0.2843819323981746 0.022241319075485093 -0.04336570452319984 
0.28533644083630083 0.022261328301795502 -0.044038882307521926 
0.2863141926303979 0.022281277257906518 -0.044710606695578824 
0.28731551167118785 0.022301171903712405 -0.04538094557382274 
0.28834067951930714 0.022321017318295517 -0.046049885712525176 
0.28938993080551323 0.022340817541986423 -0.0467173306647954 
0.2904634492202293 0.022360575448534314 -0.04738309953263487 
0.2915613641018276 0.022380292642569577 -0.04804692654149573 
0.29268374761602034 0.02239996937812465 -0.048708461364011836 
0.2938306125062845 0.022419604494665804 -0.049367270134843155 
0.2950019103866408 0.02243919536779262 -0.050022837101071645 
0.2961975305426191 0.02245873787242555 -0.0506745668556879 
0.29741729920314414 0.022478226356890188 -0.05132178710497903 
0.2986609792447444 0.022497653626801596 -0.0519637519237933 
0.29992827028939917 0.022517010938049347 -0.05259964545555611 
0.3012188091580622 0.022536287998487725 -0.053228586016476176 
0.30253217064312454 0.022555472978155394 -0.0538496305656021 
0.3038678685645526 0.02257455252799804 -0.054461779504299576 
0.3052253570760148 0.022593511807158836 -0.05506398177037735 
0.30660403218888915 0.022612334518949104 -0.05565514019356298 
0.3080032334835767 0.022631002955627588 -0.056234117080391464 
0.3094222459790303 0.022649498052111833 -0.056799739997890265 
0.3108603021328692 0.022667799448729424 -0.05735080772678463 
0.3123165839459377 0.02268588556309666 -0.057886096356356345 
0.3137902251467376 0.022703733671194104 -0.05840436549460322 
0.3152803134329141 0.02272131999769618 -0.058904364568980634 
0.31678589274896596 0.02273861981560727 -0.059384839194759106 
0.3183059655816838 0.02275560755526066 -0.05984453758987675 
0.3198394952575688 0.02277225692274806 -0.06028221701705206 
0.32138540822970957 0.022788541027863117 -0.06069665023577781 
0.32294259634536926 0.022804432521658938 -0.061086631948535274 
0.3245099190898556 0.022819903743730573 -0.06145098522702853 
0.3260862058071283 0.022834926879332987 -0.061788567905284295 
0.32767025790297455 0.02284947412642423 -0.06209827892693602 
0.32926085104234787 0.022863517872675022 -0.062379064633727783 
0.3308567373584581 0.022877030882400094 -0.06262992498106718 
0.3324566476971784 0.022889986493236307 -0.062849919664171 
0.3340592939260041 0.02290235882221013 -0.0630381741348621 
0.3356633713417845 0.022914122980598407 -0.06319388548433937 
0.33726756121535173 0.022925255296689283 -0.06331632816126888 
0.3388705335135215 0.0229357335451974 -0.06340485948746574 
0.3404709498393165 0.022945537181685786 -0.06345892492549593 
0.34206746662922705 0.022954647579908696 -0.06347806304410336 
0.34365873864157653 0.022963048269532667 -0.06346191011897095 
0.34524342276238124 0.022970725171241334 -0.06341020429857623 
0.3468201821444922 0.022977666825808332 -0.06332278925851609 
0.34838769068246705 0.02298386461336553 -0.06319961726339592 
0.3499446378100038 0.02298931295882847 -0.06304075155392772 
0.35148973358956465 0.022994009519298975 -0.06284636797888137 
0.3530217140459306 0.022997955349269947 -0.06261675579743076 
0.3545393466779563 0.023001155039626138 -0.06235231758743549 
0.356041436066893 0.023003616826775125 -0.062053568209204664 
0.35752682948648057 0.023005352668749587 -0.06172113279188761 
0.35899442241061974 0.02300637828577917 -0.06135574373009579 
0.3604431638096239 0.02300671316360943 -0.060958236700677834 
0.3618720611263257 0.02300638051870866 -0.06052954573254895 
0.3632801848287862 0.02300540722540652 -0.06007069738482583 
0.3646666724467653 0.02300382370590398 -0.05958280410897569 
0.36603073201381875 0.023001663784935632 -0.059067056888123984 
0.36737164485493695 0.022998964511612784 -0.05852471726019737 
0.36868876767988534 0.0229957659515953 -0.05795710884062907 
0.36998153396357364 0.02299211095321152 -0.05736560846469801 
0.3712494546156284 0.022988044891458073 -0.05675163706932985 
0.3724921179607445 0.022983615393967646 -0.056116650429783164 
0.37370918906841305 0.022978872053045284 -0.05546212985874885 
0.3749004084846078 0.022973866127763108 -0.05478957296483684 
0.37606559042855137 0.022968650239896995 -0.0541004845551151 
0.3772046205246742 0.02296327806721515 -0.05339636775320043 
0.37831745314342197 0.02295780403731815 -0.0526787153911971 
0.37940410842498584 0.022952283024910276 -0.05194900172123366 
0.3804646690577449 0.022946770055076025 -0.05120867448099555 
0.3814992768787529 0.022941320014862557 -0.050459147337867084 
0.3825081293574956 0.022935987375241135 -0.04970179272829119 
0.3834914760169045 0.02293082592534456 -0.04893793510280733 
0.3844496148377061 0.022925888520755076 -0.04816884458289438 
0.38538288868398324 0.022921226847542657 -0.04739573103310626 
0.3862916817796414 0.022916891203718016 -0.04661973855086337 
0.387176416257528 0.02291293029975417 -0.04584194037644592 
0.3880375487953835 0.022909391079825623 -0.045063334227006806 
0.3888755673457112 0.022906318565395215 -0.04428483806057086 
0.38969098796007984 0.022903755722718397 -0.04350728627881029 
0.39048435170232976 0.02290174335570769 -0.04273142638070225 
0.391256221639684 0.022900320025375464 -0.04195791608280731 
0.3920071798958682 0.0228995219967235 -0.041187320925695825 
0.3927378247461203 0.022899383213444317 -0.040420112389824125 
0.3934487677305022 0.02289993530012041 -0.03965666654774291 
0.394140630759398 0.022901207590738232 -0.03889726328270493 
0.39481404318371777 0.022903227181273488 -0.0381420861062855 
0.3954696388024038 0.022906019002869333 -0.037391222609257604 
0.396108052781695 0.02290960591076109 -0.03664466558034491 
0.3967299184645758 0.02291400878266931 -0.03590231482623446 
0.39733586405525895 0.022919246618990308 -0.035163979722959905 
0.39792650917265904 0.022925336635895403 -0.03442938252303839 
0.3985024612787321 0.02293229434157272 -0.03369816243415183 
0.39906431200216447 0.02294013358549315 -0.03296988047336061 
