0.4122411238283392 0.03175891760016983 0.12277777618276614 
0.4100312250608397 0.031660716137048545 0.12242645115821818 
0.40784048312957216 0.03155778120818576 0.12204359292845321 
0.4056707593958616 0.031450274455294636 0.12162978249064597 
0.4035238618976927 0.031338371488638266 0.12118559842257048 
0.40140153945037205 0.031222261035755663 0.12071161458339064 
0.39930547612744144 0.03110214406508252 0.1202083979423399 
0.39723728617864884 0.030978232896282626 0.1196765065644084 
0.39519850943938434 0.030850750310106655 0.11911648778629401 
0.39319060728243277 0.030719928671403256 0.1185288766204315 
0.3912149591578736 0.03058600907943633 0.11791419442982388 
0.3892728597601447 0.030449240559808674 0.11727294792152211 
0.38736551685226106 0.030309879311929657 0.11660562851168506 
0.38549404976555673 0.030168188024947154 0.11591271211980864 
0.38365948857867266 0.03002443527322798 0.11519465945339416 
0.3818627739615198 0.029878894999645456 0.11445191684627172 
0.38010475764839513 0.029731846090950993 0.11368491771304236 
0.3783862034793613 0.02958357204423126 0.11289408467747464 
0.3767077889208156 0.02943436071680254 0.11207983242283492 
0.37507010694575865 0.029284504143888654 0.11124257129560468 
0.37347366812317 0.029134298399230082 0.11038271166945587 
0.3719189027363682 0.028984043463737983 0.10950066904261496 
0.3704061627253667 0.028834043057036865 0.10859686979831445 
0.3689357232318339 0.028684604377103694 0.10767175750532723 
0.3675077835216407 0.028536037685352088 0.10672579957533038 
0.3661224670735702 0.028388655669791273 0.10575949402945424 
0.36477982065739856 0.028242772518791107 0.10477337606308466 
0.3634798122827461 0.028098702643915497 0.10376802404284376 
0.3622223279820121 0.027956759003344923 0.10274406453105833 
0.3610071674933964 0.027817250998092763 0.10170217591977854 
0.359834039026858 0.027680481941151733 0.1006430902765092 
0.35870255341658763 0.02754674613342796 0.09956759306277403 
0.357612218075002 0.027416325617237176 0.09847652048585427 
0.3565624312508727 0.02728948671466953 0.09737075437957815 
0.355552477144326 0.02716647649009044 0.09625121467209204 
0.3545815224337162 0.02704751929922485 0.09511884967206377 
0.35364861471903997 0.02693281359812391 0.09397462457122159 
0.3527526832857608 0.026822529181609083 0.0928195087012129 
0.35189254245102347 0.026716805002095046 0.09165446217957574 
0.35106689758643334 0.02661574768753503 0.09048042262156356 
0.3502743537365749 0.026519430834902123 0.08929829257738434 
0.3495134265893452 0.0264278951076612 0.08810892828174878 
0.3487825554194507 0.026341149117164044 0.08691313018513924 
0.34808011753157403 0.026259171023629912 0.08571163558945463 
0.34740444368009565 0.026181910756252886 0.0845051135522959 
0.34675383393701076 0.026109292726548376 0.08329416207100149 
0.3461265735129294 0.026041218895343617 0.08207930742344818 
0.3455209480984801 0.025977572051446674 0.08086100543698538 
0.34493525837436384 0.02591821916749341 0.07963964438418919 
0.34436783342721783 0.025863014713545504 0.07841554916449821 
0.3438170428964302 0.025811803829155145 0.07718898642087402 
0.3432813077573326 0.025764425277323443 0.07596017025485231 
0.3427591097144851 0.02572071412686042 0.07472926823517351 
0.3422489992329697 0.025680504131364572 0.07349640743806131 
0.34174960227544204 0.025643629792155752 0.07226168030534873 
0.34125962583918634 0.02560992810829682 0.07102515015534487 
0.34077786240239927 0.025579240029043472 0.06978685622717748 
0.3403031933945792 0.025551411632729826 0.06854681818014162 
0.3398345918044782 0.025526295061536575 0.06730504000418261 
0.3393711240326679 0.025503749244254508 0.06606151332572853 
0.3389119510861859 0.025483640439579198 0.06481622011493418 
0.33845632920145624 0.02546584263118768 0.06356913481665517 
0.33800360996985346 0.025450237803359536 0.06232022593899552 
0.3375532400287473 0.025436716122652005 0.06106945714098167 
0.33710476037021847 0.02542517604748789 0.0598167878657037 
0.3366578053102208 0.025415524383752178 0.058562173567929865 
0.3362121011529843 0.02540767630082944 0.05730556558642732 
0.33576746457895806 0.02540155531909557 0.05604691071155107 
0.33532380077954893 0.02539709327679122 0.05478615049851372 
0.33488110135818944 0.025394230281495463 0.0535232203764122 
0.3344394420147116 0.025392914649094916 0.05225804860275773 
0.333998980028391 0.025393102831190735 0.050990555113034984 
0.3335599515541379 0.025394759330269533 0.04972065031474219 
0.3331226687458876 0.025397856600643094 0.04844823387541333 
0.3326875167210449 0.02540237493208724 0.047173193554233 
0.3322549503796048 0.025408302312236578 0.045895404126916214 
0.3318254910910701 0.025415634263075602 0.04461472645340692 
0.33139972326130557 0.025424373646273087 0.04333100673747506 
0.3309782907898032 0.025434530431611292 0.042044076026262825 
0.3305618934253603 0.02544612142235225 0.040753749996011605 
0.3301512830247889 0.02545916993106499 0.039459829067322455 
0.3297472597149702 0.02547370539923079 0.03816209888907481 
0.3293506679534296 0.02548976295388738 0.036860331224240275 
0.32896239247680803 0.025507382894725355 0.03555428526297377 
0.32858335412047407 0.025526610105482947 0.034243709378270946 
0.32821450548650694 0.02554749338428361 0.03292834332693904 
0.32785682643198505 0.025570084688813385 0.03160792088355948 
0.3275113193456708 0.02559443829402594 0.030282172877611653 
0.3271790041796255 0.025620609862457032 0.02895083058432251 
0.3268609132039 0.02564865543025971 0.027613629398738182 
0.32655808545807735 0.0256786303157165 0.0262703127009703 
0.3262715608837901 0.0257105879611612 0.024920635799898068 
0.32600237413782374 0.025744578723784443 0.02356436982448865 
0.3257515481060426 0.025780648635454876 0.02220130541826848 
0.32552008716359215 0.025818838156130536 0.02083125608536307 
0.32530897025544264 0.02585918094926783 0.01945406103783467 
0.3251191439014847 0.025901702710432337 0.01806958740530694 
0.3249515152596092 0.025946420081662844 0.01667773168991294 
0.3248069454056273 0.025993339683691406 0.015278420382338393 
0.3246862430075088 0.026042457295658416 0.013871609696916188 
0.32459015858048146 0.02609375720743638 0.01245728443293548 
0.3245193795069376 0.026147211763254345 0.011035456022056954 
0.32447452598975984 0.02620278110737565 0.009606159873690278 
0.3244561480798133 0.02626041313369604 0.008169452176795907 
0.3244647238795499 0.026320043632002917 0.006725406353460772 
0.3245006589778056 0.026381596615030627 0.005274109383229113 
0.32456428711974455 0.02644498480308126 0.0038156582253070243 
0.32465587206483204 0.026510110237449085 0.0023501565577669584 
0.3247756105389212 0.026576864990579714 0.0008777120298051008 
0.3249236361476452 0.026645131939962236 -0.0006015658125108098 
0.32510002408995486 0.026714785574095984 -0.0020875668110617047 
0.32530479649416605 0.026785692802179413 -0.003580180624245675 
0.32553792819435096 0.026857713743962338 -0.005079296281926398 
0.3257993527712282 0.026930702481923488 -0.006584800895325758 
0.32608896869687304 0.02700450776400861 -0.00809657758982448 
0.3264066454441102 0.02707897365106711 -0.0096145027595068 
0.32675222944668686 0.027153940108433864 -0.011138442763715976 
0.3271255498227543 0.027229243545518908 -0.012668250197922335 
0.3275264237996931 0.027304717310623405 -0.014203759874663806 
0.3279546618012918 0.02738019215045049 -0.01574478464654691 
0.3284100721776916 0.0274554966449759 -0.01729111119390999 
0.32889246557381985 0.027530457628612143 -0.018842495886435474 
0.32940165894316803 0.0276049006081098 -0.02039866081232428 
0.3299374792210004 0.027678650186577232 -0.021959290051969102 
0.3304997666748715 0.027751530501554232 -0.023524026256468225 
0.3310883779512895 0.027823365683413676 -0.02509246757559682 
0.33170318883612393 0.02789398033863609 -0.02666416496552907 
0.33234409674351834 0.027963200060820807 -0.028238619893975542 
0.33301102294417156 0.028030851970752283 -0.029815282449582193 
0.33370391453934667 0.02809676528549088 -0.031393549853419134 
0.33442274618219076 0.028160771915341117 -0.03297276536306455 
0.33516752154317353 0.02822270708668208 -0.03455221755402432 
0.33593827451184577 0.028282409988025774 -0.03613113995885901 
0.3367350701227918 0.02833972443628657 -0.03770871104127479 
0.3375580051896688 0.02839449956007667 -0.03928405448044713 
0.3384072086276113 0.028446590496859114 -0.040856239739910566 
0.3392828414410662 0.028495859100954896 -0.04242428289541257 
0.3401850963513098 0.028542174659673448 -0.04398714769720134 
0.3411141970355448 0.028585414615169703 -0.04554374684432955 
0.3420703969476404 0.028625465289974096 -0.047092943451776316 
0.3430539776893884 0.028662222614439903 -0.04863355269560718 
0.34406524690078255 0.028695592854542602 -0.05016434362709437 
0.34510453563852295 0.02872549333848634 -0.05168404115377758 
0.3461721952140358 0.028751853180355252 -0.05319132819388985 
0.3472685934661473 0.028774613998527414 -0.0546848480203473 
0.34839411044961915 0.028793730625685847 -0.056163206821447466 
0.3495491335294992 0.028809171805963887 -0.05762497651721501 
0.35073405188315376 0.02882092087301926 -0.059068697882462974 
0.3519492504272953 0.0288289764006387 -0.060492884039363655 
0.3531951032065842 0.028833352814866205 -0.06189602439264871 
0.35447196630345423 0.02883408095370598 -0.06327658908825531 
0.3557801703553461 0.028831208557316704 -0.06463303407985642 
0.3571200127947442 0.028824800668494632 -0.06596380688569992 
0.35849174995792366 0.028814939920410003 -0.06726735310899006 
0.35989558923820075 0.028801726686348013 -0.06854212377733868 
0.3613316814862069 0.028785279064980435 -0.06978658352972522 
0.3628001138802926 0.028765732674840765 -0.07099921964276232 
0.3643009035014237 0.028743240233538248 -0.07217855184269027 
0.3658339918457609 0.028717970901087714 -0.07332314279737698 
0.3673992404920055 0.028690109372669043 -0.07443160912687156 
0.36899642810807354 0.02865985471408997 -0.07550263271605137 
0.3706252489327355 0.028627418942904794 -0.0765349720637025 
0.3722853128043776 0.02859302536900171 -0.07752747336435675 
0.37397614673471524 0.028556906719762437 -0.0784790809973457 
0.375697197945595 0.0285193030857235 -0.07938884709564875 
0.3774478382086125 0.028480459732079168 -0.080255939887246 
0.37922736925726697 0.028440624828479782 -0.08107965054357869 
0.3810350289864347 0.028400047153695172 -0.08185939833071054 
0.382869998119317 0.028358973832415688 -0.08259473393400228 
0.3847314070108857 0.028317648158681933 -0.08328534091007853 
0.3866183422697745 0.02827630755445419 -0.08393103530332974 
0.3885298529155853 0.02823518170325523 -0.08453176354107404 
0.39046495584146573 0.028194490888477218 -0.08508759878580525 
0.39242264041679586 0.02815444455478183 -0.085598735970416 
0.3944018721354139 0.02811524009998643 -0.08606548577076104 
0.3964015952846389 0.02807706189474872 -0.086488267779398 
0.39842073467393563 0.028040080518877068 -0.08686760313663763 
0.4004581965152689 0.02800445219660815 -0.0872041068533448 
0.4025128685875062 0.02797031840887157 -0.08749848002820389 
0.40458361984367525 0.02793780565834976 -0.08775150212455124 
0.4066692996329545 0.027907025362818996 -0.08796402343223836 
0.40876873671039965 0.027878073853486715 -0.08813695780155915 
0.4108807381987726 0.027851032457427392 -0.08827127570147134 
0.41300408865087757 0.027825967646361426 -0.08836799762474286 
0.41513754933995756 0.02780293123754584 -0.08842818783903854 
0.4172798578822179 0.027781960636133446 -0.08845294846546199 
0.4194297282712718 0.027763079111758134 -0.08844341385432232 
0.4215858513807138 0.027746296105138245 -0.08840074522122104 
0.42374689596915044 0.027731607563043863 -0.08832612550409248 
0.42591151020251866 0.0277189963019916 -0.08822075440267202 
0.428078323691725 0.027708432402501863 -0.08808584356512253 
0.43024595002964416 0.027699873636703252 -0.08792261189143667 
0.4324129898002154 0.02769326593254492 -0.08773228092907308 
0.43457803402356987 0.027688543877941656 -0.08751607034253435 
0.4367396679945159 0.02768563126789733 -0.08727519344484416 
0.4388964754670026 0.02768444169709888 -0.08701085278481842 
0.4410470431340428 0.02768487919971097 -0.08672423578945618 
0.44318996535072985 0.027686838937191666 -0.0864165104655688 
0.4453238490471354 0.027690207933944395 -0.0860888211688627 
0.44744731877781474 0.027694865859567448 -0.08574228445207614 
0.4495590218551468 0.0277006858553984 -0.08537798500645892 
0.45165763351466315 0.02770753540200872 -0.08499697171292338 
0.4537418620617031 0.027715277223311907 -0.08460025382063228 
0.4558104539500949 0.02772377022202911 -0.08418879727169537 
0.45786219874500195 0.027732870440428922 -0.0837635211910837 
0.45989593392353545 0.02774243203954307 -0.08332529456091022 
0.4619105494681701 0.027752308289471617 -0.08287493309793316 
0.4639049922093867 0.02776235256294994 -0.08241319635258217 
0.46587826987527925 0.027772419324071644 -0.08194078504704905 
0.4678294548071172 0.027782365103966006 -0.08145833866909169 
0.4697576873010504 0.027792049455335362 -0.08096643333722724 
0.47166217853731973 0.027801335878087842 -0.08046557995200662 
0.47354221305954713 0.0278100927088723 -0.079956222647124 
0.47539715076797945 0.02781819396815514 -0.07943873755328118 
0.4772264283920633 0.027825520159583266 -0.07891343188706149 
0.4790295604095467 0.027831959017761202 -0.07838054337662051 
0.4808061393815921 0.027837406202225395 -0.07784024003582625 
0.4825558356763385 0.02784176593730269 -0.07729262029861275 
0.48427839655717964 0.02784495159964696 -0.0767377135257741 
0.4859736446169951 0.02784688625748695 -0.07617548089720874 
0.4876414755459508 0.02784750316788304 -0.07560581670368423 
0.4892818552285683 0.027846746240441138 -0.07502855005343144 
0.4908948161758348 0.027844570477789703 -0.07444344701012641 
0.49248045331042134 0.027840942404478052 -0.0738502131798274 
0.49403891913777054 0.027835840496562254 -0.07324849676485236 
0.49557041835293425 0.027829255623758622 -0.07263789210195416 
0.4970752019524175 0.02782119151442695 -0.07201794369991527 
0.4985535609414995 0.027811665250600942 -0.07138815078720352 
0.5000058197497904 0.027800707795699563 -0.0707479723729183 
0.5014323294899873 0.027788364551440837 -0.0700968328132771 
0.5028334612153542 0.02777469593301378 -0.06943412786083356 
0.5042095993483999 0.027759777943118548 -0.06875923115425661 
0.5055611354642728 0.027743702716642678 -0.06807150108304225 
0.506888462615122 0.02772657899929054 -0.06737028793475891 
0.5081919703737768 0.02770853251636215 -0.06665494120384224 
0.5094720407547376 0.02768970618309957 -0.06592481691279138 
0.5107290451366594 0.02767026010654415 -0.06517928477179946 
0.511963342263538 0.027650371331443015 -0.06441773498475127 
0.5131752773434827 0.027630233289830317 -0.06363958450160079 
0.5143651821978121 0.02761005492543668 -0.06284428252243209 
0.5155333763443023 0.027590059479451985 -0.06203131507903014 
0.5166801688329974 0.027570482942236334 -0.061200208556019514 
0.5178058605976987 0.027551572194749296 -0.06035053206412167 
0.5189107470473289 0.027533582881881822 -0.05948189863936622 
0.5199951206035935 0.027516777075646766 -0.058593965308936846 
0.521059272897358 0.027501420797675105 -0.05768643213034756 
0.5221034963657757 0.027487781476533617 -0.05675904036915986 
0.5231280850425309 0.027476125415539718 -0.05581157002548991 
0.5241333343993237 0.02746671534123188 -0.054843836946735586 
0.5251195401710027 0.027459808092344537 -0.0538556897711116 
0.5260869961720887 0.027455652495411743 -0.05284700693400362 
0.5270359911818406 0.027454487457621805 -0.051817693939399924 
0.5279668050328078 0.027456540291919893 -0.05076768105602805 
0.5288797040802876 0.02746202527505487 -0.049696921547589944 
0.5297749362556065 0.027471142427381377 -0.04860539049410291 
0.5306527259150575 0.02748407649440758 -0.047493084211718314 
0.5315132686905641 0.02750099610453946 -0.04636002023535069 
0.5323567265307015 0.027522053075048767 -0.04520623779452838 
0.5331832230950525 0.027547381838546728 -0.0440317986892395 
0.5339928396344767 0.027577098964573006 -0.042836788459164596 
0.534785611457795 0.02761130275464994 -0.04162131773561274 
0.5355615250541763 0.027650072893670004 -0.040385523669159096 
0.5363205159119078 0.027693470145235263 -0.03912957133557823 
0.5370624670494366 0.027741536083123557 -0.03785365503629318 
0.5377872082540845 0.02779429285512084 -0.036557999425491365 
0.5384945160077818 0.02785174297885687 -0.03524286041281105 
0.5391841140672965 0.02791386917193992 -0.03390852580693395 
0.5398556746582798 0.027980634220615124 -0.032555315680677904 
0.5405088202374883 0.028051980892434464 -0.031183582451720575 
0.5411431257751429 0.028127831899126248 -0.029793710684583273 
0.5417581215090364 0.028208089916104826 -0.02838611662883315 
0.5423532961231352 0.028292637664988657 -0.026961247515623833 
0.5429281003056468 0.028381338065210815 -0.025519580639779348 
0.5434819506444267 0.02847403446041186 -0.02406162225776884 
0.5440142338208863 0.028570550924883295 -0.022587906333290553 
0.544524311066975 0.02867069265494635 -0.02109899316193958 
0.5450115228531232 0.028774246449847156 -0.019595467904751224 
0.5454751937780509 0.028880981286549992 -0.018077939057443357 
0.5459146376339147 0.028990648992716327 -0.016547036878087253 
0.5463291626222069 0.0291029850221504 -0.015003411790880673 
0.5467180766969917 0.02921770933703596 -0.013447732777856197 
0.5470806930123311 0.029334527401324882 -0.011880685763937209 
0.5474163354499748 0.02945313128959698 -0.01030297199399188 
0.5477243442015064 0.02957320091550317 -0.008715306393713833 
0.5480040813760513 0.029694405383437657 -0.007118415899610769 
0.5482549366004191 0.02981640446625993 -0.005513037737475656 
0.5484763325732158 0.029938850210612038 -0.0038999176238655973 
0.548667730528221 0.030061388669569675 -0.0022798078617430628 
0.5488286355554787 0.030183661759974913 -0.0006534652999586158 
0.5489586017214426 0.030305309238803636 0.0009783508729565018 
0.5490572369227341 0.030425970789351005 0.0026148815268832153 
0.5491242074021182 0.03054528820395528 0.0042553702002543865 
0.5491592418508874 0.030662907645566645 0.00589906593369091 
0.5491621350195721 0.0307784819659034 0.007545226327423496 
0.5491327507593999 0.030891673053475337 0.009193120809620075 
0.549071024420625 0.031002154180684055 0.010842034088237385 
0.5489769645410926 0.03110961231583779 0.012491269744023696 
0.5488506537691751 0.03121375036354393 0.014140153907813376 
0.5486922489793304 0.03131428929582371 0.015788038952314377 
0.5485019805554395 0.031410970136626394 0.017434307118205327 
0.5482801508360279 0.031503555764305594 0.01907837398740282 
0.5480271317354533 0.03159183250005524 0.020719691713478497 
0.5477433615750718 0.03167561145516773 0.022357751920749024 
0.5474293411770972 0.03175472961604608 0.023992088189543636 
0.5470856292903566 0.031829050652855476 0.025622278055234093 
0.5467128374304759 0.03189846544515746 0.02724794446216007 
0.546311624226645 0.031962892325415375 0.028868756629701803 
0.5458826893726517 0.0320222770484856 0.030484430305409288 
0.5454267672813777 0.03207659250174511 0.032094727398198575 
0.5449446205396568 0.032125838176048235 0.033699455002126885 
0.5444370332548866 0.032170039422038915 0.03529846383724687 
0.5439048043767081 0.032209246519350275 0.036891646147799835 
0.5433487410672463 0.03224353358787706 0.03847893310905235 
0.5427696521826054 0.03227299737067476 0.040060291802166574 
0.5421683419173057 0.032297755917258135 0.041635721821590733 
0.5415456036527438 0.03231794719433046 0.04320525158174175 
0.5409022140410662 0.03233372764849439 0.044768934389520225 
0.5402389273474093 0.032345270742504886 0.046326844346864904 
0.539556470066475 0.03235276548334989 0.04787907214356011 
0.5388555358239419 0.03235641495708551 0.04942572079531432 
0.5381367805692192 0.03235643488208248 0.050966901376156226 
0.5374008180634171 0.03235305218929227 0.05250272878782431 
0.5366482156649492 0.032346503635410924 0.05403331760237169 
0.535879490414722 0.03233703445246524 0.05555877800792065 
0.5350951054231804 0.03232489703539361 0.05707921188155392 
0.5342954665623866 0.0323103496676393 0.05859470900785982 
0.533480919467667 0.03229365528359257 0.060105343456713894 
0.5326517468549703 0.03227508026586662 0.06161117012952487 
0.5318081661619111 0.032254893274819896 0.06311222147939746 
0.5309503275223744 0.03223336410738718 0.06460850440746045 
0.530078312086514 0.032210762582096646 0.06609999733495063 
0.5291921306999433 0.03218735744707707 0.06758664744851539 
0.5282917229578471 0.032163415307851446 0.06906836811458543 
0.5273769566516537 0.032139199571733744 0.0705450364575658 
0.5264476276277116 0.03211496940566622 0.0720164910960261 
0.5255034600791494 0.03209097870434246 0.07348253003105587 
0.5245441072936342 0.0320674750654533 0.07494290868154896 
0.5235691528810669 0.032044698768882135 0.07639733806244718 
0.5225781125061927 0.03202288175668663 0.07784548310398429 
0.5215704361515885 0.03200224661077738 0.0792869611127978 
0.5205455109362552 0.03198300552538823 0.08072134037948073 
0.5195026645139702 0.03196535927179271 0.08214813894176928 
0.5184411690733108 0.031949496153320864 0.083566823518102 
0.5173602459576491 0.03193559094964417 0.08497680863267507 
0.51625907091811 0.031923803850588205 0.08637745596022309 
0.5151367800052575 0.0319142793814575 0.08776807392632067 
0.5139924760958612 0.03190714532405109 0.08914791760667673 
0.5128252360393895 0.03190251164021184 0.09051618897618968 
0.511634118394802 0.03190046940785219 0.09187203756484147 
0.5104181717119313 0.03190108978284664 0.09321456158210695 
0.5091764432935532 0.031904423003834566 0.09454280957365026 
0.507907988354742 0.03191049746063545 0.0958557826728494 
0.5066118794761064 0.03191931885038803 0.09715243750437426 
0.505287216228101 0.03193086944838665 0.09843168978701942 
0.5039331348261357 0.03194510752258154 0.09969241866790929 
0.5025488176621187 0.0319619669215154 0.10093347180003762 
0.5011335025488916 0.03198135686480539 0.10215367115033276 
0.4996864915111621 0.032003161962940126 0.10335181949700395 
0.498207158961109 0.03202724248904654 0.10452670754429139 
0.4966949591095316 0.03205343491943447 0.10567712155182488 
0.49514943248426163 0.03208155275234585 0.1068018513468289 
0.4935702114559199 0.032111387605776226 0.10789969856273857 
0.49195702470555674 0.03214271058599662 0.10896948492963794 
0.4903097006072168 0.03217527390907535 0.11001006043212191 
0.48862816953840627 0.032208812748924946 0.11102031114992227 
0.4869124651699859 0.032243047277795464 0.11199916660630616 
0.4851627248213592 0.0322776848592335 0.1129456064683596 
0.4833791889945039 0.03231242234971425 0.11385866647043923 
0.48156220021957313 0.03234694846363143 0.11473744346524192 
0.4797122013544434 0.03238094615709842 0.11558109954354044 
0.4778297334805594 0.0324140949888786 0.11638886520092719 
0.4759154335284688 0.03244607342136852 0.11716004156526111 
0.47397003174998276 0.03247656103043399 0.11789400172968378 
0.4719943491319311 0.032505240599521215 0.11859019126137847 
0.46998929482120627 0.03253180008030785 0.1192481279747147 
0.46795586360444674 0.03255593440874999 0.1198674010687429 
0.465895133460321 0.03257734717133617 0.1204476697335105 
0.4638082631795662 0.032595752121405 0.12098866132818042 
0.4616964900289046 0.032610874549361964 0.1214901692275836 
0.4595611274203953 0.03262245251349333 0.12195205042393821 
0.4574035625379141 0.032630237939866934 0.12237422295833497 
0.4552252538671494 0.032633997600640424 0.1227566632434268 
0.4530277285743217 0.0326335139801287 0.12309940332559582 
0.4508125796811651 0.03262858603739274 0.12340252812249267 
0.4485814629888208 0.032619029873085716 0.12366617266080512 
0.4463360937104692 0.032604679307003004 0.12389051932975097 
0.4440782427810649 0.032585386371380545 0.12407579515823453 
0.4418097328218347 0.03256102172359626 0.12422226911785898 
0.4395324337467417 0.03253147498064788 0.12433024944991611 
0.4372482580075098 0.03249665497667613 0.12440008101189953 
0.4349591554827584 0.032456489943919045 0.12443214263777576 
0.43266710802509634 0.03241092761684433 0.12442684450596442 
0.43037412368758554 0.03235993525881893 0.1243846255094964 
0.4280822306577138 0.03230349961053272 0.12430595062393027 
0.4257934709329418 0.03224162675948287 0.12419130827013826 
0.4235098937770212 0.032174341930126193 0.12404120767087969 
0.4212335490006792 0.032101689194798534 0.12385617620205423 
0.4189664801139889 0.032023731106157 0.1236367567415946 
0.4167107174008669 0.03194054825270319 0.12338350502107033 
0.4144682709687182 0.03185223873986862 0.12309698698721569 
0.4122411238283392 0.03175891760016983 0.12277777618276614     line 1  
0.41264855323930955 0.022768865153180124 0.12266394176156198 
0.4104655028496928 0.022671850852305872 0.12231826754182017 
0.40830131291234556 0.022570154268688494 0.12194260823787102 
0.40615776714874796 0.02246393419388149 0.12153752115132302 
0.40403659601370123 0.022353363272652218 0.12110355523306593 
0.4019394704570678 0.022238627090061823 0.12064124866967803 
0.39986799607544193 0.02211992322067771 0.12015112656693062 
0.39782370771906017 0.02199746025307843 0.11963369876118583 
0.3958080646177661 0.02187145680426487 0.11908945779451462 
0.3938224460873537 0.02174214053990409 0.11851887709500242 
0.3918681478737879 0.02160974721741916 0.11792240940993329 
0.3899463791872676 0.021474519769694233 0.1173004855462505 
0.3880582604703782 0.02133670744745502 0.11665351347966788 
0.3862048219341966 0.02119656503804883 0.11598187790068726 
0.3843870028826075 0.02105435217719593 0.11528594027202631 
0.38260565182779566 0.020910332768105905 0.11456603947680465 
0.38086152737846846 0.020764774518930117 0.11382249313926326 
0.37915529985666313 0.020617948604648457 0.11305559969852398 
0.3774875535691204 0.02047012945300075 0.11226564130941634 
0.3758587896257812 0.020321594645891464 0.11145288763102396 
0.37426942916225137 0.020172624917875134 0.11061760054160526 
0.3727198167871156 0.020023504222119307 0.10976003978639146 
0.37121022404172793 0.019874519822143194 0.10888046952139578 
0.3697408526333822 0.019725962355445905 0.10797916566161073 
0.3683118371871136 0.019578125803991327 0.10705642387694067 
0.36692324726175635 0.01943130729782574 0.10611256800676636 
0.36557508839690955 0.01928580667349768 0.1051479585890253 
0.3642673020027809 0.019141925710095868 0.10416300112906032 
0.36299976397602285 0.018999966974090884 0.10315815367593884 
0.36177228202020095 0.018860232220729883 0.1021339332391623 
0.3605845917642675 0.018723020324646313 0.10109092057606375 
0.3594363518972465 0.018588624744685187 0.10002976291719119 
0.35832713865971627 0.01845733056557103 0.0989511742773415 
0.35725644013797475 0.018329411198671795 0.09785593312214758 
0.3562236508803669 0.01820512486160225 0.09674487731665911 
0.3552280673850025 0.018084710987311802 0.09561889645974325 
0.3542688849868214 0.01796838673352676 0.0944789218884812 
0.3533451965990996 0.017856343769941625 0.09332591480022631 
0.35245599364675967 0.017748745511986855 0.09216085306802435 
0.35160016937928357 0.017645724946874903 0.09098471740340298 
0.35077652458698055 0.01754738316234587 0.08979847754155336 
0.34998377558451815 0.017453788644978274 0.08860307908785184 
0.3492205641869191 0.01736497736781131 0.08739943157907377 
0.34848546929839513 0.01728095364114297 0.08618839819069798 
0.3477770196704059 0.017201691659927524 0.08497078737960162 
0.34709370736316253 0.017127137649299434 0.08374734660565251 
0.34643400146022935 0.01705721248815112 0.08251875814052932 
0.3457963616310176 0.01699181467978929 0.0812856368581027 
0.3451792512011215 0.016930823537737262 0.08004852981402355 
0.3445811494657669 0.016874102462155243 0.07880791736466704 
0.34400056305851406 0.016821502196061267 0.07756421554567418 
0.34343603625907004 0.016772863968358316 0.07631777942401805 
0.3428861601862175 0.01672802245053323 0.0750689071495345 
0.34234958087214046 0.016686808474018853 0.07381784445662402 
0.3418250062522634 0.016649051474218322 0.07256478939919024 
0.3413112121308566 0.016614581644115514 0.07130989713751062 
0.34080704719859267 0.016583231794658378 0.0700532846313439 
0.3403114371858663 0.016554838930459066 0.06879503512690749 
0.3398233882369635 0.0165292455578206 0.06753520235505502 
0.33934198958691664 0.016506300747877074 0.06627381438344189 
0.3388664156166605 0.016485860981046523 0.06501087708661143 
0.338395927354211 0.01646779080042689 0.06374637721505852 
0.3379298734809782 0.016451963301620118 0.06248028505793153 
0.33746769089372913 0.01643826048513517 0.06121255670470989 
0.33700890486463164 0.016426573495350122 0.0599431359195405 
0.33655312883454946 0.01641680276730962 0.058671955648482085 
0.33610006386849905 0.016408858099646338 0.057398939185163436 
0.3356494977969971 0.016402658668840324 0.05612400102468278 
0.33520130406291615 0.016398132997013114 0.05484704743924201 
0.3347554402903496 0.016395218882598143 0.05356797681221156 
0.3343119465897582 0.016393863300598867 0.052286679770170486 
0.3338709436121728 0.016394022276777526 0.051003039155008464 
0.3334326303642937 0.016395660738022365 0.04971692988040594 
0.33299728179575727 0.01639875233931543 0.0484282187188745 
0.33256524616943295 0.01640327926615137 0.04713676406696268 
0.33213694222517764 0.016409232009920158 0.04584241573709991 
0.33171285614679624 0.0164166091126409 0.04454501482473493 
0.33129353834088515 0.016425416876502414 0.043244393698769056 
0.3308796000346032 0.016435669032916975 0.0419403761616176 
0.3304717096971419 0.016447386365225133 0.04063277782236813 
0.33007058928669997 0.016460596278812443 0.039321406722235205 
0.32967701032114327 0.016475332312238137 0.038006064245635476 
0.3292917897663806 0.01649163358306948 0.036686546342521366 
0.32891578573202873 0.01650954416251728 0.035362645077946654 
0.32854989295953624 0.0165291123737395 0.03403415051307977 
0.32819503808404726 0.016550390009889372 0.032700852908008324 
0.32785217464851396 0.01657343146969666 0.03136254522081515 
0.32752227784759 0.016598292810637984 0.030019025859854997 
0.32720633898041734 0.01662503072259878 0.028670101627474968 
0.3269053595962892 0.01665370142834184 0.027315590774420296 
0.3266203453260083 0.01668435952100377 0.025955326065979438 
0.32635229940499977 0.016717056753104618 0.02458915774496047 
0.32610221591204225 0.016751840795964115 0.023216956264501883 
0.3258710727695223 0.016788753992682856 0.02183861465727794 
0.3256598245765602 0.016827832131617815 0.02045405040858586 
0.3254693953737333 0.01686910327016662 0.01906320671056217 
0.3253006714654057 0.016912586640279566 0.017666052994310677 
0.3251544944503473 0.016958291667091126 0.016262584666202336 
0.3250316546306303 0.017006217130148372 0.014852822013219445 
0.32493288498000017 0.01705635049280673 0.013436808288054351 
0.3248588558537485 0.017108667419543994 0.012014607034765168 
0.3248101706110493 0.01716313149350132 0.01058629876629463 
0.32478736229738553 0.017219694137981877 0.009151977151717212 
0.32479089149997536 0.017278294736571234 0.00771174490933098 
0.3248211454452319 0.017338860937727362 0.0062657096278229685 
0.32487843835757535 0.017401309121866465 0.0048139797489518575 
0.3249630130474021 0.01746554500279919 0.0033566609402127766 
0.32507504364699646 0.017531464331338245 0.0018938530651386475 
0.32521463937059936 0.017598953667258988 0.00042564792423513864 
0.3253818491418874 0.017667891186556175 -0.001047872105646991 
0.32557666691078563 0.017738147493866006 -0.0025266344572344446 
0.3257990374725237 0.01780958641458341 -0.004010575761149327 
0.32604886260458016 0.01788206574704113 -0.005499640264645407 
0.3263260073500122 0.01795543796152254 -0.00699377735366744 
0.3266303062962591 0.018029550839269968 -0.008492938287392794 
0.32696156972411217 0.01810424805052572 -0.009997072280576173 
0.3273195895294452 0.01817936967562815 -0.011506122084730773 
0.32770414484803356 0.018254752677046234 -0.01302001922501639 
0.3281150073394305 0.018330231332875573 -0.014538679046939387 
0.328551946108019 0.01840563764376175 -0.016061995717302935 
0.32901473225723943 0.01848080172557727 -0.017589837309142042 
0.3295031430863297 0.018555552199634687 -0.019122041082469465 
0.33001696594785074 0.018629716590978798 -0.020658409053174148 
0.33055600178925193 0.018703121743579323 -0.022198703922701502 
0.3311200684033728 0.018775594259246138 -0.023742645422229768 
0.3317090034117679 0.018846960964987027 -0.025289907107640903 
0.3323226670017777 0.018917049411469315 -0.026840113626094772 
0.3329609444339648 0.018985688403341403 -0.0283928384616393 
0.3336237483314283 0.019052708560497934 -0.029947602156041173 
0.3343110207570292 0.019117942907980686 -0.03150387099179868 
0.3350227350790049 0.019181227491124272 -0.03306105611691749 
0.3357588976200556 0.0192424020117848 -0.03461851308528896 
0.3365195490798631 0.019301310481024386 -0.03617554178219528 
0.33730476571622897 0.01935780188344432 -0.03773138670139679 
0.33811466026560794 0.019411730848437406 -0.03928523753828126 
0.3389493825797463 0.019462958323932647 -0.04083623006258252 
0.3398091199514085 0.019511352248694096 -0.04238344723415224 
0.3406940970987551 0.019556788219868428 -0.04392592052620493 
0.3416045757748469 0.019599150153205177 -0.04546263142240538 
0.3425408539660373 0.019638330934146818 -0.04699251305722288 
0.3435032646407766 0.019674233058746656 -0.04851445197326932 
0.3444921740087677 0.019706769264054437 -0.0500272899750056 
0.34550797924971755 0.019735863148144975 -0.051529826065380625 
0.34655110567147074 0.019761449780276004 -0.05302081846076611 
0.34762200325949827 0.019783476301670225 -0.05449898669000347 
0.34872114258405246 0.01980190251704294 -0.05596301379542671 
0.3498490100383378 0.019816701476167778 -0.05741154866714984 
0.3510061023913824 0.019827860043426307 -0.058843208556300264 
0.3521929206534466 0.01983537945138637 -0.060256581827595454 
0.35340996327023017 0.019839275831993006 -0.061650231025772204 
0.3546577186850519 0.01983958071597858 -0.0630226963426863 
0.3559366573354552 0.019836341487708332 -0.06437249958092925 
0.35724722318180857 0.019829621779046503 -0.06569814871388947 
0.35858982489927393 0.019819501782206612 -0.0669981431395702 
0.35996482689926435 0.01980607845826097 -0.06827097971451439 
0.3613725403797768 0.019789465615412945 -0.06951515963358332 
0.3628132146327668 0.019769793829703113 -0.07072919619039561 
0.3642870288576397 0.019747210180940177 -0.07191162341218459 
0.36579408473950614 0.019721877778680612 -0.07306100551302007 
0.36733440004598145 0.019693975057267412 -0.0741759470533984 
0.36890790347475594 0.019663694825347088 -0.07525510363600284 
0.3705144309450209 0.019631243063757804 -0.07629719291185612 
0.3721537234699822 0.019596837475818432 -0.0773010056235722 
0.3738254266779385 0.019560705805205737 -0.07826541637834113 
0.37552909197047524 0.019523083947950465 -0.07918939382719911 
0.3772641792244641 0.019484213895668505 -0.08007200993208527 
0.3790300608668151 0.019444341556027558 -0.08091244802908354 
0.38082602708436475 0.019403714502811586 -0.08171000944365048 
0.38265129188191227 0.019362579711196176 -0.08246411847776824 
0.3845049996735481 0.01932118133371193 -0.0831743256642163 
0.3863862320879015 0.019279758568924468 -0.08384030926277357 
0.3882940146861656 0.01923854366850119 -0.08446187505016817 
0.3902273233297058 0.019197760119741357 -0.08503895452369672 
0.3921850899869303 0.01915762103065695 -0.08557160169276155 
0.39416620783101775 0.019118327734206804 -0.08605998867014106 
0.39616953554494844 0.019080068618149808 -0.0865044002946608 
0.39819390081248457 0.019043018177898614 -0.08690522801998025 
0.400238103028763 0.019007336282231654 -0.08726296329284695 
0.4023009153089032 0.018973167636045146 -0.0875781906217178 
0.40438108590583743 0.018940641420579035 -0.08785158050684955 
0.40647733916920076 0.018909871089632165 -0.08808388236945773 
0.40858837618635985 0.018880954299965155 -0.0882759175835399 
0.41071287524613026 0.018853972955064722 -0.08842857268197551 
0.4128494922574299 0.018828993343368308 -0.08854279278032344 
0.41499686124117996 0.018806066354585673 -0.08861957523836375 
0.4171535949962534 0.018785227760598176 -0.08865996356126613 
0.41931828602095406 0.01876649855031301 -0.08866504152920021 
0.4214895077518611 0.01874988531059907 -0.08863592753577415 
0.42366581616296317 0.01873538064789345 -0.08857376911122149 
0.42584575175061434 0.018722963647153184 -0.08847973760499209 
0.42802784191439214 0.01871260036649325 -0.08835502300356175 
0.4302106037306605 0.018704244367088216 -0.08820082886215086 
0.4323925471045507 0.01869783727874092 -0.08801836733300702 
0.434572178277079 0.018693309401971 -0.08780885427744528 
0.4367480036570343 0.018690580347596013 -0.08757350445355287 
0.43891853394187325 0.018689559714620167 -0.0873135267760469 
0.4410822884879035 0.018690147806862564 -0.087030119649015 
0.4432377998872934 0.018692236388200327 -0.08672446637603365 
0.44538361870768134 0.018695709475618636 -0.08639773065536932 
0.447518318349188 0.0187004441684933 -0.0860510521705955 
0.4496404999732605 0.018706311511719878 -0.08568554228900346 
0.4517487974578859 0.01871317738947958 -0.08530227988167907 
0.4538418823341341 0.018720903445625856 -0.0849023072800999 
0.45591846865966473 0.018729348025912133 -0.08448662638463575 
0.45797731778564577 0.018738367136582685 -0.0840561949404709 
0.46001724297442964 0.018747815413237525 -0.08361192299627374 
0.46203711382625606 0.018757547093376487 -0.08315466956048961 
0.46403586047416334 0.018767416985647913 -0.08268523946949663 
0.4660124775071548 0.018777281428592467 -0.08220438048111565 
0.46796602758247885 0.018786999231602708 -0.08171278060618486 
0.46989564468862743 0.018796432590933776 -0.08121106569017071 
0.4718005370213519 0.01880544797392176 -0.08069979725618101 
0.47367998943567863 0.01881391696511156 -0.08017947062035317 
0.47553336543761837 0.018821717068784948 -0.07965051329049774 
0.47736010868008905 0.018828732463423196 -0.07911328365917308 
0.4791597439286359 0.018834854704944223 -0.07856807000312367 
0.48093187746396526 0.018839983377115718 -0.07801508980230168 
0.48267619689031704 0.018844026689342968 -0.07745448939354686 
0.48439247032152005 0.01884690202402085 -0.07688634397643619 
0.486080544920478 0.018848536437757947 -0.07631065799178546 
0.4877403447731541 0.018848867122926376 -0.07572736589668395 
0.48937186808519484 0.01884784183803214 -0.07513633336357685 
0.49097518369852033 0.01884541931716558 -0.07453735893447516 
0.49255042693682793 0.018841569670076105 -0.07393017616445355 
0.49409779480325894 0.018836274784986395 -0.07331445629063477 
0.49561754057059154 0.018829528745873222 -0.07268981146318063 
0.4971099678241314 0.01882133827435816 -0.07205579857261737 
0.4985754240396236 0.018811723203373647 -0.07141192370226733 
0.5000142938022394 0.018800716985277785 -0.07075764722478363 
0.5014269917968264 0.018788367231084728 -0.07009238954706715 
0.5028139557225082 0.01877473627011665 -0.0694155374876968 
0.5041756393042952 0.018759901711026365 -0.06872645124537034 
0.5055125055881748 0.01874395697635643 -0.06802447188625789 
0.506825020711616 0.018727011774366222 -0.06730892924387047 
0.5081136483360559 0.018709192464706256 -0.06657915008913003 
0.5093788449098015 0.018690642269659212 -0.06583446639368899 
0.5106210558977736 0.01867152128106432 -0.0650742234797515 
0.5118407130689545 0.018652006215469405 -0.06429778782861581 
0.5130382328750877 0.018632289876944447 -0.06350455431169474 
0.5142140158887495 0.018612580298301675 -0.0626939526150079 
0.5153684472004776 0.01859309954661273 -0.06186545265289851 
0.5165018976094918 0.018574082196761516 -0.061018568809020284 
0.5176147253872888 0.018555773495743576 -0.06015286290034416 
0.5187072783541461 0.0185384272586729 -0.05926794582880429 
0.5197798959899674 0.018522303553126167 -0.058363477959250544 
0.520832911305339 0.018507666239929835 -0.057439168334585254 
0.5218666522258743 0.018494780444657077 -0.056494772902259655 
0.5228814422899113 0.018483910034476754 -0.05553009197456072 
0.523877600521211 0.01847531516981529 -0.05454496717403334 
0.5248554404077809 0.01846924999042234 -0.0535392781230528 
0.5258152679882266 0.01846596048221301 -0.052512939123632814 
0.5267573791115477 0.018465682556282507 -0.0514658960429513 
0.5276820559897895 0.018468640356353386 -0.0503981235764072 
0.5285895632021411 0.01847504479701564 -0.04930962300877238 
0.5294801433324856 0.01848509232350703 -0.04820042054072649 
0.5303540124306144 0.018498963875078954 -0.047070566197672366 
0.5312113554821439 0.018516824028414383 -0.045920133294017076 
0.5320523220564706 0.01853882029495594 -0.044749218391511504 
0.5328770222790602 0.018565082545955833 -0.043557941665859315 
0.5336855232471538 0.018595722541004875 -0.042346447581552635 
0.5344778459793376 0.018630833539115862 -0.04111490576980373 
0.5352539629616211 0.01867048997552885 -0.039863512006980344 
0.5360137963272208 0.018714747191758842 -0.03859248919932241 
0.5367572166851897 0.018763641210615037 -0.03730208829208869 
0.5374840425947682 0.018817188551701912 -0.035992589035996586 
0.5381940406679426 0.01887538608609532 -0.034664300559450315 
0.538886926271961 0.01893821093139609 -0.03331756171051083 
0.5395623647960286 0.01900562039020219 -0.03195274114702854 
0.5402199734416726 0.019077551936260526 -0.030570237166311354 
0.5408593234937352 0.01915392325325042 -0.029170477276827495 
0.5414799430282482 0.019234632331417374 -0.027753917523612594 
0.5420813200140348 0.01931955762722678 -0.026321041586255874 
0.5426629057664929 0.019408558290948525 -0.024872359673653775 
0.5432241187142725 0.019501474466708368 -0.0234084072432564 
0.5437643484422341 0.019598127669129113 -0.02192974357444035 
0.5442829599769684 0.019698321240298255 -0.020436950226052242 
0.5447792982840521 0.019801840890481526 -0.0189306294072313 
0.5452526929489792 0.01990845532578192 -0.01741140228846109 
0.5457024630161688 0.020017916965828574 -0.01587990727655008 
0.5461279219624771 0.020129962754559118 -0.01433679827302911 
0.5465283827830513 0.020244315067205667 -0.012782742930421798 
0.5469031631680618 0.02036068271666126 -0.011218420915158298 
0.547251590748624 0.020478762062430263 -0.00964452217976157 
0.5475730083890259 0.020598238225275747 -0.008061745240579286 
0.5478667795000455 0.020718786410382807 -0.006470795451058452 
0.5481322933446784 0.02084007334126708 -0.004872383254695818 
0.5483689703030001 0.020961758805680165 -0.0032672223967360903 
0.5485762670572627 0.021083497313316046 -0.0016560280698400055 
0.5487536816519097 0.021204939863142303 -3.951496672445086e-05 
0.5489007583762674 0.021325735815633573 0.001581604787421029 
0.5490170924107355 0.021445534862080694 0.0032066238477873503 
0.549102334170845 0.02156398907954487 0.004834842028403439 
0.549156193278237 0.021680755056036862 0.006465568859198082 
0.5491784420840802 0.021795496066298558 0.008098126324844133 
0.5491689186693526 0.02190788427437379 0.009731851776595959 
0.5491275292482732 0.022017602935246502 0.011366100994804604 
0.5490542499064425 0.022124348564487757 0.013000251365477555 
0.5489491276140663 0.0222278330423834 0.014633705120089746 
0.548812280466956 0.022327785617674983 0.016265892574878635 
0.5486438971234195 0.02242395477604834 0.01789627529510378 
0.5484442354230785 0.02251610993997303 0.019524349102156367 
0.548213620193121 0.022604042969458383 0.021149646837706922 
0.547952440267536 0.02268756943766314 0.02277174079974159 
0.5476611447642664 0.022766529660881198 0.02439024477048833 
0.547340238682927 0.022840789468936314 0.02600481556563943 
0.5469902779007099 0.022910240709093217 0.0276151540473824 
0.5466118636556543 0.022974801483830475 0.02922100555970144 
0.5462056366140471 0.02303441612981814 0.030822159762172164 
0.545772270622239 0.023089054951827285 0.03241844985690469 
0.5453124662426906 0.02313871373075744 0.03400975122127275 
0.544826944170066 0.0231834130292724 0.035595979475585876 
0.5443164386162316 0.023223197321551717 0.037177088029092184 
0.5437816907438887 0.02325813397535797 0.03875306515905222 
0.5432234422180269 0.023288312115041013 0.04032393068577396 
0.5426424289332523 0.023313841393377284 0.04188973231136151 
0.5420393749639849 0.02333485069845733 0.04345054169166694 
0.5414149867741294 0.02335148681940208 0.045006450309858434 
0.540769947713534 0.023363913091735626 0.04655756521659558 
0.5401049128206363 0.023372308039989173 0.04810400469655088 
0.5394205039442956 0.023376864031756497 0.04964589391448841 
0.5387173051929414 0.02337778595413309 0.051183360586830255 
0.5379958587157525 0.023375289920379575 0.05271653071708535 
0.5372566608184616 0.023369602011847453 0.0542455244260857 
0.5365001584153685 0.023360957057747406 0.05577045190099461 
0.535726745819046 0.02334959745325109 0.05729140948074635 
0.534936761869793 0.02333577201469376 0.058808475890114904 
0.5341304874079954 0.0233197348692664 0.060321708630060936 
0.5333081430939577 0.023301744375515715 0.06183114052840483 
0.5324698875813995 0.023282062070167624 0.06333677645219665 
0.531615816052503 0.02326095163621085 0.06483859018135071 
0.530745959124099 0.023238677886779996 0.06633652144211198 
0.5298602821362072 0.023215505759127897 0.06783047309864675 
0.5289586848356538 0.023191699312846346 0.0693203085014277 
0.5280410014688497 0.023167520726466342 0.07080584899203551 
0.5271070012989321 0.023143229286634977 0.07228687156548785 
0.5261563895633762 0.02311908036423065 0.0737631066931758 
0.5251888088887328 0.023095324372054603 0.07523423631192842 
0.5242038411793315 0.02307220569914905 0.07669989198762034 
0.5232010099964408 0.023049961617372206 0.07815965326508839 
0.5221797834434545 0.023028821156648786 0.0796130462199288 
0.5211395775709379 0.023009003946353655 0.08105954223199166 
0.5200797603127469 0.02299071902162312 0.0824985570050452 
0.5189996559606632 0.022974163595063414 0.0839294498620696 
0.5178985501799394 0.022959521796375372 0.08535152335082834 
0.5167756955616023 0.022946963384856113 0.08676402319956358 
0.515630317699183 0.02293664244257175 0.08816613866757357 
0.5144616217676157 0.022928696059187893 0.08955700333968565 
0.5132687995703694 0.022923243022930424 0.09093569641675489 
0.5120510370075232 0.022920382535815187 0.09230124455573892 
0.5108075219027539 0.022920192974977664 0.09365262431199295 
0.5095374521114746 0.022922730725445255 0.09498876523255013 
0.5082400438163421 0.022928029112781436 0.09630855364168721 
0.5069145399008739 0.022936097466412272 0.09761083714852792 
0.5055602182780886 0.022946920345830145 0.09889442989050812 
0.5041764000401102 0.022960456961972027 0.1001581185062269 
0.5027624572878788 0.022976640824646878 0.10140066880691867 
0.5013178204987183 0.022995379643765523 0.10262083308834169 
0.49984198529459756 0.023016555507239182 0.10381735799559136 
0.49833451848615695 0.02304002535182393 0.10498899282395306 
0.4967950632871594 0.02306562173511107 0.10613449811148204 
0.4952233436204911 0.023093153907665018 0.10725265435578242 
0.4936191674690556 0.02312240917449248 0.10834227067064134 
0.49198242926103974 0.02315315452519555 0.10940219318964164 
0.49031311131674454 0.023185138502970857 0.11043131302495313 
0.48861128442073226 0.02321809327470939 0.11142857360075784 
0.48687710761568903 0.023251736858386315 0.11239297720187034 
0.48511082734059624 0.023285775460124628 0.1133235906078523 
0.4833127760535384 0.023319905871998215 0.11421954971925796 
0.48148337048751694 0.02335381788282235 0.11508006312296816 
0.4796231096856471 0.023387196657665237 0.115904414584942 
0.47773257295066957 0.02341972504722042 0.11669196449823298 
0.4758124178242072 0.02345108579498954 0.1174421503491804 
0.47386337818565505 0.023480963617846972 0.11815448629328382 
0.4718862625314038 0.023509047143391075 0.11882856195309122 
0.4698819524647112 0.02353503069498229 0.11946404056297846 
0.46785140139726705 0.023558615922072628 0.12006065659017749 
0.4657956334372662 0.02357951327901712 0.12061821295866669 
0.4637157424170259 0.02359744335983663 0.12113657799384274 
0.4616128909967375 0.023612138099315727 0.12161568219277015 
0.4594883097701518 0.02362334185242372 0.12205551490884206 
0.4573432962927238 0.023630812364487375 0.12245612102238362 
0.45517921395248595 0.023634321644019286 0.12281759765138428 
0.45299749060791955 0.02363365674884962 0.1231400909401917 
0.45079961692448806 0.023628620494454432 0.1234237929493784 
0.44858714435133484 0.02361903209134255 0.12366893865756286 
0.44636168269109144 0.02360472771624739 0.12387580307594144 
0.4441248972279881 0.023585561019826194 0.12404469846867032 
0.44187850539187573 0.023561403571716488 0.12417597166689193 
0.4396242729478428 0.023532145242219693 0.12427000146087813 
0.43736400971247646 0.023497694518623873 0.12432719605316858 
0.4350995648082354 0.023457978753263675 0.12434799055539393 
0.4328328214767246 0.023412944339845226 0.12433284451237964 
0.4305656914798635 0.02336255681432206 0.12428223943883804 
0.4283001091250061 0.023306800876668823 0.12419667635622726 
0.42603802495608833 0.023245680330231284 0.12407667331997693 
0.4237813991579335 0.023179217935899346 0.12392276293009286 
0.4215321947250404 0.023107455179121706 0.12373548982103841 
0.4192923704496352 0.023030451948724114 0.12351540812967181 
0.41706387378659915 0.022948286127581298 0.12326307894285315 
0.4148486336551857 0.02286105309640018 0.12297906772911851 
0.41264855323930955 0.022768865153180124 0.12266394176156198     line 2  
0.4144297418868167 0.022999824195199744 0.1107991187572816 
0.4124243472233538 0.022908945981696315 0.11048159931890389 
0.4104382107488092 0.022812369822679035 0.11013688931601276 
0.40847344828409304 0.022710290676946965 0.10976565089368516 
0.4065321203872127 0.02260292529205782 0.10936856154326446 
0.40461622398844344 0.022490511087551103 0.10894631194543378 
0.4027276841750885 0.02237330491461629 0.10849960384713486 
0.40086834613942735 0.022251581693416463 0.10802914796493418 
0.3990399673026553 0.02212563292893648 0.10753566190168991 
0.39724420962761736 0.0219957651059926 0.1070198680570897 
0.39548263213423646 0.021862297963998044 0.10648249150588467 
0.39375668363410976 0.021725562652328917 0.10592425781059693 
0.3920676957052045 0.02158589976780118 0.10534589072839014 
0.3904168759343776 0.021443657276996486 0.10474810976506105 
0.38880530146498743 0.021299188328125957 0.1041316275233117 
0.3872339128995518 0.02115284895996693 0.1034971467883578 
0.38570350862344027 0.02100499571931572 0.10284535729250312 
0.3842147396349878 0.02085598320350801 0.10217693210275419 
0.3827681049898023 0.020706161550949197 0.10149252358322991 
0.38136394799155376 0.02055587391025447 0.10079275889849666 
0.3800024532866875 0.020405453927361823 0.10007823504642605 
0.3786836450440396 0.020255223299496295 0.09934951344085571 
0.3774073864192285 0.020105489454535025 0.0986071141057682 
0.3761733805141708 0.019956543423283613 0.09785150959349548 
0.3749811730398198 0.019808657979288262 0.09708311879788287 
0.3738301568709028 0.0196620861247141 0.09630230089602264 
0.37271957864118044 0.01951706000004618 0.09550934971385673 
0.3716485474641305 0.01937379028851047 0.09470448886461925 
0.3706160457768219 0.019232466172076437 0.093887868046372 
0.3696209421970554 0.019093255874199647 0.09305956089694586 
0.36866200616227235 0.018956307795474997 0.09221956478346596 
0.36773792399356586 0.018821752213565128 0.09136780284380909 
0.366847315912574 0.018689703480743808 0.0905041284974147 
0.36598875344763093 0.01856026261473954 0.089628332506798 
0.36516077661200846 0.018433520145471987 0.08874015250870128 
0.36436191023174636 0.018309559055961547 0.08783928476011382 
0.3635906788482588 0.018188457643714302 0.08692539767793171 
0.3628456197194285 0.01807029213147437 0.08599814661111742 
0.3621252935829698 0.01795513887383546 0.08505718918775862 
0.36142829301223073 0.01784307603729348 0.08410220053799572 
0.3607532483686311 0.017734184672617413 0.08313288771165767 
0.3600988315175004 0.017628549145379202 0.08214900268296312 
0.3594637576087101 0.017526256938055394 0.08115035345314187 
0.3588467853186768 0.017427397880484443 0.08013681290974736 
0.35824671600072217 0.017332062900741744 0.07910832526112865 
0.3576623921972154 0.017240342413142137 0.07806491001912513 
0.3570926959353161 0.01715232447307158 0.07700666363870168 
0.3565365471677254 0.01706809283007431 0.07593375903056573 
0.35599290264137023 0.016987725002585535 0.07484644323726389 
0.35546075539082983 0.016911290482130872 0.07374503360474273 
0.3549391349685095 0.016838849154255747 0.07262991279321762 
0.354427108446787 0.016770450000403524 0.07150152295896618 
0.35392378216289355 0.01670613012162941 0.07036035940888954 
0.35342830412721904 0.016645914103161963 0.06920696398888114 
0.352939866980278 0.016589813719626985 0.0680419184210095 
0.352457711361712 0.016537827964951908 0.06686583775792586 
0.35198112954456584 0.016489943378853247 0.06567936407915181 
0.3515094691874469 0.01644613463331387 0.06448316051516852 
0.3510421370637736 0.01640636533727245 0.06327790565264566 
0.35057860263902474 0.016370589015414546 0.062064288348023536 
0.3501184013818638 0.01633875021694395 0.06084300295670456 
0.3496611377117333 0.016310785711982148 0.05961474497065755 
0.3492064875028028 0.016286625736288623 0.05838020704742012 
0.34875420008113034 0.016266195248869277 0.057140075407370726 
0.3483040996679671 0.01624941517137539 0.05589502657282684 
0.34785608623688236 0.016236203582700337 0.05464572442119692 
0.3474101357655991 0.016226476846638044 0.05339281752438251 
0.3469662998750174 0.016220150654726893 0.05213693674733538 
0.3465247048578808 0.016217140970369522 0.05087869307970125 
0.34608555010799075 0.016217364863944476 0.049618675675524276 
0.3456491059679458 0.01622074123189338 0.04835745007684627 
0.3452157110192501 0.016227191395687915 0.04709555659760261 
0.3447857688435236 0.016236639579179844 0.045833508844454494 
0.3443597442876539 0.016249013265151276 0.044571792351120104 
0.3439381592693128 0.01626424343395165 0.04331086330244389 
0.34352158816253703 0.016282264688972925 0.04205114732397246 
0.34311065280626124 0.016303015275411184 0.040793038312330845 
0.3427060171820125 0.016326437000319955 0.03953689728138274 
0.3423083818105784 0.01635247506339644 0.03828305119922061 
0.3419184779215096 0.016381077809261565 0.03703179179170769 
0.34153706145386686 0.01641219641318847 0.03578337428985223 
0.34116490695169965 0.01644578451327491 0.034538016101040535 
0.3408028014232577 0.01648179780289809 0.03329589538840222 
0.34045153823870544 0.016520193597873694 0.03205714954864575 
0.34011191114681655 0.0165609303929867 0.03082187358687143 
0.33978470849631986 0.01660396742238098 0.02959011839735595 
0.3394707077516648 0.016649264237594382 0.02836188897220877 
0.33917067039523563 0.01669678031571973 0.027137142575039644 
0.3388853373076646 0.016746474708189824 0.025915786934031286 
0.33861542471399064 0.016798305737993485 0.024697678527452936 
0.3383616207751609 0.01685223074974544 0.023482621053713085 
0.3381245828910902 0.016908205913040056 0.022270364196199023 
0.3379049357627826 0.016966186075081085 0.02106060280872044 
0.3377032702368899 0.017026124653945495 0.0198529766584494 
0.33752014292712806 0.017087973559340996 0.0186470708678148 
0.3373560765743892 0.017151683123748058 0.017442417192973635 
0.3372115610730822 0.017217202023825796 0.016238496262740307 
0.33708705505768277 0.01728447717032312 0.015034740877381242 
0.33698298791358255 0.01735345354481737 0.013830540431597175 
0.3368997620531242 0.01742407396362802 0.012625246481569364 
0.3368377552839875 0.01749627875326831 0.011418179424582264 
0.3367973230949742 0.017570005327644314 0.010208636204973155 
0.33677880069485006 0.017645187664511744 0.008995898906291279 
0.33678250466304643 0.01772175568689018 0.007779244041192115 
0.3368087341051444 0.01779963456351008 0.006557952312111635 
0.3368577712483302 0.01787874395017573 0.005331318590714143 
0.3369298814586232 0.017958997200449384 0.0040986618547354595 
0.3370253127083751 0.018040300578714065 0.0028593348277907438 
0.3371442945651178 0.018122552511066647 0.0016127330899512104 
0.3372870368076818 0.018205642909488146 0.000358303461876654 
0.33745372780003813 0.018289452602436522 -0.0009044484906286492 
0.33764453276618794 0.018373852900730528 -0.002175951935840924 
0.3378595921106056 0.018458705321821058 -0.0034565652938484317 
0.33809901991935953 0.018543861488847145 -0.004746571801324271 
0.33836290275908226 0.018629163213827966 -0.006046176091995131 
0.33865129886695694 0.018714442767479363 -0.007355501729875975 
0.3389642377975138 0.01879952333189339 -0.008674589609976557 
0.3393017205637894 0.018884219626987796 -0.010003397127994298 
0.3396637202834468 0.01896833869739144 -0.01134179801567474 
0.3400501833163741 0.01905168084333455 -0.012689582740711273 
0.3404610308601427 0.019134040677111424 -0.014046459377651534 
0.34089616095403025 0.019215208285658404 -0.015412054867612546 
0.3413554508311672 0.01929497047957769 -0.01678591659811274 
0.3418387595515056 0.019373112109354676 -0.018167514248663252 
0.3423459308452404 0.019449417430381262 -0.019556241861856213 
0.34287679609643346 0.01952367149954324 -0.020951420112759855 
0.3434311773992629 0.019595661587414534 -0.022352298760971355 
0.34400889062392465 0.019665178591410322 -0.023758059279405257 
0.3446097484352006 0.01973201843650121 -0.025167817661706737 
0.3452335632136261 0.019795983451221705 -0.026580627416109972 
0.3458801498366552 0.019856883707686117 -0.027995482757723344 
0.34654932828497964 0.01991453831513614 -0.029411322013781813 
0.34724092604699097 0.019968776657188797 -0.030827031257533652 
0.34795478030217153 0.020019439563443413 -0.0322414481862933 
0.3486907398718568 0.020066380406462477 -0.03365336625792826 
0.3494486669332839 0.020109466115394218 -0.03506153909776552 
0.3502284385000865 0.020148578097686963 -0.03646468518465659 
0.3510299476793567 0.02018361306049803 -0.03786149282075342 
0.3518531047220178 0.02021448372356549 -0.0392506253844022 
0.3526978378894242 0.020241119415538626 -0.04063072685940391 
0.35356409416468404 0.020263466546104877 -0.04200042762665787 
0.3544518398419795 0.020281488946763536 -0.043358350495818467 
0.35536106103085885 0.02029516807384043 -0.044703116945003875 
0.3562917641147559 0.02030450306837364 -0.046033353525788336 
0.35724397620343334 0.0203095106688894 -0.04734769837874889 
0.3582177456171836 0.020310224974885056 -0.04864480779190528 
0.35921314243594443 0.020306697061086253 -0.04992336272081715 
0.3602302591385125 0.02029899444527475 -0.051182075175411394 
0.36126921134533174 0.020287200415689436 -0.05241969436555958 
0.3623301386626234 0.020271413227646192 -0.05363501248600554 
0.3634132056058864 0.020251745183012364 -0.05482687001270525 
0.36451860255733143 0.020228321610361984 -0.05599416037842856 
0.3656465466854298 0.020201279767813746 -0.0571358338971532 
0.3667972827267628 0.020170767694436986 -0.05825090081590632 
0.36797108350270613 0.020136943039363156 -0.05933843339060332 
0.36916825001866577 0.020099971899982985 -0.06039756690998705 
0.3703891109745729 0.020060027701456918 -0.061427499629128114 
0.3716340215053309 0.02001729014886368 -0.062427491620307286 
0.3729033609719688 0.01997194428039329 -0.06339686260248406 
0.37419752964089387 0.019924179644931195 -0.06433498886777154 
0.3755169441213392 0.019874189620248537 -0.06524129948008237 
0.3768620314798261 0.01982217087910638 -0.06611527197227568 
0.37823322201340936 0.019768323000433418 -0.06695642780834385 
0.3796309407368784 0.019712848212091266 -0.06776432790145086 
0.3810555977175294 0.01965595124149276 -0.0685385684831197 
0.3825075774679252 0.019597839241430055 -0.06927877760153342 
0.38398722767512017 0.019538721751781625 -0.06998461248798538 
0.3854948475975115 0.019478810653996842 -0.07065575797265086 
0.3870306764925112 0.019418320074817016 -0.07129192605889571 
0.38859488244651463 0.01935746619865184 -0.07189285668575573 
0.39018755196255356 0.01929646695410315 -0.07245831962824831 
0.39180868062260754 0.019235541548710745 -0.07298811741186627 
0.3934581650850158 0.01917490983625729 -0.07348208905694105 
0.39513579660859577 0.019114791511962177 -0.07394011442478124 
0.3968412562204493 0.019055405141676196 -0.0743621189127216 
0.3985741115703958 0.018996967040929992 -0.07474807823945548 
0.40033381544705066 0.01893969002775154 -0.07509802307341662 
0.4021197058729067 0.018883782079150317 -0.07541204328232408 
0.4039310076509451 0.018829444924906333 -0.07569029161732181 
0.40576683520425155 0.018776872613857465 -0.07593298668627282 
0.40762619653245513 0.018726250087474226 -0.07614041511382116 
0.40950799810306243 0.018677751793488677 -0.07631293282756525 
0.41141105049983573 0.018631540369101716 -0.07645096544764798 
0.41333407466182603 0.018587765419239146 -0.07655500778967693 
0.4152757085631034 0.018546562410839733 -0.07662562251733653 
0.4172345142024311 0.01850805169956203 -0.0766634380012025 
0.4192089847922562 0.018472337700848163 -0.07666914545445667 
0.4211975520560163 0.018439508213167987 -0.0766434954251031 
0.42319859356086437 0.018409633897606355 -0.07658729372874289 
0.42521044002888103 0.018382767914811915 -0.07650139690688515 
0.427231382583339 0.01835894571771595 -0.07638670729401528 
0.4292596798975602 0.018338184996335147 -0.0762441677730037 
0.4312935652224639 0.01832048576935347 -0.07607475629357645 
0.43333125327528643 0.018305830615979988 -0.07587948022302259 
0.4353709469764453 0.01829418504073979 -0.07565937059249744 
0.43741084402446506 0.018285497963313063 -0.07541547629649033 
0.43944914330059154 0.018279702325232478 -0.07514885829746779 
0.4414840510955096 0.018276715805129424 -0.07486058388250054 
0.4435137871507253 0.018276441634236598 -0.07455172101389958 
0.44553659050691596 0.018278769503970404 -0.07422333281154476 
0.44755072515108113 0.018283576557597096 -0.07387647220067102 
0.44955448545384546 0.018290728458205587 -0.07351217675535361 
0.4515462013878556 0.018300080525445066 -0.07313146376475467 
0.45352424351802534 0.018311478933718883 -0.0727353255463059 
0.45548702775446676 0.01832476196474187 -0.072324725027351 
0.457433019859363 0.01833976130755256 -0.07190059161430058 
0.45936073969982116 0.018356303399210162 -0.07146381736600689 
0.46126876523991384 0.018374210799485015 -0.07101525348579653 
0.4631557362666634 0.018393303592854467 -0.07055570714435588 
0.46502035784663803 0.01841340081102772 -0.07008593864340343 
0.4668614035120706 0.01843432186902323 -0.06960665892775651 
0.4686777181779316 0.018455888007493253 -0.06911852745097186 
0.4704682207941162 0.018477923733510707 -0.06862215039716153 
0.47223190673974497 0.01850025825138728 -0.06811807925882196 
0.4739678499694022 0.018522726874263967 -0.06760680976752528 
0.4756752049238141 0.018545172406199645 -0.06708878117107187 
0.47735320821979466 0.018567446483284424 -0.06656437584716647 
0.47900118013606147 0.01858941086094295 -0.06603391923983437 
0.48061852591249143 0.01861093863311018 -0.06549768010064674 
0.4822047368802612 0.01863191536742813 -0.06495587101239741 
0.4837593914387955 0.01865224013912611 -0.06440864916823365 
0.4852821558922044 0.01867182644494677 -0.06385611737451428 
0.48677278515262296 0.01869060297753799 -0.06329832524102873 
0.48823112331028595 0.018708514240354166 -0.062735270517939 
0.4896571040601 0.01872552098353276 -0.06216690053526462 
0.49105075096184725 0.01874160044267621 -0.061593113698396644 
0.49241217749609745 0.01875674636520794 -0.06101376099257341 
0.49374158686083347 0.018770968813170724 -0.06042864745113784 
0.4950392714354347 0.018784293737102796 -0.05983753354741231 
0.4963056118201446 0.018796762322943857 -0.059240136478838586 
0.4975410753420104 0.018808430122606273 -0.05863613132514472 
0.4987462139044878 0.018819365988517134 -0.05802515207995923 
0.49992166104969443 0.018829650842500975 -0.057406792577301136 
0.5010681281020923 0.018839376319038682 -0.05678060735994648 
0.5021863992724623 0.018848643331256035 -0.05614611256432696 
0.5032773256232409 0.01885756061394811 -0.055502786924112445 
0.5043418178315623 0.01886624330056387 -0.054850073019054826 
0.5053808377344468 0.018874811589585514 -0.054187378913646854 
0.5063953886996168 0.018883389549711194 -0.053514080338216356 
0.5073865049319299 0.01889210410273045 -0.05282952356020366 
0.5083552398942769 0.018901084208562596 -0.05213302907352955 
0.5093026540868011 0.01891046025974526 -0.05142389619867353 
0.5102298024827756 0.01892036367430508 -0.05070140863678805 
0.5111377219572244 0.0189309266582712 -0.04996484096133472 
0.5120274190605825 0.018942282093986428 -0.049213465965565945 
0.5128998584817925 0.018954563499460488 -0.048446562720068115 
0.5137559525133525 0.018967904998435602 -0.047663425138191585 
0.5145965517778949 0.01898244124107773 -0.04686337080447883 
0.5154224374072116 0.01899830722103423 -0.04604574979653177 
0.5162343147871307 0.019015637945122676 -0.045209953226284336 
0.5170328089028118 0.01903456792575773 -0.04435542124206137 
0.5178184612458693 0.019055230481743745 -0.04348165026553193 
0.518591728182925 0.019077756848607533 -0.04258819928339322 
0.5193529806385272 0.019102275113767782 -0.04167469506705015 
0.5201025049154556 0.01912890900344856 -0.040740836249221216 
0.5208405044619828 0.019157776556692374 -0.039786396239377325 
0.5215671023967288 0.019188988726903188 -0.038811225006342785 
0.5222823446143999 0.01922264795321472 -0.03781524979371471 
0.5229862033164999 0.019258846743079566 -0.036798474860803836 
0.5236785808366055 0.01929766630441479 -0.035760980358570005 
0.5243593136569532 0.01933917526108816 -0.034702920457455017 
0.5250281765394298 0.01938342848012231 -0.03362452084362752 
0.525684886717797 0.01943046603328436 -0.032526075693779084 
0.5263291081180483 0.01948031231014777 -0.03140794422810389 
0.5269604555896107 0.01953297529456402 -0.030270546928180327 
0.5275784991416569 0.019588446011946967 -0.029114361492591348 
0.5281827681863375 0.019646698150929745 -0.027939918589427175 
0.5287727557947265 0.019707687859802484 -0.02674779745212179 
0.5293479229723471 0.01977135371561959 -0.025538621353930886 
0.5299077029598274 0.019837616861885374 -0.02431305298706244 
0.5304515055612165 0.01990638130917657 -0.02307178976514104 
0.5309787214982069 0.019977534391825612 -0.021815559062309708 
0.5314887267835022 0.020050947372764208 -0.020545113398751744 
0.5319808871011799 0.020126476187718918 -0.019261225580598028 
0.5324545621764732 0.02020396231908312 -0.017964683801912053 
0.5329091101122213 0.020283233788907694 -0.016656286717530163 
0.5333438916645123 0.020364106259518698 -0.015336838497819867 
0.5337582744259997 0.020446384229269893 -0.01400714387973568 
0.5341516368821607 0.02052986230987628 -0.012668003232743114 
0.5345233723035876 0.020614326570676415 -0.011320207663084758 
0.53487289243635 0.02069955593408161 -0.009964534185300748 
0.5351996309527594 0.0207853236054506 -0.008601740995690442 
0.535503046626538 0.020871398519758534 -0.007232562888277363 
0.5357826261996091 0.020957546786799664 -0.00585770685953871 
0.5360378869124703 0.021043533116375017 -0.004477847953366395 
0.5362683786764063 0.02112912220507178 -0.003093625402066375 
0.5364736858735266 0.02121408006693805 -0.0017056391222855759 
0.5366534287795879 0.021298175291677508 -0.00031444662616304494 
0.5368072646144862 0.021381180215991318 0.0010794395926678338 
0.5369348882357424 0.02146287199639974 0.002475554141701368 
0.5370360325007643 0.021543033575258136 0.0038734802300831195 
0.5371104683335041 0.021621454535659466 0.005272850544950201 
0.537158004539699 0.021697931845347358 0.006673347472938371 
0.5371784874214875 0.021772270494449835 0.008074702650198495 
0.5371718002462502 0.02184428403653036 0.00947669584034298 
0.5371378626254771 0.021913795046850246 0.0108791531572332 
0.5370766298570647 0.02198063551553447 0.012281944667539856 
0.536988092278561 0.022044647196232503 0.013684981425559316 
0.5368722746697496 0.02210568193260324 0.015088212008784676 
0.5367292357310459 0.02216360198533185 0.01649161863618447 
0.5365590676502608 0.0222182803812989 0.017895212961142434 
0.5363618957552638 0.02226960130396868 0.01929903163689351 
0.5361378782350879 0.02231746054015771 0.020703131753686054 
0.5358872058981152 0.022361765993306935 0.022107586243781365 
0.5356101019242215 0.02240243826752456 0.023512479343078867 
0.5353068215589507 0.022439411320367548 0.02491790218726271 
0.5349776516925668 0.02247263317599508 0.026323948606764614 
0.5346229102654213 0.02250206668435866 0.02773071116955881 
0.5342429454435187 0.022527690306854767 0.02913827750492345 
0.533838134514088 0.0225494989046508 0.030546726925851087 
0.5334088824598747 0.022567504502913435 0.03195612735366922 
0.5329556201819889 0.022581737002530244 0.03336653253634637 
0.5324788023537262 0.022592244810636614 0.034777979542384825 
0.5319789049009443 0.02259909536226646 0.036190486505379864 
0.5314564221176444 0.022602375507592545 0.037604050590265246 
0.5309118634376423 0.022602191742313357 0.03901864615080704 
0.5303457498941864 0.022598670262549813 0.04043422304872645 
0.5297586103086811 0.02259195682989837 0.041850705107531694 
0.5291509772571299 0.022582216436815995 0.04326798867826217 
0.5285233828684403 0.022569632767077477 0.04468594129944514 
0.527876354512371 0.02255440745046825 0.04610440043920706 
0.5272104104367865 0.022536759115015303 0.04752317231329652 
0.5265260554141671 0.0225169222438129 0.04894203077845016 
0.5258237764562302 0.022495145846803677 0.05036071630583007 
0.525104038653247 0.022471691960699612 0.05177893504399572 
0.5243672811913825 0.022446833992568013 0.05319635798494496 
0.5236139135973593 0.022420854924488254 0.05461262025009003 
0.5228443122550361 0.02239404539814104 0.05602732051561095 
0.5220588172333164 0.022366701699272795 0.05744002059845303 
0.5212577294591658 0.022339123662737454 0.05885024522533385 
0.5204413082635782 0.02231161251930966 0.06025748200753004 
0.5196097693220906 0.02228446870573992 0.06166118164396173 
0.5187632830050058 0.02225798965962781 0.06306075837421347 
0.5179019731458545 0.02223246762066211 0.06445559070163287 
0.517025916229879 0.02220818745964212 0.06584502240454888 
0.5161351409975424 0.02218542455646928 0.06722836385092038 
0.51522962845129 0.022164442747983987 0.0686048936283418 
0.5143093122471967 0.02214549236611042 0.06997386049724545 
0.5133740794467844 0.022128808386237674 0.07133448567029635 
0.512423771598453 0.022114608705074278 0.07268596541532031 
0.5114581861127508 0.022103092566316054 0.0740274739725916 
0.5104770778914587 0.02209443915130858 0.07535816676991441 
0.5094801611673645 0.022088806350400777 0.07667718391068011 
0.5084671115100391 0.022086329728810757 0.07798365390104492 
0.5074375679531357 0.02208712169849804 0.07927669757271971 
0.5063911352010686 0.02209127090470831 0.08055543214784054 
0.5053273858776017 0.022098841832500736 0.08181897538238087 
0.5042458627860995 0.022109874634687082 0.08306644971506377 
0.503146081161007 0.02212438517824869 0.08429698634036728 
0.5020275309024503 0.02214236530154866 0.08550972911771246 
0.5008896788003548 0.02216378326966916 0.08670383822509521 
0.49973197077065035 0.022188584410188297 0.08787849346509415 
0.4985538341431285 0.02221669190692841 0.08903289713513386 
0.4973546800572921 0.02224800772496504 0.09016627638272405 
0.49613390603775887 0.02228241363681141 0.09127788498050537 
0.4948908988330237 0.022319772317515408 0.09236700447531232 
0.4936250376091143 0.02235992847571256 0.09343294468967057 
0.4923356975915291 0.022402709988685987 0.09447504358222913 
0.49102225424366963 0.022447929012298345 0.09549266650411964 
0.4896840880571474 0.022495383041246122 0.09648520491922305 
0.48832059000877254 0.02254485590125326 0.09745207468557557 
0.48693116771139616 0.022596118662217998 0.09839271402030578 
0.48551525225246733 0.02264893046946625 0.09930658128934476 
0.4840723056772608 0.022703039298557142 0.10019315277384883 
0.4826018290357882 0.022758182646898904 0.10105192056662428 
0.4811033708762793 0.022814088182152144 0.10188239074343802 
0.4795765360365915 0.02287047437249664 0.10268408193644118 
0.4780209945604153 0.022927051126935483 0.10345652441136606 
0.47643649054953024 0.022983520474708155 0.1041992597187571 
0.47482285075761926 0.0230395773115867 0.10491184095479873 
0.47317999273540406 0.023094910237531956 0.10559383363204743 
0.47150793235035143 0.02314920250524896 0.1062448171271699 
0.46980679052545093 0.0232021330930729 0.1068643866438771 
0.46807679906858873 0.023253377908865964 0.10745215560626999 
0.4663183054945737 0.023302611124736826 0.10800775838176467 
0.4645317767736643 0.02334950663588 0.10853085322390978 
0.46271780197144924 0.023393739631055656 0.10902112532341317 
0.46087709377346137 0.02343498825746385 0.10947828985972535 
0.45901048891275903 0.02347293535916658 0.10990209495442 
0.45711894753914745 0.023507270265821202 0.11029232444005029 
0.4552035515844754 0.023537690607265165 0.11064880037280969 
0.45326550218963024 0.02356390412931572 0.11097138523296418 
0.4513061162658669 0.02358563048685944 0.11125998377261087 
0.4493268222665428 0.02360260299171737 0.11151454448505121 
0.4473291552458461 0.02361457029469497 0.1117350606833735 
0.4453147512794316 0.02362129798348276 0.11192157118737898 
0.4432853413186475 0.023622570080506618 0.11207416062759906 
0.44124274454584617 0.02361819042730532 0.11219295938284214 
0.4391888612935862 0.02360798394443399 0.11227814317358237 
0.437125665585733 0.02359179775818044 0.11232993233773947 
0.43505519735380754 0.023569502187485578 0.11234859081821512 
0.4329795543775917 0.023540991586348536 0.11233442489317702 
0.43090088399508053 0.023506185038657618 0.11228778168073507 
0.4288213746233843 0.023465026903817517 0.11220904744953628 
0.4267432471291371 0.023417487212748583 0.11209864576608643 
0.4246687460843015 0.023363561914825567 0.11195703550842313 
0.422600130940912 0.023303272977117928 0.11178470877422737 
0.42053966715618735 0.023236668337904838 0.11158218870963862 
0.4184896172975074 0.023163821716882717 0.11135002728297828 
0.4164522321548926 0.02308483228477422 0.11108880302531193 
0.4144297418868167 0.022999824195199744 0.1107991187572816     line 3  
0.41402231247584637 0.03198987664218944 0.11091295317848576 
0.4119900694345007 0.03189781126643899 0.1105897829353019 
0.4099773809660358 0.031799996762176305 0.11023787400659495 
0.4079864405312067 0.031696630938360115 0.10985791223300811 
0.40601938627120415 0.03158793350804387 0.10945060473276902 
0.4040782929817477 0.031474145033244944 0.10901667785914639 
0.402165164227088 0.0313555257590211 0.10855687522254413 
0.400281924599016 0.03123235433662066 0.10807195576815674 
0.39843041212427355 0.031104926434778263 0.1075626918934693 
0.39661237082269646 0.030973553237491767 0.10702986758251878 
0.39482944341832216 0.030838559826015213 0.10647427652577526 
0.39308316420698686 0.030700283442443358 0.10589672018586854 
0.39137495208708734 0.030559071632275815 0.10529800576040732 
0.3897061037657378 0.03041528026389481 0.10467894398418243 
0.38807778716105257 0.030269271424158008 0.10404034670467956 
0.3864910350332759 0.03012141119150648 0.10338302415782487 
0.38494673889336695 0.029972067291336595 0.10270778186628221 
0.383445643257686 0.029821606643090814 0.10201541708170485 
0.3819883403414975 0.029670392814750986 0.1013067146966485 
0.38057526531153124 0.02951878340825166 0.10058244256307738 
0.37920669224760617 0.029367127408716772 0.09984334617427666 
0.3778827309932922 0.02921576254111497 0.09909014269707922 
0.37660332510286726 0.029065012689428696 0.09832351438268687 
0.3753682511126225 0.028915185444941403 0.09754410143721198 
0.37417711937434694 0.028766569860649023 0.09675249449627257 
0.3730293766827167 0.02861943449667963 0.09594922691871052 
0.37192431090166944 0.028474025845339607 0.0951347671879161 
0.3708610577440957 0.0283305672223301 0.09430951177840269 
0.36983860978281113 0.028189258201330475 0.0934737789014915 
0.3688558276702508 0.028050274651562526 0.0926278035775621 
0.36791145342486287 0.027913769411980417 0.0917717344839114 
0.367004125512907 0.0277798736023079 0.09090563298939193 
0.36613239532785974 0.027648698532409956 0.09002947470592747 
0.3652947445605289 0.027520338130737277 0.08914315376422857 
0.36448960287596754 0.027394871773960175 0.0882464898641342 
0.36371536528046006 0.027272367367874594 0.08733923797243434 
0.36297040858047736 0.027152884508311454 0.0864211003606721 
0.36225310640608976 0.02703647754314183 0.08549174051210401 
0.3615618423872336 0.026923198363943652 0.08455079829931 
0.3608950212193805 0.02681309877795361 0.08359790575615629 
0.36025107751822544 0.026706232345173667 0.08263270274748864 
0.35962848252232743 0.026602655608062128 0.08165485187686006 
0.35902574884124167 0.02650242868740813 0.08066405205920733 
0.3584414335518557 0.026405615262971385 0.07966005030850401 
0.3578741400104119 0.026312281997067106 0.07864265143382293 
0.35732251877106364 0.02622249749039108 0.0776117254844741 
0.3567852679880162 0.026136330880264076 0.07656721292162054 
0.3562611336351879 0.026053850201731697 0.07550912760944842 
0.3557489098146126 0.025975120632341683 0.07443755780742953 
0.35524743935228076 0.025900202733521133 0.0733526654045739 
0.35475561480642565 0.025829150787349625 0.07225468366841746 
0.35427237994504956 0.02576201130936865 0.07114391378980045 
0.35379673169116116 0.0256988217979566 0.07002072049452855 
0.3533277224880483 0.025639609760507682 0.06888552697031843 
0.35286446300345664 0.025584392037564414 0.06773880932716798 
0.35240612507004176 0.025533174429133214 0.0665810907757601 
0.35195194474837244 0.025485951613238342 0.06541293567498539 
0.3515012253961598 0.02544270733558463 0.06423494356840265 
0.3510533406312883 0.025403414840988424 0.06304774330177325 
0.350607737084776 0.02536803751179198 0.061851987290310176 
0.3501639368513892 0.025336529675476626 0.0606483459850273 
0.34972153955897856 0.025308837542742938 0.0594375025722542 
0.3492802239916781 0.02528490023802804 0.05822014792848411 
0.3488397492161485 0.02526465088638611 0.05699697584364251 
0.34839995517355393 0.025248017723513157 0.05576867851899004 
0.3479607627125537 0.025234925199142895 0.0545359423406447 
0.3475221730500843 0.025225295047821145 0.053299443925646395 
0.3470842666569784 0.025219047304982138 0.05205984643420367 
0.34664720157451356 0.02521610125014763 0.050817796138972963 
0.3462112111758306 0.025216376262841796 0.04957391923972492 
0.3457766013928992 0.02521979258038943 0.04832881890943351 
0.3453437474354683 0.025226271950101124 0.04708307255562913 
0.3449130900333678 0.025235738171427012 0.04583722927879074 
0.34448513123778424 0.02524811752647894 0.04459180750765894 
0.3440604298209248 0.025263339099887518 0.043347292789714206 
0.34363959631696417 0.025281334991289345 0.04210413571378876 
0.3432232877505351 0.025302040425845888 0.040862749941002835 
0.3428122021024329 0.02532539377009063 0.03962351032008874 
0.34240707256577835 0.025351336462090757 0.03838675106386583 
0.342008661649728 0.02537981286638868 0.037152763965351165 
0.3416177551919558 0.025410770065441016 0.03592179663493948 
0.3412351563455266 0.025444157600267563 0.03469405074447987 
0.34086167961030667 0.025479927173715992 0.03346968027012113 
0.34049814498348474 0.02551803233008177 0.032248789733672865 
0.3401453723077544 0.025558428124730147 0.031031432452062607 
0.33980417589877954 0.02560107079677522 0.02981760881628666 
0.3394753595351359 0.025645917456711107 0.028607264634953097 
0.3391597118933164 0.025692925799107685 0.0274002895927963 
0.33885800250687276 0.025742053848048077 0.02619651589087883 
0.33857097832160143 0.025793259739911353 0.024995717151770822 
0.33829936090722995 0.025846501544458167 0.023797607688703946 
0.33804384436988055 0.025901737121096637 0.022601842251136622 
0.33780509398856406 0.025958924002901413 0.021408016368707206 
0.3375837455734102 0.026018019296717515 0.02021566741943994 
0.33738040551416004 0.026078979583853718 0.01902427654459201 
0.33719565145609853 0.026141760802849266 0.017833271520246136 
0.3370300335091612 0.026206318093978567 0.01664203067373657 
0.3368840758669447 0.02627260558489484 0.015449887901091844 
0.3367582786885796 0.026340576098360404 0.014256138800716123 
0.33665312008063286 0.026410180766479704 0.013060047890431201 
0.33656905801072046 0.026481368541160694 0.011860856822752576 
0.3365065319908625 0.026554085597397338 0.01065779346073548 
0.33646596438722437 0.02662827463390552 0.009450081628264344 
0.3364477612428844 0.026703874084014985 0.008236951308657042 
0.3364523125394624 0.026780817257785635 0.007017649037749438 
0.3364799918685605 0.02685903144333989 0.005791448224991399 
0.33653115553096563 0.026938437000731452 0.004557659139829707 
0.3366061411262107 0.027018946484824904 0.0033156383204190547 
0.3367052657334396 0.027100463834387373 0.0020647971955211723 
0.3368288238134396 0.027182883662894206 0.0008046097550128352 
0.33697708497920736 0.0272660906826665 -0.00046538084445590954 
0.3371502917878303 0.02734995928832653 -0.0017455567989372721 
0.3373486577003764 0.027434353318742267 -0.003036221311129422 
0.3375723653405755 0.027519126009248093 -0.004337595342982589 
0.3378215651596962 0.02760412013856661 -0.005649815394426816 
0.33809637458695496 0.027689168368020753 -0.0069729322088066025 
0.33839687771475546 0.027774093764699102 -0.00830691028896176 
0.33872312553851014 0.02785871049546047 -0.009651628100900244 
0.3390751367437094 0.027942824675139272 -0.011006878843399159 
0.33945289900964687 0.028026235350023288 -0.012372371669955251 
0.33985637078059483 0.028108735596510052 -0.013747733262419482 
0.3402854834415204 0.02819011371463586 -0.015132509671578556 
0.3407401438264845 0.028270154496708694 -0.016526168357262873 
0.3412202369832541 0.028348640552352585 -0.017928100377930852 
0.3417256291167391 0.028425353672689356 -0.01933762269609467 
0.34225617063595504 0.028500076217969888 -0.020753980580715772 
0.3428116992336091 0.02857259251458131 -0.022176350100405653 
0.3433920429334782 0.028642690248889727 -0.0236038407117415 
0.34399702304794383 0.02871016184675556 -0.025035497955247756 
0.3446264569959436 0.0287748058287319 -0.02647030627773043 
0.3452801609398411 0.02883642813190296 -0.02790719200387041 
0.34595795220809755 0.02889484339003342 -0.029345026482517175 
0.34665965147897365 0.028949876164190185 -0.03078262943419739 
0.34738508470873436 0.029001362116285664 -0.0322187725261713 
0.3481340847959176 0.02904914911810174 -0.03365218320009413 
0.34890649298114895 0.029093098288320685 -0.03508154877509357 
0.3497021599897442 0.029133084949947763 -0.036505520845916926 
0.3505209469319114 0.02916899950030305 -0.037922719991749836 
0.35136272598271573 0.029200748185530017 -0.03933174080632637 
0.35222738087102734 0.029228253771365904 -0.040731157253957345 
0.35311480721329586 0.029251456101798124 -0.04211952834899573 
0.35402491273399433 0.0292703125372517 -0.043495404147907236 
0.35495761741966425 0.029284798264181795 -0.04485733203340083 
0.35591285365732095 0.02929490646845289 -0.04620386325891208 
0.3568905664100824 0.02930064836574659 -0.04753355970909272 
0.3578907134827503 0.029302053083527964 -0.04884500081792604 
0.3589132659271058 0.029299167390882362 -0.050136790570882314 
0.3599582086302838 0.029292055274867702 -0.051407564501574105 
0.36102554111918045 0.029280797364941765 -0.05265599657732778 
0.36211527859897746 0.029265490210519392 -0.05388080585288205 
0.36322745322428873 0.029246245420739763 -0.05508076275827427 
0.3643621155772223 0.029223188679970355 -0.05625469487735572 
0.3655193362983654 0.029196458657261875 -0.05740149206896365 
0.36669920778541254 0.029166205832640377 -0.058520110785326186 
0.36790184584164254 0.0291325912674502 -0.05960957745342761 
0.3691273911250959 0.029095785349550474 -0.06066899080612895 
0.3703760102220987 0.02905596654659457 -0.06169752308149481 
0.3716478961491149 0.02901332020146175 -0.06269442005081298 
0.37294326807822353 0.028968037402800392 -0.06365899988684097 
0.37426237008691793 0.028920313960332827 -0.0645906509412447 
0.3756054687546568 0.02887034950899142 -0.0654888285601309 
0.3769728494675407 0.02881834675825337 -0.06635305112412206 
0.37836481134780475 0.028764510893616695 -0.0671828955491284 
0.37978166079365516 0.028709049126647967 -0.06797799252045543 
0.38122370369264913 0.028652170379265797 -0.06873802175156934 
0.3826912364520736 0.028594085077840718 -0.06946270755669415 
0.384184536065572 0.02853500502423385 -0.07015181500248052 
0.3857038494995815 0.028475143304880428 -0.07080514685971093 
0.38724938272991594 0.028414714196036528 -0.07142254151512975 
0.3888212897838522 0.028353933023621842 -0.07200387193161796 
0.3904196621444265 0.028293015939632873 -0.07254904566880448 
0.39204451885202724 0.028232179583464787 -0.07305800590277214 
0.39369579759677575 0.02817164060499315 -0.07353073331904958 
0.39537334703846133 0.028111615036087056 -0.07396724870243569 
0.39707692052484544 0.02805231750745582 -0.07436761601334158 
0.3988061713100863 0.027993960317528904 -0.07473194572419267 
0.4005606493085017 0.027936752368729993 -0.075060398190074 
0.4023397993594126 0.02788089799352681 -0.07535318684282193 
0.40414296092954805 0.027826595697732756 -0.0756105810238079 
0.40596936914208936 0.02777403685162819 -0.07583290830397452 
0.4078181569962089 0.027723404360661057 -0.07602055617660179 
0.40968835862710223 0.027674871347010237 -0.0761739730455845 
0.41157891345247805 0.027628599871464387 -0.0762936684671438 
0.4134886710552737 0.027584739722232264 -0.07638021263409635 
0.415416396661881 0.0275434272937999 -0.07643423511801131 
0.4173607770883956 0.0275047845750973 -0.07645642290539836 
0.41932042704257394 0.027468918262293286 -0.07644751777957878 
0.42129389568486897 0.02743591900770716 -0.07640831311054999 
0.42327967336705163 0.02740586081275677 -0.07633965012161388 
0.42527619848078535 0.027378800569650332 -0.07624241370456508 
0.42728186436067184 0.027354777753724566 -0.07611752785557606 
0.42929502619654386 0.027333814265950183 -0.07596595080228952 
0.43131400791812863 0.02731591442315747 -0.0757886698896425 
0.4333371090217773 0.027301065091950644 -0.07558669628811165 
0.4353626113139269 0.02728923596104111 -0.07536105958378873 
0.4373887855495944 0.027280379945791775 -0.07511280230526185 
0.43941389794673086 0.027274433718080884 -0.07484297443790897 
0.44143621655894605 0.027271318354120763 -0.07455262797203568 
0.4434540174901794 0.027270940092562358 -0.07424281152739295 
0.4454655909355427 0.027273191195044552 -0.07391456509302541 
0.4474692470329674 0.02727795090127562 -0.07356891491812648 
0.44946332151062274 0.027285086470734726 -0.07320686858659792 
0.4514461811154246 0.027294454303131117 -0.07282941030528706 
0.4534162288084555 0.027305901129835858 -0.07243749643336553 
0.45537190871382294 0.02731926526858811 -0.0720320512779638 
0.45731171080846883 0.027334377933858105 -0.07161396317893706 
0.4592341753417352 0.027351064595305292 -0.07118408090345044 
0.4611378969751372 0.027369146376787043 -0.07074321036888206 
0.46302152863478785 0.027388441488333644 -0.07029211171028928 
0.46488378507127637 0.02740876668339102 -0.06983149670631025 
0.46672344612449357 0.027429938733424815 -0.06936202657481304 
0.4685393596938994 0.027451775911659336 -0.06888431014679747 
0.4703304444179847 0.027474099477271446 -0.06839890242393236 
0.47209569207010604 0.027496735150757474 -0.0679063035216054 
0.4738341696813765 0.027519514570424036 -0.06740695799541369 
0.4755450214047249 0.027542276719016625 -0.0669012545445687 
0.4772274701374215 0.0275648693083941 -0.06638952608069104 
0.4788808189220829 0.027587150108902673 -0.06587205014490026 
0.480504452148151 0.02760898820873629 -0.06534904964998466 
0.48209783657677835 0.02763026518715713 -0.0648206939178207 
0.48366052221159217 0.027650876184082775 -0.06428709997523392 
0.4851921430355779 0.027670730847355766 -0.06374833406436888 
0.4866924176299374 0.02768975413816211 -0.06320441331667997 
0.48816114968387936 0.027707886974756114 -0.06265530753331286 
0.4895982283946116 0.02772508669510862 -0.06210094100948222 
0.49100362874418996 0.027741327320561608 -0.061541194337170174 
0.49237741162438353 0.02775659960527673 -0.0609759061198713 
0.49371972376270934 0.02777091086039802 -0.06040487453607404 
0.4950307973829857 0.027784284547524574 -0.059827858695546986 
0.4963109495133056 0.027796759643299966 -0.059244579745048535 
0.49756058083485644 0.0278083897855034 -0.05865472169828148 
0.49878017394859253 0.027819242220609317 -0.0580579319888455 
0.4999702909257923 0.027829396582787224 -0.05745382177408549 
0.5011315700055984 0.027838943543963 -0.056841966050834934 
0.5022647213101833 0.027847983382911928 -0.056221903679039176 
0.5033705214681771 0.02785662452738847 -0.055593137443214834 
0.5044498070704481 0.0278649821260437 -0.054955134311102785 
0.5055034669290303 0.027873176705559125 -0.05430732606978232 
0.5065324331680118 0.027881332962597063 -0.053649110528122414 
0.5075376712409926 0.027889578729865454 -0.05297985346762784 
0.5085201690381016 0.027898044141401852 -0.05229889149966118 
0.5094809253103066 0.02790686100522008 -0.05160553594567276 
0.5104209376931855 0.0279161623733108 -0.05089907780056556 
0.5113411906504072 0.027926082281480122 -0.05017879377189664 
0.5122426436742086 0.027936755616507027 -0.04944395331525225 
0.5131262200738115 0.027948318057205757 -0.04869382651583042 
0.5139927966532539 0.027960906030312142 -0.04792769260509179 
0.5148431945305145 0.027974656622140694 -0.04714484885540802 
0.5156781712853243 0.02798970739245082 -0.04634461956923401 
0.5164984145503525 0.028006196047044872 -0.04552636487434314 
0.5173045370866738 0.028024259938956464 -0.044689489052432176 
0.5180970733161622 0.028044035383083043 -0.04383344816198056 
0.5188764772259433 0.02806565678417404 -0.04295775676301407 
0.5196431215166737 0.02808925559180701 -0.04206199360586771 
0.5203972978385765 0.02811495910732291 -0.04114580620259763 
0.5211392179464259 0.028142889176021 -0.040208914253423274 
0.521869015605149 0.028173160803028265 -0.0392511119476764 
0.5225867490886309 0.02820588073330755 -0.03827226919673158 
0.5232924041324922 0.02824114603567046 -0.03727233188418402 
0.5239858972239284 0.02827904272798292 -0.036251321236181966 
0.5246670791354107 0.02831964447662224 -0.03520933242326403 
0.525335738631985 0.028363011398263464 -0.03414653250580627 
0.525991606302484 0.02840918898676078 -0.0330631578300349 
0.5266343584822952 0.028458207182656292 -0.031959510972308376 
0.527263621248927 0.02851007959798295 -0.030835957317675106 
0.527878974481496 0.028564802904708517 -0.02969292134595208 
0.528479955981673 0.028622356391473577 -0.028530882685850294 
0.5290660656569777 0.028682701690215417 -0.02735037198577116 
0.5296367697681628 0.028745782671793528 -0.026151966639340107 
0.530191505241235 0.028811525507761202 -0.024936286394818218 
0.5307296840420046 0.028879838893864022 -0.023703988870361598 
0.5312506976073074 0.02895061442958749 -0.022455764991677667 
0.5317539213226561 0.029023727147026498 -0.021192334364877316 
0.5322387190313341 0.02909903618142241 -0.019914440595110466 
0.5327044475551255 0.029176385574837302 -0.018622846560762255 
0.5331504612022279 0.02925560520355579 -0.0173183296534175 
0.5335761162335834 0.029336511818884328 -0.01600167699533979 
0.5339807752550714 0.029418910190037964 -0.014673680648717945 
0.5343638114999066 0.029502594336764033 -0.013335132834280287 
0.5347246129633174 0.029587348838267698 -0.011986821180936321 
0.5350625863502904 0.0296729502039119 -0.010629524032735146 
0.5353771607970287 0.029759168290114223 -0.009264005844469353 
0.5356677913278889 0.02984576774692525 -0.007891012702507673 
0.5359339620120896 0.029932509477027087 -0.006511268012673257 
0.5361751887884761 0.030019152089429867 -0.005125468401918711 
0.536391021932147 0.03010545333006463 -0.003734279884846213 
0.5365810481437423 0.03019117147186992 -0.002338334349415083 
0.5367448922505462 0.030276066647931137 -0.0009382264180661023 
0.5368822185180552 0.03035990211282393 0.000465489259433669 
0.5369927315809176 0.0304424454195698 0.0018723002272368412 
0.5370761770127629 0.030523469502528447 0.0032817379091789846 
0.5371323415647773 0.030602753660069877 0.004693378716801149 
0.5371610531123494 0.03068008443487714 0.0061068445474311995 
0.5371621803569795 0.030755256394054676 0.007521802652777859 
0.5371356323362976 0.030828072815631907 0.008937964873367095 
0.537081357797829 0.0308983462922878 0.01035508625066598 
0.5369993444917148 0.030965899266884506 0.011772963046085997 
0.5368896184336698 0.03103056451739303 0.013191430213282946 
0.5367522431821241 0.031092185610751964 0.014610358386220419 
0.5365873191630659 0.031150617345909903 0.016029650459286015 
0.5363949830632102 0.031205726205631466 0.017449237846388885 
0.536175407297596 0.03125739083456554 0.018869076512665086 
0.5359287995426236 0.0313055025576623 0.020289142874693487 
0.535655402310946 0.031349965948471815 0.02170942966283667 
0.5353554925316512 0.03139069945144372 0.02312994183267353 
0.5350293810887168 0.0314276360564318 0.024550692602040382 
0.5346774122635576 0.031460724017579975 0.025971699676764978 
0.5342999630240259 0.031489927603026116 0.027392981712795934 
0.5338974421026574 0.0315152278567726 0.028814555046217334 
0.5334702888110542 0.031536623349941596 0.030236430706705224 
0.5330189715446952 0.03155413089567995 0.031658611715330215 
0.5325439859424654 0.0315677862003288 0.03308109065505402 
0.5320458526770838 0.0315776444231557 0.034503847492384956 
0.5315251148655229 0.03158378061790021 0.03592684762177248 
0.5309823351016978 0.031586290031473396 0.03735004010049447 
0.5304180921264012 0.03158528823818649 0.03877335604088185 
0.5298329771611232 0.03158091109164212 0.04019670712838824 
0.5292275899425564 0.03157331448066763 0.04161998423780102 
0.5286025345029686 0.031562673880176716 0.0430430561252714 
0.5279584147480865 0.03154918369240649 0.04446576818027105 
0.5272958298886489 0.03153305637841764 0.045887941228533034 
0.5266153697844511 0.031514521383928 0.04730937038403549 
0.5259176102606548 0.03149382386737637 0.04872982395473616 
0.5252031084555838 0.03147122324152151 0.05014904241275611 
0.5244723982573813 0.03144699154284213 0.05156673744480329 
0.5237259858839761 0.031421411645513556 0.05298259110268987 
0.5229643456570309 0.03139477533881442 0.05439625507674299 
0.5221879160160487 0.031367381288491945 0.05580735011673099 
0.521397095813828 0.03133953290392507 0.05721546562565385 
0.5205922409290372 0.031311536133913784 0.05862015945144359 
0.5197736612259931 0.03128369721462631 0.0600209579003687 
0.5189416178858267 0.03125632039368909 0.06141735599383037 
0.5180963211271992 0.03122970565463291 0.0628088179873712 
0.5172379283286586 0.031204146465929512 0.06419477816716315 
0.5163665425586585 0.031179927578673366 0.06557464193508714 
0.5154822115133156 0.031157322896581085 0.06694778718880044 
0.5145849268561914 0.031136593441382684 0.06831356599796233 
0.513674623948932 0.0311179854358435 0.0696713065720723 
0.5127511819565362 0.0311017285255521 0.07102031550919224 
0.511814424306587 0.03108803415920287 0.07235988030818931 
0.5108641194780682 0.031077094145350627 0.07368927212008067 
0.509899982092682 0.031069079401478177 0.0750077487066385 
0.5089216742800121 0.031064138908658223 0.07631455756671252 
0.5079288072877488 0.031062398882079553 0.07760893918289165 
0.5069209433096433 0.03106396216423013 0.07889013033337922 
0.5058975975071431 0.031068907843594062 0.08015736740658765 
0.5048582402058472 0.031077291097363933 0.08140988964937194 
0.5038022992551195 0.0310891432519685 0.08264694227449856 
0.5027291625482858 0.031104472050285693 0.08386777934946983 
0.5016381807116277 0.031123262109417644 0.08507166638782646 
0.5005286699824334 0.031145475548058472 0.08625788256619533 
0.4993999153090503 0.03117105275804231 0.08742572249625634 
0.49825117371836103 0.03119991329090417 0.0885744974909802 
0.4970816780073045 0.031231956827521543 0.08970353627923536 
0.49589064082378437 0.031267064197420924 0.09081218514218777 
0.49467725920726346 0.031305098414383926 0.09189980746843127 
0.49344071965928754 0.03134590569675243 0.09296578275166165 
0.4921802038080937 0.03138931644438693 0.09400950508364173 
0.4908948947186217 0.03143514614952095 0.09503038122445796 
0.4895839838795196 0.031483196225569526 0.09602782835956589 
0.4882466788725431 0.03153325474593409 0.09700127167662205 
0.48688221169826046 0.03158509709350174 0.097950141912403 
0.48548984769698433 0.03163848653026732 0.09887387302934106 
0.48406889496773303 0.031693174704661625 0.09977190018101761 
0.4826187141534622 0.03174890212111446 0.10064365811578871 
0.48113872843057615 0.03180539860156129 0.10148858014787383 
0.47962843351735446 0.03186238377160551 0.10230609779694849 
0.4780874075013808 0.03191956760465152 0.10309564116254732 
0.47651532028158644 0.03197665105551724 0.10385664006103086 
0.4749119424264156 0.03203332681101988 0.10458852591339718 
0.4732771532652939 0.03208928017919014 0.10529073433474163 
0.47161094805461307 0.03214419013162794 0.10596270834325061 
0.46991344408977864 0.03219773050565992 0.10660390208027706 
0.46818488566911604 0.03224957136499611 0.10721378491455724 
0.46642564785106877 0.03229938051006239 0.1077918457935009 
0.464636238980844 0.032346825122557356 0.10833759770247518 
0.46281730199450405 0.032391573523374705 0.10885058209825697 
0.46096961453600166 0.03243329701903223 0.10933037319406304 
0.4590940879449261 0.032471671809212815 0.10977658198923344 
0.4571917651893909 0.03250638092689081 0.11018885995514643 
0.4552638178296657 0.032537116182644724 0.11056690230876104 
0.4533115421042937 0.032563580085936863 0.1109104508250067 
0.4513363542322691 0.03258548771813852 0.111219296158015 
0.44933978502321986 0.03260256853465568 0.11149327965816548 
0.44732347388333205 0.03261456807643814 0.11173229468661576 
0.4452891622988093 0.03262124957423838 0.11193628744118851 
0.4432386868717243 0.03262239543206097 0.11210525731716327 
0.44117397197580516 0.032617808579185094 0.1122392568338092 
0.43909702209248513 0.032607313682862175 0.11233839116262034 
0.4370099138807664 0.032590758216232696 0.11240281729647042 
0.4349147880283305 0.03256801337814094 0.11243274290059695 
0.4328138409259635 0.03253897486334764 0.1124284248867618 
0.43070931620280256 0.03250356348315449 0.11239016775139343 
0.428603496156092 0.03246172563768142 0.11231832171723928 
0.42649869310599053 0.03241343364200017 0.11221328071624775 
0.4243972407033892 0.032358685909052415 0.11207548024920996 
0.4223014852165508 0.03229750699279475 0.1119053951552432 
0.42021377682054106 0.032229947495337724 0.11170353732156142 
0.41813646091177514 0.032156083842004614 0.11147045336119546 
0.41607186946842506 0.03207601792824266 0.11120672228340911 
0.41402231247584637 0.03198987664218944 0.11091295317848576     line 4  
