periods 0
begin filament
FOCUSADD Coils
7.012978591786109 0.41123203920209794 0.06990035696053742 1520000.0
6.93325752667765 0.4096966566666492 0.07639607697010084 1520000.0
6.93325752667765 0.4096966566666492 0.07639607697010084 1520000.0
6.93325752667765 0.4096966566666492 0.07639607697010084 1520000.0
6.93325752667765 0.4096966566666492 0.07639607697010084 1520000.0
6.93325752667765 0.4096966566666492 0.07639607697010084 1520000.0
6.93325752667765 0.4096966566666492 0.07639607697010084 1520000.0
6.93325752667765 0.4096966566666492 0.07639607697010084 1520000.0
6.93325752667765 0.4096966566666492 0.07639607697010084 1520000.0
6.93325752667765 0.4096966566666492 0.07639607697010084 1520000.0
6.93325752667765 0.4096966566666492 0.07639607697010084 1520000.0
6.93325752667765 0.4096966566666492 0.07639607697010084 1520000.0
6.93325752667765 0.4096966566666492 0.07639607697010084 1520000.0
6.93325752667765 0.4096966566666492 0.07639607697010084 1520000.0
6.93325752667765 0.4096966566666492 0.07639607697010084 1520000.0
6.93325752667765 0.4096966566666492 0.07639607697010084 1520000.0
6.93325752667765 0.4096966566666492 0.07639607697010084 1520000.0
6.93325752667765 0.4096966566666492 0.07639607697010084 1520000.0
6.93325752667765 0.4096966566666492 0.07639607697010084 1520000.0
6.93325752667765 0.4096966566666492 0.07639607697010084 1520000.0
6.93325752667765 0.4096966566666492 0.07639607697010084 1520000.0
6.93325752667765 0.4096966566666492 0.07639607697010084 1520000.0
6.93325752667765 0.4096966566666492 0.07639607697010084 1520000.0
6.93325752667765 0.4096966566666492 0.07639607697010084 1520000.0
6.93325752667765 0.4096966566666492 0.07639607697010084 1520000.0
6.93325752667765 0.4096966566666492 0.07639607697010084 1520000.0
6.93325752667765 0.4096966566666492 0.07639607697010084 1520000.0
6.93325752667765 0.4096966566666492 0.07639607697010084 1520000.0
6.93325752667765 0.4096966566666492 0.07639607697010084 1520000.0
6.93325752667765 0.4096966566666492 0.07639607697010084 1520000.0
6.93325752667765 0.4096966566666492 0.07639607697010084 1520000.0
6.93325752667765 0.4096966566666492 0.07639607697010084 1520000.0
6.93325752667765 0.4096966566666492 0.07639607697010084 1520000.0
6.93325752667765 0.4096966566666492 0.07639607697010084 1520000.0
6.93325752667765 0.4096966566666492 0.07639607697010084 1520000.0
6.93325752667765 0.4096966566666492 0.07639607697010084 1520000.0
6.93325752667765 0.4096966566666492 0.07639607697010084 1520000.0
6.93325752667765 0.4096966566666492 0.07639607697010084 1520000.0
6.93325752667765 0.4096966566666492 0.07639607697010084 1520000.0
6.93325752667765 0.4096966566666492 0.07639607697010084 1520000.0
6.93325752667765 0.4096966566666492 0.07639607697010084 1520000.0
6.93325752667765 0.4096966566666492 0.07639607697010084 1520000.0
6.93325752667765 0.4096966566666492 0.07639607697010084 1520000.0
6.93325752667765 0.4096966566666492 0.07639607697010084 1520000.0
6.93325752667765 0.4096966566666492 0.07639607697010084 1520000.0
6.93325752667765 0.4096966566666492 0.07639607697010084 1520000.0
6.93325752667765 0.4096966566666492 0.07639607697010084 1520000.0
6.93325752667765 0.4096966566666492 0.07639607697010084 1520000.0
6.93325752667765 0.4096966566666492 0.07639607697010084 1520000.0
6.93325752667765 0.4096966566666492 0.07639607697010084 1520000.0
6.93325752667765 0.4096966566666492 0.07639607697010084 1520000.0
6.93325752667765 0.4096966566666492 0.07639607697010084 1520000.0
6.93325752667765 0.4096966566666492 0.07639607697010084 1520000.0
6.93325752667765 0.4096966566666492 0.07639607697010084 1520000.0
6.93325752667765 0.4096966566666492 0.07639607697010084 1520000.0
6.93325752667765 0.4096966566666492 0.07639607697010084 1520000.0
6.93325752667765 0.4096966566666492 0.07639607697010084 1520000.0
6.93325752667765 0.4096966566666492 0.07639607697010084 1520000.0
6.93325752667765 0.4096966566666492 0.07639607697010084 1520000.0
6.93325752667765 0.4096966566666492 0.07639607697010084 1520000.0
6.93325752667765 0.4096966566666492 0.07639607697010084 1520000.0
6.93325752667765 0.4096966566666492 0.07639607697010084 1520000.0
6.93325752667765 0.4096966566666492 0.07639607697010084 1520000.0
6.93325752667765 0.4096966566666492 0.07639607697010084 1520000.0
7.012978591786109 0.41123203920209794 0.06990035696053742 0.0 0,0,0 coil/filament1/filament2
7.012726802442476 0.4391645319444624 0.18638957473040882 1520000.0
6.933045094014659 0.43493079752886327 0.18065364978994586 1520000.0
6.933045094014659 0.43493079752886327 0.18065364978994586 1520000.0
6.933045094014659 0.43493079752886327 0.18065364978994586 1520000.0
6.933045094014659 0.43493079752886327 0.18065364978994586 1520000.0
6.933045094014659 0.43493079752886327 0.18065364978994586 1520000.0
6.933045094014659 0.43493079752886327 0.18065364978994586 1520000.0
6.933045094014659 0.43493079752886327 0.18065364978994586 1520000.0
6.933045094014659 0.43493079752886327 0.18065364978994586 1520000.0
6.933045094014659 0.43493079752886327 0.18065364978994586 1520000.0
6.933045094014659 0.43493079752886327 0.18065364978994586 1520000.0
6.933045094014659 0.43493079752886327 0.18065364978994586 1520000.0
6.933045094014659 0.43493079752886327 0.18065364978994586 1520000.0
6.933045094014659 0.43493079752886327 0.18065364978994586 1520000.0
6.933045094014659 0.43493079752886327 0.18065364978994586 1520000.0
6.933045094014659 0.43493079752886327 0.18065364978994586 1520000.0
6.933045094014659 0.43493079752886327 0.18065364978994586 1520000.0
6.933045094014659 0.43493079752886327 0.18065364978994586 1520000.0
6.933045094014659 0.43493079752886327 0.18065364978994586 1520000.0
6.933045094014659 0.43493079752886327 0.18065364978994586 1520000.0
6.933045094014659 0.43493079752886327 0.18065364978994586 1520000.0
6.933045094014659 0.43493079752886327 0.18065364978994586 1520000.0
6.933045094014659 0.43493079752886327 0.18065364978994586 1520000.0
6.933045094014659 0.43493079752886327 0.18065364978994586 1520000.0
6.933045094014659 0.43493079752886327 0.18065364978994586 1520000.0
6.933045094014659 0.43493079752886327 0.18065364978994586 1520000.0
6.933045094014659 0.43493079752886327 0.18065364978994586 1520000.0
6.933045094014659 0.43493079752886327 0.18065364978994586 1520000.0
6.933045094014659 0.43493079752886327 0.18065364978994586 1520000.0
6.933045094014659 0.43493079752886327 0.18065364978994586 1520000.0
6.933045094014659 0.43493079752886327 0.18065364978994586 1520000.0
6.933045094014659 0.43493079752886327 0.18065364978994586 1520000.0
6.933045094014659 0.43493079752886327 0.18065364978994586 1520000.0
6.933045094014659 0.43493079752886327 0.18065364978994586 1520000.0
6.933045094014659 0.43493079752886327 0.18065364978994586 1520000.0
6.933045094014659 0.43493079752886327 0.18065364978994586 1520000.0
6.933045094014659 0.43493079752886327 0.18065364978994586 1520000.0
6.933045094014659 0.43493079752886327 0.18065364978994586 1520000.0
6.933045094014659 0.43493079752886327 0.18065364978994586 1520000.0
6.933045094014659 0.43493079752886327 0.18065364978994586 1520000.0
6.933045094014659 0.43493079752886327 0.18065364978994586 1520000.0
6.933045094014659 0.43493079752886327 0.18065364978994586 1520000.0
6.933045094014659 0.43493079752886327 0.18065364978994586 1520000.0
6.933045094014659 0.43493079752886327 0.18065364978994586 1520000.0
6.933045094014659 0.43493079752886327 0.18065364978994586 1520000.0
6.933045094014659 0.43493079752886327 0.18065364978994586 1520000.0
6.933045094014659 0.43493079752886327 0.18065364978994586 1520000.0
6.933045094014659 0.43493079752886327 0.18065364978994586 1520000.0
6.933045094014659 0.43493079752886327 0.18065364978994586 1520000.0
6.933045094014659 0.43493079752886327 0.18065364978994586 1520000.0
6.933045094014659 0.43493079752886327 0.18065364978994586 1520000.0
6.933045094014659 0.43493079752886327 0.18065364978994586 1520000.0
6.933045094014659 0.43493079752886327 0.18065364978994586 1520000.0
6.933045094014659 0.43493079752886327 0.18065364978994586 1520000.0
6.933045094014659 0.43493079752886327 0.18065364978994586 1520000.0
6.933045094014659 0.43493079752886327 0.18065364978994586 1520000.0
6.933045094014659 0.43493079752886327 0.18065364978994586 1520000.0
6.933045094014659 0.43493079752886327 0.18065364978994586 1520000.0
6.933045094014659 0.43493079752886327 0.18065364978994586 1520000.0
6.933045094014659 0.43493079752886327 0.18065364978994586 1520000.0
6.933045094014659 0.43493079752886327 0.18065364978994586 1520000.0
6.933045094014659 0.43493079752886327 0.18065364978994586 1520000.0
6.933045094014659 0.43493079752886327 0.18065364978994586 1520000.0
6.933045094014659 0.43493079752886327 0.18065364978994586 1520000.0
7.012726802442476 0.4391645319444624 0.18638957473040882 0.0 0,0,1 coil/filament1/filament2
7.015804686207943 0.3329357981957081 0.08607786710852353 1520000.0
6.936083621099484 0.33140041566025935 0.09257358711808694 1520000.0
6.936083621099484 0.33140041566025935 0.09257358711808694 1520000.0
6.936083621099484 0.33140041566025935 0.09257358711808694 1520000.0
6.936083621099484 0.33140041566025935 0.09257358711808694 1520000.0
6.936083621099484 0.33140041566025935 0.09257358711808694 1520000.0
6.936083621099484 0.33140041566025935 0.09257358711808694 1520000.0
6.936083621099484 0.33140041566025935 0.09257358711808694 1520000.0
6.936083621099484 0.33140041566025935 0.09257358711808694 1520000.0
6.936083621099484 0.33140041566025935 0.09257358711808694 1520000.0
6.936083621099484 0.33140041566025935 0.09257358711808694 1520000.0
6.936083621099484 0.33140041566025935 0.09257358711808694 1520000.0
6.936083621099484 0.33140041566025935 0.09257358711808694 1520000.0
6.936083621099484 0.33140041566025935 0.09257358711808694 1520000.0
6.936083621099484 0.33140041566025935 0.09257358711808694 1520000.0
6.936083621099484 0.33140041566025935 0.09257358711808694 1520000.0
6.936083621099484 0.33140041566025935 0.09257358711808694 1520000.0
6.936083621099484 0.33140041566025935 0.09257358711808694 1520000.0
6.936083621099484 0.33140041566025935 0.09257358711808694 1520000.0
6.936083621099484 0.33140041566025935 0.09257358711808694 1520000.0
6.936083621099484 0.33140041566025935 0.09257358711808694 1520000.0
6.936083621099484 0.33140041566025935 0.09257358711808694 1520000.0
6.936083621099484 0.33140041566025935 0.09257358711808694 1520000.0
6.936083621099484 0.33140041566025935 0.09257358711808694 1520000.0
6.936083621099484 0.33140041566025935 0.09257358711808694 1520000.0
6.936083621099484 0.33140041566025935 0.09257358711808694 1520000.0
6.936083621099484 0.33140041566025935 0.09257358711808694 1520000.0
6.936083621099484 0.33140041566025935 0.09257358711808694 1520000.0
6.936083621099484 0.33140041566025935 0.09257358711808694 1520000.0
6.936083621099484 0.33140041566025935 0.09257358711808694 1520000.0
6.936083621099484 0.33140041566025935 0.09257358711808694 1520000.0
6.936083621099484 0.33140041566025935 0.09257358711808694 1520000.0
6.936083621099484 0.33140041566025935 0.09257358711808694 1520000.0
6.936083621099484 0.33140041566025935 0.09257358711808694 1520000.0
6.936083621099484 0.33140041566025935 0.09257358711808694 1520000.0
6.936083621099484 0.33140041566025935 0.09257358711808694 1520000.0
6.936083621099484 0.33140041566025935 0.09257358711808694 1520000.0
6.936083621099484 0.33140041566025935 0.09257358711808694 1520000.0
6.936083621099484 0.33140041566025935 0.09257358711808694 1520000.0
6.936083621099484 0.33140041566025935 0.09257358711808694 1520000.0
6.936083621099484 0.33140041566025935 0.09257358711808694 1520000.0
6.936083621099484 0.33140041566025935 0.09257358711808694 1520000.0
6.936083621099484 0.33140041566025935 0.09257358711808694 1520000.0
6.936083621099484 0.33140041566025935 0.09257358711808694 1520000.0
6.936083621099484 0.33140041566025935 0.09257358711808694 1520000.0
6.936083621099484 0.33140041566025935 0.09257358711808694 1520000.0
6.936083621099484 0.33140041566025935 0.09257358711808694 1520000.0
6.936083621099484 0.33140041566025935 0.09257358711808694 1520000.0
6.936083621099484 0.33140041566025935 0.09257358711808694 1520000.0
6.936083621099484 0.33140041566025935 0.09257358711808694 1520000.0
6.936083621099484 0.33140041566025935 0.09257358711808694 1520000.0
6.936083621099484 0.33140041566025935 0.09257358711808694 1520000.0
6.936083621099484 0.33140041566025935 0.09257358711808694 1520000.0
6.936083621099484 0.33140041566025935 0.09257358711808694 1520000.0
6.936083621099484 0.33140041566025935 0.09257358711808694 1520000.0
6.936083621099484 0.33140041566025935 0.09257358711808694 1520000.0
6.936083621099484 0.33140041566025935 0.09257358711808694 1520000.0
6.936083621099484 0.33140041566025935 0.09257358711808694 1520000.0
6.936083621099484 0.33140041566025935 0.09257358711808694 1520000.0
6.936083621099484 0.33140041566025935 0.09257358711808694 1520000.0
6.936083621099484 0.33140041566025935 0.09257358711808694 1520000.0
6.936083621099484 0.33140041566025935 0.09257358711808694 1520000.0
6.936083621099484 0.33140041566025935 0.09257358711808694 1520000.0
6.936083621099484 0.33140041566025935 0.09257358711808694 1520000.0
7.015804686207943 0.3329357981957081 0.08607786710852353 0.0 0,1,0 coil/filament1/filament2
7.015333363307038 0.3619544164657061 0.2071694666506389 1520000.0
6.935651654879221 0.35772068205010693 0.20143354171017594 1520000.0
6.935651654879221 0.35772068205010693 0.20143354171017594 1520000.0
6.935651654879221 0.35772068205010693 0.20143354171017594 1520000.0
6.935651654879221 0.35772068205010693 0.20143354171017594 1520000.0
6.935651654879221 0.35772068205010693 0.20143354171017594 1520000.0
6.935651654879221 0.35772068205010693 0.20143354171017594 1520000.0
6.935651654879221 0.35772068205010693 0.20143354171017594 1520000.0
6.935651654879221 0.35772068205010693 0.20143354171017594 1520000.0
6.935651654879221 0.35772068205010693 0.20143354171017594 1520000.0
6.935651654879221 0.35772068205010693 0.20143354171017594 1520000.0
6.935651654879221 0.35772068205010693 0.20143354171017594 1520000.0
6.935651654879221 0.35772068205010693 0.20143354171017594 1520000.0
6.935651654879221 0.35772068205010693 0.20143354171017594 1520000.0
6.935651654879221 0.35772068205010693 0.20143354171017594 1520000.0
6.935651654879221 0.35772068205010693 0.20143354171017594 1520000.0
6.935651654879221 0.35772068205010693 0.20143354171017594 1520000.0
6.935651654879221 0.35772068205010693 0.20143354171017594 1520000.0
6.935651654879221 0.35772068205010693 0.20143354171017594 1520000.0
6.935651654879221 0.35772068205010693 0.20143354171017594 1520000.0
6.935651654879221 0.35772068205010693 0.20143354171017594 1520000.0
6.935651654879221 0.35772068205010693 0.20143354171017594 1520000.0
6.935651654879221 0.35772068205010693 0.20143354171017594 1520000.0
6.935651654879221 0.35772068205010693 0.20143354171017594 1520000.0
6.935651654879221 0.35772068205010693 0.20143354171017594 1520000.0
6.935651654879221 0.35772068205010693 0.20143354171017594 1520000.0
6.935651654879221 0.35772068205010693 0.20143354171017594 1520000.0
6.935651654879221 0.35772068205010693 0.20143354171017594 1520000.0
6.935651654879221 0.35772068205010693 0.20143354171017594 1520000.0
6.935651654879221 0.35772068205010693 0.20143354171017594 1520000.0
6.935651654879221 0.35772068205010693 0.20143354171017594 1520000.0
6.935651654879221 0.35772068205010693 0.20143354171017594 1520000.0
6.935651654879221 0.35772068205010693 0.20143354171017594 1520000.0
6.935651654879221 0.35772068205010693 0.20143354171017594 1520000.0
6.935651654879221 0.35772068205010693 0.20143354171017594 1520000.0
6.935651654879221 0.35772068205010693 0.20143354171017594 1520000.0
6.935651654879221 0.35772068205010693 0.20143354171017594 1520000.0
6.935651654879221 0.35772068205010693 0.20143354171017594 1520000.0
6.935651654879221 0.35772068205010693 0.20143354171017594 1520000.0
6.935651654879221 0.35772068205010693 0.20143354171017594 1520000.0
6.935651654879221 0.35772068205010693 0.20143354171017594 1520000.0
6.935651654879221 0.35772068205010693 0.20143354171017594 1520000.0
6.935651654879221 0.35772068205010693 0.20143354171017594 1520000.0
6.935651654879221 0.35772068205010693 0.20143354171017594 1520000.0
6.935651654879221 0.35772068205010693 0.20143354171017594 1520000.0
6.935651654879221 0.35772068205010693 0.20143354171017594 1520000.0
6.935651654879221 0.35772068205010693 0.20143354171017594 1520000.0
6.935651654879221 0.35772068205010693 0.20143354171017594 1520000.0
6.935651654879221 0.35772068205010693 0.20143354171017594 1520000.0
6.935651654879221 0.35772068205010693 0.20143354171017594 1520000.0
6.935651654879221 0.35772068205010693 0.20143354171017594 1520000.0
6.935651654879221 0.35772068205010693 0.20143354171017594 1520000.0
6.935651654879221 0.35772068205010693 0.20143354171017594 1520000.0
6.935651654879221 0.35772068205010693 0.20143354171017594 1520000.0
6.935651654879221 0.35772068205010693 0.20143354171017594 1520000.0
6.935651654879221 0.35772068205010693 0.20143354171017594 1520000.0
6.935651654879221 0.35772068205010693 0.20143354171017594 1520000.0
6.935651654879221 0.35772068205010693 0.20143354171017594 1520000.0
6.935651654879221 0.35772068205010693 0.20143354171017594 1520000.0
6.935651654879221 0.35772068205010693 0.20143354171017594 1520000.0
6.935651654879221 0.35772068205010693 0.20143354171017594 1520000.0
6.935651654879221 0.35772068205010693 0.20143354171017594 1520000.0
6.935651654879221 0.35772068205010693 0.20143354171017594 1520000.0
6.935651654879221 0.35772068205010693 0.20143354171017594 1520000.0
7.015333363307038 0.3619544164657061 0.2071694666506389 0.0 0,1,1 coil/filament1/filament2
6.696483964829256 1.3083294086536883 0.2148379698554412 1520000.0
6.620518656236222 1.2848199202240986 0.2235887323447372 1520000.0
6.620518656236222 1.2848199202240986 0.2235887323447372 1520000.0
6.620518656236222 1.2848199202240986 0.2235887323447372 1520000.0
6.620518656236222 1.2848199202240986 0.2235887323447372 1520000.0
6.620518656236222 1.2848199202240986 0.2235887323447372 1520000.0
6.620518656236222 1.2848199202240986 0.2235887323447372 1520000.0
6.620518656236222 1.2848199202240986 0.2235887323447372 1520000.0
6.620518656236222 1.2848199202240986 0.2235887323447372 1520000.0
6.620518656236222 1.2848199202240986 0.2235887323447372 1520000.0
6.620518656236222 1.2848199202240986 0.2235887323447372 1520000.0
6.620518656236222 1.2848199202240986 0.2235887323447372 1520000.0
6.620518656236222 1.2848199202240986 0.2235887323447372 1520000.0
6.620518656236222 1.2848199202240986 0.2235887323447372 1520000.0
6.620518656236222 1.2848199202240986 0.2235887323447372 1520000.0
6.620518656236222 1.2848199202240986 0.2235887323447372 1520000.0
6.620518656236222 1.2848199202240986 0.2235887323447372 1520000.0
6.620518656236222 1.2848199202240986 0.2235887323447372 1520000.0
6.620518656236222 1.2848199202240986 0.2235887323447372 1520000.0
6.620518656236222 1.2848199202240986 0.2235887323447372 1520000.0
6.620518656236222 1.2848199202240986 0.2235887323447372 1520000.0
6.620518656236222 1.2848199202240986 0.2235887323447372 1520000.0
6.620518656236222 1.2848199202240986 0.2235887323447372 1520000.0
6.620518656236222 1.2848199202240986 0.2235887323447372 1520000.0
6.620518656236222 1.2848199202240986 0.2235887323447372 1520000.0
6.620518656236222 1.2848199202240986 0.2235887323447372 1520000.0
6.620518656236222 1.2848199202240986 0.2235887323447372 1520000.0
6.620518656236222 1.2848199202240986 0.2235887323447372 1520000.0
6.620518656236222 1.2848199202240986 0.2235887323447372 1520000.0
6.620518656236222 1.2848199202240986 0.2235887323447372 1520000.0
6.620518656236222 1.2848199202240986 0.2235887323447372 1520000.0
6.620518656236222 1.2848199202240986 0.2235887323447372 1520000.0
6.620518656236222 1.2848199202240986 0.2235887323447372 1520000.0
6.620518656236222 1.2848199202240986 0.2235887323447372 1520000.0
6.620518656236222 1.2848199202240986 0.2235887323447372 1520000.0
6.620518656236222 1.2848199202240986 0.2235887323447372 1520000.0
6.620518656236222 1.2848199202240986 0.2235887323447372 1520000.0
6.620518656236222 1.2848199202240986 0.2235887323447372 1520000.0
6.620518656236222 1.2848199202240986 0.2235887323447372 1520000.0
6.620518656236222 1.2848199202240986 0.2235887323447372 1520000.0
6.620518656236222 1.2848199202240986 0.2235887323447372 1520000.0
6.620518656236222 1.2848199202240986 0.2235887323447372 1520000.0
6.620518656236222 1.2848199202240986 0.2235887323447372 1520000.0
6.620518656236222 1.2848199202240986 0.2235887323447372 1520000.0
6.620518656236222 1.2848199202240986 0.2235887323447372 1520000.0
6.620518656236222 1.2848199202240986 0.2235887323447372 1520000.0
6.620518656236222 1.2848199202240986 0.2235887323447372 1520000.0
6.620518656236222 1.2848199202240986 0.2235887323447372 1520000.0
6.620518656236222 1.2848199202240986 0.2235887323447372 1520000.0
6.620518656236222 1.2848199202240986 0.2235887323447372 1520000.0
6.620518656236222 1.2848199202240986 0.2235887323447372 1520000.0
6.620518656236222 1.2848199202240986 0.2235887323447372 1520000.0
6.620518656236222 1.2848199202240986 0.2235887323447372 1520000.0
6.620518656236222 1.2848199202240986 0.2235887323447372 1520000.0
6.620518656236222 1.2848199202240986 0.2235887323447372 1520000.0
6.620518656236222 1.2848199202240986 0.2235887323447372 1520000.0
6.620518656236222 1.2848199202240986 0.2235887323447372 1520000.0
6.620518656236222 1.2848199202240986 0.2235887323447372 1520000.0
6.620518656236222 1.2848199202240986 0.2235887323447372 1520000.0
6.620518656236222 1.2848199202240986 0.2235887323447372 1520000.0
6.620518656236222 1.2848199202240986 0.2235887323447372 1520000.0
6.620518656236222 1.2848199202240986 0.2235887323447372 1520000.0
6.620518656236222 1.2848199202240986 0.2235887323447372 1520000.0
6.620518656236222 1.2848199202240986 0.2235887323447372 1520000.0
6.696483964829256 1.3083294086536883 0.2148379698554412 0.0 1,0,0 coil/filament1/filament2
6.715639187936064 1.275440928806295 0.32135226650007925 1520000.0
6.638540329624146 1.2544267895647314 0.3251168380473934 1520000.0
6.638540329624146 1.2544267895647314 0.3251168380473934 1520000.0
6.638540329624146 1.2544267895647314 0.3251168380473934 1520000.0
6.638540329624146 1.2544267895647314 0.3251168380473934 1520000.0
6.638540329624146 1.2544267895647314 0.3251168380473934 1520000.0
6.638540329624146 1.2544267895647314 0.3251168380473934 1520000.0
6.638540329624146 1.2544267895647314 0.3251168380473934 1520000.0
6.638540329624146 1.2544267895647314 0.3251168380473934 1520000.0
6.638540329624146 1.2544267895647314 0.3251168380473934 1520000.0
6.638540329624146 1.2544267895647314 0.3251168380473934 1520000.0
6.638540329624146 1.2544267895647314 0.3251168380473934 1520000.0
6.638540329624146 1.2544267895647314 0.3251168380473934 1520000.0
6.638540329624146 1.2544267895647314 0.3251168380473934 1520000.0
6.638540329624146 1.2544267895647314 0.3251168380473934 1520000.0
6.638540329624146 1.2544267895647314 0.3251168380473934 1520000.0
6.638540329624146 1.2544267895647314 0.3251168380473934 1520000.0
6.638540329624146 1.2544267895647314 0.3251168380473934 1520000.0
6.638540329624146 1.2544267895647314 0.3251168380473934 1520000.0
6.638540329624146 1.2544267895647314 0.3251168380473934 1520000.0
6.638540329624146 1.2544267895647314 0.3251168380473934 1520000.0
6.638540329624146 1.2544267895647314 0.3251168380473934 1520000.0
6.638540329624146 1.2544267895647314 0.3251168380473934 1520000.0
6.638540329624146 1.2544267895647314 0.3251168380473934 1520000.0
6.638540329624146 1.2544267895647314 0.3251168380473934 1520000.0
6.638540329624146 1.2544267895647314 0.3251168380473934 1520000.0
6.638540329624146 1.2544267895647314 0.3251168380473934 1520000.0
6.638540329624146 1.2544267895647314 0.3251168380473934 1520000.0
6.638540329624146 1.2544267895647314 0.3251168380473934 1520000.0
6.638540329624146 1.2544267895647314 0.3251168380473934 1520000.0
6.638540329624146 1.2544267895647314 0.3251168380473934 1520000.0
6.638540329624146 1.2544267895647314 0.3251168380473934 1520000.0
6.638540329624146 1.2544267895647314 0.3251168380473934 1520000.0
6.638540329624146 1.2544267895647314 0.3251168380473934 1520000.0
6.638540329624146 1.2544267895647314 0.3251168380473934 1520000.0
6.638540329624146 1.2544267895647314 0.3251168380473934 1520000.0
6.638540329624146 1.2544267895647314 0.3251168380473934 1520000.0
6.638540329624146 1.2544267895647314 0.3251168380473934 1520000.0
6.638540329624146 1.2544267895647314 0.3251168380473934 1520000.0
6.638540329624146 1.2544267895647314 0.3251168380473934 1520000.0
6.638540329624146 1.2544267895647314 0.3251168380473934 1520000.0
6.638540329624146 1.2544267895647314 0.3251168380473934 1520000.0
6.638540329624146 1.2544267895647314 0.3251168380473934 1520000.0
6.638540329624146 1.2544267895647314 0.3251168380473934 1520000.0
6.638540329624146 1.2544267895647314 0.3251168380473934 1520000.0
6.638540329624146 1.2544267895647314 0.3251168380473934 1520000.0
6.638540329624146 1.2544267895647314 0.3251168380473934 1520000.0
6.638540329624146 1.2544267895647314 0.3251168380473934 1520000.0
6.638540329624146 1.2544267895647314 0.3251168380473934 1520000.0
6.638540329624146 1.2544267895647314 0.3251168380473934 1520000.0
6.638540329624146 1.2544267895647314 0.3251168380473934 1520000.0
6.638540329624146 1.2544267895647314 0.3251168380473934 1520000.0
6.638540329624146 1.2544267895647314 0.3251168380473934 1520000.0
6.638540329624146 1.2544267895647314 0.3251168380473934 1520000.0
6.638540329624146 1.2544267895647314 0.3251168380473934 1520000.0
6.638540329624146 1.2544267895647314 0.3251168380473934 1520000.0
6.638540329624146 1.2544267895647314 0.3251168380473934 1520000.0
6.638540329624146 1.2544267895647314 0.3251168380473934 1520000.0
6.638540329624146 1.2544267895647314 0.3251168380473934 1520000.0
6.638540329624146 1.2544267895647314 0.3251168380473934 1520000.0
6.638540329624146 1.2544267895647314 0.3251168380473934 1520000.0
6.638540329624146 1.2544267895647314 0.3251168380473934 1520000.0
6.638540329624146 1.2544267895647314 0.3251168380473934 1520000.0
6.638540329624146 1.2544267895647314 0.3251168380473934 1520000.0
6.715639187936064 1.275440928806295 0.32135226650007925 0.0 1,0,1 coil/filament1/filament2
6.715182766903786 1.2366580938256464 0.18461252640464554 1520000.0
6.639217458310752 1.2131486053960567 0.19336328889394153 1520000.0
6.639217458310752 1.2131486053960567 0.19336328889394153 1520000.0
6.639217458310752 1.2131486053960567 0.19336328889394153 1520000.0
6.639217458310752 1.2131486053960567 0.19336328889394153 1520000.0
6.639217458310752 1.2131486053960567 0.19336328889394153 1520000.0
6.639217458310752 1.2131486053960567 0.19336328889394153 1520000.0
6.639217458310752 1.2131486053960567 0.19336328889394153 1520000.0
6.639217458310752 1.2131486053960567 0.19336328889394153 1520000.0
6.639217458310752 1.2131486053960567 0.19336328889394153 1520000.0
6.639217458310752 1.2131486053960567 0.19336328889394153 1520000.0
6.639217458310752 1.2131486053960567 0.19336328889394153 1520000.0
6.639217458310752 1.2131486053960567 0.19336328889394153 1520000.0
6.639217458310752 1.2131486053960567 0.19336328889394153 1520000.0
6.639217458310752 1.2131486053960567 0.19336328889394153 1520000.0
6.639217458310752 1.2131486053960567 0.19336328889394153 1520000.0
6.639217458310752 1.2131486053960567 0.19336328889394153 1520000.0
6.639217458310752 1.2131486053960567 0.19336328889394153 1520000.0
6.639217458310752 1.2131486053960567 0.19336328889394153 1520000.0
6.639217458310752 1.2131486053960567 0.19336328889394153 1520000.0
6.639217458310752 1.2131486053960567 0.19336328889394153 1520000.0
6.639217458310752 1.2131486053960567 0.19336328889394153 1520000.0
6.639217458310752 1.2131486053960567 0.19336328889394153 1520000.0
6.639217458310752 1.2131486053960567 0.19336328889394153 1520000.0
6.639217458310752 1.2131486053960567 0.19336328889394153 1520000.0
6.639217458310752 1.2131486053960567 0.19336328889394153 1520000.0
6.639217458310752 1.2131486053960567 0.19336328889394153 1520000.0
6.639217458310752 1.2131486053960567 0.19336328889394153 1520000.0
6.639217458310752 1.2131486053960567 0.19336328889394153 1520000.0
6.639217458310752 1.2131486053960567 0.19336328889394153 1520000.0
6.639217458310752 1.2131486053960567 0.19336328889394153 1520000.0
6.639217458310752 1.2131486053960567 0.19336328889394153 1520000.0
6.639217458310752 1.2131486053960567 0.19336328889394153 1520000.0
6.639217458310752 1.2131486053960567 0.19336328889394153 1520000.0
6.639217458310752 1.2131486053960567 0.19336328889394153 1520000.0
6.639217458310752 1.2131486053960567 0.19336328889394153 1520000.0
6.639217458310752 1.2131486053960567 0.19336328889394153 1520000.0
6.639217458310752 1.2131486053960567 0.19336328889394153 1520000.0
6.639217458310752 1.2131486053960567 0.19336328889394153 1520000.0
6.639217458310752 1.2131486053960567 0.19336328889394153 1520000.0
6.639217458310752 1.2131486053960567 0.19336328889394153 1520000.0
6.639217458310752 1.2131486053960567 0.19336328889394153 1520000.0
6.639217458310752 1.2131486053960567 0.19336328889394153 1520000.0
6.639217458310752 1.2131486053960567 0.19336328889394153 1520000.0
6.639217458310752 1.2131486053960567 0.19336328889394153 1520000.0
6.639217458310752 1.2131486053960567 0.19336328889394153 1520000.0
6.639217458310752 1.2131486053960567 0.19336328889394153 1520000.0
6.639217458310752 1.2131486053960567 0.19336328889394153 1520000.0
6.639217458310752 1.2131486053960567 0.19336328889394153 1520000.0
6.639217458310752 1.2131486053960567 0.19336328889394153 1520000.0
6.639217458310752 1.2131486053960567 0.19336328889394153 1520000.0
6.639217458310752 1.2131486053960567 0.19336328889394153 1520000.0
6.639217458310752 1.2131486053960567 0.19336328889394153 1520000.0
6.639217458310752 1.2131486053960567 0.19336328889394153 1520000.0
6.639217458310752 1.2131486053960567 0.19336328889394153 1520000.0
6.639217458310752 1.2131486053960567 0.19336328889394153 1520000.0
6.639217458310752 1.2131486053960567 0.19336328889394153 1520000.0
6.639217458310752 1.2131486053960567 0.19336328889394153 1520000.0
6.639217458310752 1.2131486053960567 0.19336328889394153 1520000.0
6.639217458310752 1.2131486053960567 0.19336328889394153 1520000.0
6.639217458310752 1.2131486053960567 0.19336328889394153 1520000.0
6.639217458310752 1.2131486053960567 0.19336328889394153 1520000.0
6.639217458310752 1.2131486053960567 0.19336328889394153 1520000.0
6.639217458310752 1.2131486053960567 0.19336328889394153 1520000.0
6.715182766903786 1.2366580938256464 0.18461252640464554 0.0 1,1,0 coil/filament1/filament2
6.735034990751245 1.2005980057656633 0.30080136131591023 1520000.0
6.6579361324393265 1.1795838665240999 0.30456593286322436 1520000.0
6.6579361324393265 1.1795838665240999 0.30456593286322436 1520000.0
6.6579361324393265 1.1795838665240999 0.30456593286322436 1520000.0
6.6579361324393265 1.1795838665240999 0.30456593286322436 1520000.0
6.6579361324393265 1.1795838665240999 0.30456593286322436 1520000.0
6.6579361324393265 1.1795838665240999 0.30456593286322436 1520000.0
6.6579361324393265 1.1795838665240999 0.30456593286322436 1520000.0
6.6579361324393265 1.1795838665240999 0.30456593286322436 1520000.0
6.6579361324393265 1.1795838665240999 0.30456593286322436 1520000.0
6.6579361324393265 1.1795838665240999 0.30456593286322436 1520000.0
6.6579361324393265 1.1795838665240999 0.30456593286322436 1520000.0
6.6579361324393265 1.1795838665240999 0.30456593286322436 1520000.0
6.6579361324393265 1.1795838665240999 0.30456593286322436 1520000.0
6.6579361324393265 1.1795838665240999 0.30456593286322436 1520000.0
6.6579361324393265 1.1795838665240999 0.30456593286322436 1520000.0
6.6579361324393265 1.1795838665240999 0.30456593286322436 1520000.0
6.6579361324393265 1.1795838665240999 0.30456593286322436 1520000.0
6.6579361324393265 1.1795838665240999 0.30456593286322436 1520000.0
6.6579361324393265 1.1795838665240999 0.30456593286322436 1520000.0
6.6579361324393265 1.1795838665240999 0.30456593286322436 1520000.0
6.6579361324393265 1.1795838665240999 0.30456593286322436 1520000.0
6.6579361324393265 1.1795838665240999 0.30456593286322436 1520000.0
6.6579361324393265 1.1795838665240999 0.30456593286322436 1520000.0
6.6579361324393265 1.1795838665240999 0.30456593286322436 1520000.0
6.6579361324393265 1.1795838665240999 0.30456593286322436 1520000.0
6.6579361324393265 1.1795838665240999 0.30456593286322436 1520000.0
6.6579361324393265 1.1795838665240999 0.30456593286322436 1520000.0
6.6579361324393265 1.1795838665240999 0.30456593286322436 1520000.0
6.6579361324393265 1.1795838665240999 0.30456593286322436 1520000.0
6.6579361324393265 1.1795838665240999 0.30456593286322436 1520000.0
6.6579361324393265 1.1795838665240999 0.30456593286322436 1520000.0
6.6579361324393265 1.1795838665240999 0.30456593286322436 1520000.0
6.6579361324393265 1.1795838665240999 0.30456593286322436 1520000.0
6.6579361324393265 1.1795838665240999 0.30456593286322436 1520000.0
6.6579361324393265 1.1795838665240999 0.30456593286322436 1520000.0
6.6579361324393265 1.1795838665240999 0.30456593286322436 1520000.0
6.6579361324393265 1.1795838665240999 0.30456593286322436 1520000.0
6.6579361324393265 1.1795838665240999 0.30456593286322436 1520000.0
6.6579361324393265 1.1795838665240999 0.30456593286322436 1520000.0
6.6579361324393265 1.1795838665240999 0.30456593286322436 1520000.0
6.6579361324393265 1.1795838665240999 0.30456593286322436 1520000.0
6.6579361324393265 1.1795838665240999 0.30456593286322436 1520000.0
6.6579361324393265 1.1795838665240999 0.30456593286322436 1520000.0
6.6579361324393265 1.1795838665240999 0.30456593286322436 1520000.0
6.6579361324393265 1.1795838665240999 0.30456593286322436 1520000.0
6.6579361324393265 1.1795838665240999 0.30456593286322436 1520000.0
6.6579361324393265 1.1795838665240999 0.30456593286322436 1520000.0
6.6579361324393265 1.1795838665240999 0.30456593286322436 1520000.0
6.6579361324393265 1.1795838665240999 0.30456593286322436 1520000.0
6.6579361324393265 1.1795838665240999 0.30456593286322436 1520000.0
6.6579361324393265 1.1795838665240999 0.30456593286322436 1520000.0
6.6579361324393265 1.1795838665240999 0.30456593286322436 1520000.0
6.6579361324393265 1.1795838665240999 0.30456593286322436 1520000.0
6.6579361324393265 1.1795838665240999 0.30456593286322436 1520000.0
6.6579361324393265 1.1795838665240999 0.30456593286322436 1520000.0
6.6579361324393265 1.1795838665240999 0.30456593286322436 1520000.0
6.6579361324393265 1.1795838665240999 0.30456593286322436 1520000.0
6.6579361324393265 1.1795838665240999 0.30456593286322436 1520000.0
6.6579361324393265 1.1795838665240999 0.30456593286322436 1520000.0
6.6579361324393265 1.1795838665240999 0.30456593286322436 1520000.0
6.6579361324393265 1.1795838665240999 0.30456593286322436 1520000.0
6.6579361324393265 1.1795838665240999 0.30456593286322436 1520000.0
6.6579361324393265 1.1795838665240999 0.30456593286322436 1520000.0
6.735034990751245 1.2005980057656633 0.30080136131591023 0.0 1,1,1 coil/filament1/filament2
6.21559696293432 2.200043700946428 0.25233679800702236 1520000.0
6.149804624313153 2.155450196752519 0.2432380309221081 1520000.0
6.149804624313153 2.155450196752519 0.2432380309221081 1520000.0
6.149804624313153 2.155450196752519 0.2432380309221081 1520000.0
6.149804624313153 2.155450196752519 0.2432380309221081 1520000.0
6.149804624313153 2.155450196752519 0.2432380309221081 1520000.0
6.149804624313153 2.155450196752519 0.2432380309221081 1520000.0
6.149804624313153 2.155450196752519 0.2432380309221081 1520000.0
6.149804624313153 2.155450196752519 0.2432380309221081 1520000.0
6.149804624313153 2.155450196752519 0.2432380309221081 1520000.0
6.149804624313153 2.155450196752519 0.2432380309221081 1520000.0
6.149804624313153 2.155450196752519 0.2432380309221081 1520000.0
6.149804624313153 2.155450196752519 0.2432380309221081 1520000.0
6.149804624313153 2.155450196752519 0.2432380309221081 1520000.0
6.149804624313153 2.155450196752519 0.2432380309221081 1520000.0
6.149804624313153 2.155450196752519 0.2432380309221081 1520000.0
6.149804624313153 2.155450196752519 0.2432380309221081 1520000.0
6.149804624313153 2.155450196752519 0.2432380309221081 1520000.0
6.149804624313153 2.155450196752519 0.2432380309221081 1520000.0
6.149804624313153 2.155450196752519 0.2432380309221081 1520000.0
6.149804624313153 2.155450196752519 0.2432380309221081 1520000.0
6.149804624313153 2.155450196752519 0.2432380309221081 1520000.0
6.149804624313153 2.155450196752519 0.2432380309221081 1520000.0
6.149804624313153 2.155450196752519 0.2432380309221081 1520000.0
6.149804624313153 2.155450196752519 0.2432380309221081 1520000.0
6.149804624313153 2.155450196752519 0.2432380309221081 1520000.0
6.149804624313153 2.155450196752519 0.2432380309221081 1520000.0
6.149804624313153 2.155450196752519 0.2432380309221081 1520000.0
6.149804624313153 2.155450196752519 0.2432380309221081 1520000.0
6.149804624313153 2.155450196752519 0.2432380309221081 1520000.0
6.149804624313153 2.155450196752519 0.2432380309221081 1520000.0
6.149804624313153 2.155450196752519 0.2432380309221081 1520000.0
6.149804624313153 2.155450196752519 0.2432380309221081 1520000.0
6.149804624313153 2.155450196752519 0.2432380309221081 1520000.0
6.149804624313153 2.155450196752519 0.2432380309221081 1520000.0
6.149804624313153 2.155450196752519 0.2432380309221081 1520000.0
6.149804624313153 2.155450196752519 0.2432380309221081 1520000.0
6.149804624313153 2.155450196752519 0.2432380309221081 1520000.0
6.149804624313153 2.155450196752519 0.2432380309221081 1520000.0
6.149804624313153 2.155450196752519 0.2432380309221081 1520000.0
6.149804624313153 2.155450196752519 0.2432380309221081 1520000.0
6.149804624313153 2.155450196752519 0.2432380309221081 1520000.0
6.149804624313153 2.155450196752519 0.2432380309221081 1520000.0
6.149804624313153 2.155450196752519 0.2432380309221081 1520000.0
6.149804624313153 2.155450196752519 0.2432380309221081 1520000.0
6.149804624313153 2.155450196752519 0.2432380309221081 1520000.0
6.149804624313153 2.155450196752519 0.2432380309221081 1520000.0
6.149804624313153 2.155450196752519 0.2432380309221081 1520000.0
6.149804624313153 2.155450196752519 0.2432380309221081 1520000.0
6.149804624313153 2.155450196752519 0.2432380309221081 1520000.0
6.149804624313153 2.155450196752519 0.2432380309221081 1520000.0
6.149804624313153 2.155450196752519 0.2432380309221081 1520000.0
6.149804624313153 2.155450196752519 0.2432380309221081 1520000.0
6.149804624313153 2.155450196752519 0.2432380309221081 1520000.0
6.149804624313153 2.155450196752519 0.2432380309221081 1520000.0
6.149804624313153 2.155450196752519 0.2432380309221081 1520000.0
6.149804624313153 2.155450196752519 0.2432380309221081 1520000.0
6.149804624313153 2.155450196752519 0.2432380309221081 1520000.0
6.149804624313153 2.155450196752519 0.2432380309221081 1520000.0
6.149804624313153 2.155450196752519 0.2432380309221081 1520000.0
6.149804624313153 2.155450196752519 0.2432380309221081 1520000.0
6.149804624313153 2.155450196752519 0.2432380309221081 1520000.0
6.149804624313153 2.155450196752519 0.2432380309221081 1520000.0
6.149804624313153 2.155450196752519 0.2432380309221081 1520000.0
6.21559696293432 2.200043700946428 0.25233679800702236 0.0 2,0,0 coil/filament1/filament2
6.198721285592951 2.2017387272103073 0.35592647069306127 1520000.0
6.132114606254146 2.1593755447343326 0.34292989276020175 1520000.0
6.132114606254146 2.1593755447343326 0.34292989276020175 1520000.0
6.132114606254146 2.1593755447343326 0.34292989276020175 1520000.0
6.132114606254146 2.1593755447343326 0.34292989276020175 1520000.0
6.132114606254146 2.1593755447343326 0.34292989276020175 1520000.0
6.132114606254146 2.1593755447343326 0.34292989276020175 1520000.0
6.132114606254146 2.1593755447343326 0.34292989276020175 1520000.0
6.132114606254146 2.1593755447343326 0.34292989276020175 1520000.0
6.132114606254146 2.1593755447343326 0.34292989276020175 1520000.0
6.132114606254146 2.1593755447343326 0.34292989276020175 1520000.0
6.132114606254146 2.1593755447343326 0.34292989276020175 1520000.0
6.132114606254146 2.1593755447343326 0.34292989276020175 1520000.0
6.132114606254146 2.1593755447343326 0.34292989276020175 1520000.0
6.132114606254146 2.1593755447343326 0.34292989276020175 1520000.0
6.132114606254146 2.1593755447343326 0.34292989276020175 1520000.0
6.132114606254146 2.1593755447343326 0.34292989276020175 1520000.0
6.132114606254146 2.1593755447343326 0.34292989276020175 1520000.0
6.132114606254146 2.1593755447343326 0.34292989276020175 1520000.0
6.132114606254146 2.1593755447343326 0.34292989276020175 1520000.0
6.132114606254146 2.1593755447343326 0.34292989276020175 1520000.0
6.132114606254146 2.1593755447343326 0.34292989276020175 1520000.0
6.132114606254146 2.1593755447343326 0.34292989276020175 1520000.0
6.132114606254146 2.1593755447343326 0.34292989276020175 1520000.0
6.132114606254146 2.1593755447343326 0.34292989276020175 1520000.0
6.132114606254146 2.1593755447343326 0.34292989276020175 1520000.0
6.132114606254146 2.1593755447343326 0.34292989276020175 1520000.0
6.132114606254146 2.1593755447343326 0.34292989276020175 1520000.0
6.132114606254146 2.1593755447343326 0.34292989276020175 1520000.0
6.132114606254146 2.1593755447343326 0.34292989276020175 1520000.0
6.132114606254146 2.1593755447343326 0.34292989276020175 1520000.0
6.132114606254146 2.1593755447343326 0.34292989276020175 1520000.0
6.132114606254146 2.1593755447343326 0.34292989276020175 1520000.0
6.132114606254146 2.1593755447343326 0.34292989276020175 1520000.0
6.132114606254146 2.1593755447343326 0.34292989276020175 1520000.0
6.132114606254146 2.1593755447343326 0.34292989276020175 1520000.0
6.132114606254146 2.1593755447343326 0.34292989276020175 1520000.0
6.132114606254146 2.1593755447343326 0.34292989276020175 1520000.0
6.132114606254146 2.1593755447343326 0.34292989276020175 1520000.0
6.132114606254146 2.1593755447343326 0.34292989276020175 1520000.0
6.132114606254146 2.1593755447343326 0.34292989276020175 1520000.0
6.132114606254146 2.1593755447343326 0.34292989276020175 1520000.0
6.132114606254146 2.1593755447343326 0.34292989276020175 1520000.0
6.132114606254146 2.1593755447343326 0.34292989276020175 1520000.0
6.132114606254146 2.1593755447343326 0.34292989276020175 1520000.0
6.132114606254146 2.1593755447343326 0.34292989276020175 1520000.0
6.132114606254146 2.1593755447343326 0.34292989276020175 1520000.0
6.132114606254146 2.1593755447343326 0.34292989276020175 1520000.0
6.132114606254146 2.1593755447343326 0.34292989276020175 1520000.0
6.132114606254146 2.1593755447343326 0.34292989276020175 1520000.0
6.132114606254146 2.1593755447343326 0.34292989276020175 1520000.0
6.132114606254146 2.1593755447343326 0.34292989276020175 1520000.0
6.132114606254146 2.1593755447343326 0.34292989276020175 1520000.0
6.132114606254146 2.1593755447343326 0.34292989276020175 1520000.0
6.132114606254146 2.1593755447343326 0.34292989276020175 1520000.0
6.132114606254146 2.1593755447343326 0.34292989276020175 1520000.0
6.132114606254146 2.1593755447343326 0.34292989276020175 1520000.0
6.132114606254146 2.1593755447343326 0.34292989276020175 1520000.0
6.132114606254146 2.1593755447343326 0.34292989276020175 1520000.0
6.132114606254146 2.1593755447343326 0.34292989276020175 1520000.0
6.132114606254146 2.1593755447343326 0.34292989276020175 1520000.0
6.132114606254146 2.1593755447343326 0.34292989276020175 1520000.0
6.132114606254146 2.1593755447343326 0.34292989276020175 1520000.0
6.132114606254146 2.1593755447343326 0.34292989276020175 1520000.0
6.198721285592951 2.2017387272103073 0.35592647069306127 0.0 2,0,1 coil/filament1/filament2
6.2575940911061005 2.1343951363500513 0.27040630801029736 1520000.0
6.191801752484933 2.089801632156142 0.2613075409253831 1520000.0
6.191801752484933 2.089801632156142 0.2613075409253831 1520000.0
6.191801752484933 2.089801632156142 0.2613075409253831 1520000.0
6.191801752484933 2.089801632156142 0.2613075409253831 1520000.0
6.191801752484933 2.089801632156142 0.2613075409253831 1520000.0
6.191801752484933 2.089801632156142 0.2613075409253831 1520000.0
6.191801752484933 2.089801632156142 0.2613075409253831 1520000.0
6.191801752484933 2.089801632156142 0.2613075409253831 1520000.0
6.191801752484933 2.089801632156142 0.2613075409253831 1520000.0
6.191801752484933 2.089801632156142 0.2613075409253831 1520000.0
6.191801752484933 2.089801632156142 0.2613075409253831 1520000.0
6.191801752484933 2.089801632156142 0.2613075409253831 1520000.0
6.191801752484933 2.089801632156142 0.2613075409253831 1520000.0
6.191801752484933 2.089801632156142 0.2613075409253831 1520000.0
6.191801752484933 2.089801632156142 0.2613075409253831 1520000.0
6.191801752484933 2.089801632156142 0.2613075409253831 1520000.0
6.191801752484933 2.089801632156142 0.2613075409253831 1520000.0
6.191801752484933 2.089801632156142 0.2613075409253831 1520000.0
6.191801752484933 2.089801632156142 0.2613075409253831 1520000.0
6.191801752484933 2.089801632156142 0.2613075409253831 1520000.0
6.191801752484933 2.089801632156142 0.2613075409253831 1520000.0
6.191801752484933 2.089801632156142 0.2613075409253831 1520000.0
6.191801752484933 2.089801632156142 0.2613075409253831 1520000.0
6.191801752484933 2.089801632156142 0.2613075409253831 1520000.0
6.191801752484933 2.089801632156142 0.2613075409253831 1520000.0
6.191801752484933 2.089801632156142 0.2613075409253831 1520000.0
6.191801752484933 2.089801632156142 0.2613075409253831 1520000.0
6.191801752484933 2.089801632156142 0.2613075409253831 1520000.0
6.191801752484933 2.089801632156142 0.2613075409253831 1520000.0
6.191801752484933 2.089801632156142 0.2613075409253831 1520000.0
6.191801752484933 2.089801632156142 0.2613075409253831 1520000.0
6.191801752484933 2.089801632156142 0.2613075409253831 1520000.0
6.191801752484933 2.089801632156142 0.2613075409253831 1520000.0
6.191801752484933 2.089801632156142 0.2613075409253831 1520000.0
6.191801752484933 2.089801632156142 0.2613075409253831 1520000.0
6.191801752484933 2.089801632156142 0.2613075409253831 1520000.0
6.191801752484933 2.089801632156142 0.2613075409253831 1520000.0
6.191801752484933 2.089801632156142 0.2613075409253831 1520000.0
6.191801752484933 2.089801632156142 0.2613075409253831 1520000.0
6.191801752484933 2.089801632156142 0.2613075409253831 1520000.0
6.191801752484933 2.089801632156142 0.2613075409253831 1520000.0
6.191801752484933 2.089801632156142 0.2613075409253831 1520000.0
6.191801752484933 2.089801632156142 0.2613075409253831 1520000.0
6.191801752484933 2.089801632156142 0.2613075409253831 1520000.0
6.191801752484933 2.089801632156142 0.2613075409253831 1520000.0
6.191801752484933 2.089801632156142 0.2613075409253831 1520000.0
6.191801752484933 2.089801632156142 0.2613075409253831 1520000.0
6.191801752484933 2.089801632156142 0.2613075409253831 1520000.0
6.191801752484933 2.089801632156142 0.2613075409253831 1520000.0
6.191801752484933 2.089801632156142 0.2613075409253831 1520000.0
6.191801752484933 2.089801632156142 0.2613075409253831 1520000.0
6.191801752484933 2.089801632156142 0.2613075409253831 1520000.0
6.191801752484933 2.089801632156142 0.2613075409253831 1520000.0
6.191801752484933 2.089801632156142 0.2613075409253831 1520000.0
6.191801752484933 2.089801632156142 0.2613075409253831 1520000.0
6.191801752484933 2.089801632156142 0.2613075409253831 1520000.0
6.191801752484933 2.089801632156142 0.2613075409253831 1520000.0
6.191801752484933 2.089801632156142 0.2613075409253831 1520000.0
6.191801752484933 2.089801632156142 0.2613075409253831 1520000.0
6.191801752484933 2.089801632156142 0.2613075409253831 1520000.0
6.191801752484933 2.089801632156142 0.2613075409253831 1520000.0
6.191801752484933 2.089801632156142 0.2613075409253831 1520000.0
6.191801752484933 2.089801632156142 0.2613075409253831 1520000.0
6.2575940911061005 2.1343951363500513 0.27040630801029736 0.0 2,1,0 coil/filament1/filament2
6.241654352572673 2.134235010655978 0.3559297974801581 1520000.0
6.175047673233868 2.0918718281800035 0.3429332195472986 1520000.0
6.175047673233868 2.0918718281800035 0.3429332195472986 1520000.0
6.175047673233868 2.0918718281800035 0.3429332195472986 1520000.0
6.175047673233868 2.0918718281800035 0.3429332195472986 1520000.0
6.175047673233868 2.0918718281800035 0.3429332195472986 1520000.0
6.175047673233868 2.0918718281800035 0.3429332195472986 1520000.0
6.175047673233868 2.0918718281800035 0.3429332195472986 1520000.0
6.175047673233868 2.0918718281800035 0.3429332195472986 1520000.0
6.175047673233868 2.0918718281800035 0.3429332195472986 1520000.0
6.175047673233868 2.0918718281800035 0.3429332195472986 1520000.0
6.175047673233868 2.0918718281800035 0.3429332195472986 1520000.0
6.175047673233868 2.0918718281800035 0.3429332195472986 1520000.0
6.175047673233868 2.0918718281800035 0.3429332195472986 1520000.0
6.175047673233868 2.0918718281800035 0.3429332195472986 1520000.0
6.175047673233868 2.0918718281800035 0.3429332195472986 1520000.0
6.175047673233868 2.0918718281800035 0.3429332195472986 1520000.0
6.175047673233868 2.0918718281800035 0.3429332195472986 1520000.0
6.175047673233868 2.0918718281800035 0.3429332195472986 1520000.0
6.175047673233868 2.0918718281800035 0.3429332195472986 1520000.0
6.175047673233868 2.0918718281800035 0.3429332195472986 1520000.0
6.175047673233868 2.0918718281800035 0.3429332195472986 1520000.0
6.175047673233868 2.0918718281800035 0.3429332195472986 1520000.0
6.175047673233868 2.0918718281800035 0.3429332195472986 1520000.0
6.175047673233868 2.0918718281800035 0.3429332195472986 1520000.0
6.175047673233868 2.0918718281800035 0.3429332195472986 1520000.0
6.175047673233868 2.0918718281800035 0.3429332195472986 1520000.0
6.175047673233868 2.0918718281800035 0.3429332195472986 1520000.0
6.175047673233868 2.0918718281800035 0.3429332195472986 1520000.0
6.175047673233868 2.0918718281800035 0.3429332195472986 1520000.0
6.175047673233868 2.0918718281800035 0.3429332195472986 1520000.0
6.175047673233868 2.0918718281800035 0.3429332195472986 1520000.0
6.175047673233868 2.0918718281800035 0.3429332195472986 1520000.0
6.175047673233868 2.0918718281800035 0.3429332195472986 1520000.0
6.175047673233868 2.0918718281800035 0.3429332195472986 1520000.0
6.175047673233868 2.0918718281800035 0.3429332195472986 1520000.0
6.175047673233868 2.0918718281800035 0.3429332195472986 1520000.0
6.175047673233868 2.0918718281800035 0.3429332195472986 1520000.0
6.175047673233868 2.0918718281800035 0.3429332195472986 1520000.0
6.175047673233868 2.0918718281800035 0.3429332195472986 1520000.0
6.175047673233868 2.0918718281800035 0.3429332195472986 1520000.0
6.175047673233868 2.0918718281800035 0.3429332195472986 1520000.0
6.175047673233868 2.0918718281800035 0.3429332195472986 1520000.0
6.175047673233868 2.0918718281800035 0.3429332195472986 1520000.0
6.175047673233868 2.0918718281800035 0.3429332195472986 1520000.0
6.175047673233868 2.0918718281800035 0.3429332195472986 1520000.0
6.175047673233868 2.0918718281800035 0.3429332195472986 1520000.0
6.175047673233868 2.0918718281800035 0.3429332195472986 1520000.0
6.175047673233868 2.0918718281800035 0.3429332195472986 1520000.0
6.175047673233868 2.0918718281800035 0.3429332195472986 1520000.0
6.175047673233868 2.0918718281800035 0.3429332195472986 1520000.0
6.175047673233868 2.0918718281800035 0.3429332195472986 1520000.0
6.175047673233868 2.0918718281800035 0.3429332195472986 1520000.0
6.175047673233868 2.0918718281800035 0.3429332195472986 1520000.0
6.175047673233868 2.0918718281800035 0.3429332195472986 1520000.0
6.175047673233868 2.0918718281800035 0.3429332195472986 1520000.0
6.175047673233868 2.0918718281800035 0.3429332195472986 1520000.0
6.175047673233868 2.0918718281800035 0.3429332195472986 1520000.0
6.175047673233868 2.0918718281800035 0.3429332195472986 1520000.0
6.175047673233868 2.0918718281800035 0.3429332195472986 1520000.0
6.175047673233868 2.0918718281800035 0.3429332195472986 1520000.0
6.175047673233868 2.0918718281800035 0.3429332195472986 1520000.0
6.175047673233868 2.0918718281800035 0.3429332195472986 1520000.0
6.175047673233868 2.0918718281800035 0.3429332195472986 1520000.0
6.241654352572673 2.134235010655978 0.3559297974801581 0.0 2,1,1 coil/filament1/filament2
5.952231370639439 2.6704601700164687 0.1991762128332934 1520000.0
5.88914239524439 2.629491169349051 0.17194898073166473 1520000.0
5.88914239524439 2.629491169349051 0.17194898073166473 1520000.0
5.88914239524439 2.629491169349051 0.17194898073166473 1520000.0
5.88914239524439 2.629491169349051 0.17194898073166473 1520000.0
5.88914239524439 2.629491169349051 0.17194898073166473 1520000.0
5.88914239524439 2.629491169349051 0.17194898073166473 1520000.0
5.88914239524439 2.629491169349051 0.17194898073166473 1520000.0
5.88914239524439 2.629491169349051 0.17194898073166473 1520000.0
5.88914239524439 2.629491169349051 0.17194898073166473 1520000.0
5.88914239524439 2.629491169349051 0.17194898073166473 1520000.0
5.88914239524439 2.629491169349051 0.17194898073166473 1520000.0
5.88914239524439 2.629491169349051 0.17194898073166473 1520000.0
5.88914239524439 2.629491169349051 0.17194898073166473 1520000.0
5.88914239524439 2.629491169349051 0.17194898073166473 1520000.0
5.88914239524439 2.629491169349051 0.17194898073166473 1520000.0
5.88914239524439 2.629491169349051 0.17194898073166473 1520000.0
5.88914239524439 2.629491169349051 0.17194898073166473 1520000.0
5.88914239524439 2.629491169349051 0.17194898073166473 1520000.0
5.88914239524439 2.629491169349051 0.17194898073166473 1520000.0
5.88914239524439 2.629491169349051 0.17194898073166473 1520000.0
5.88914239524439 2.629491169349051 0.17194898073166473 1520000.0
5.88914239524439 2.629491169349051 0.17194898073166473 1520000.0
5.88914239524439 2.629491169349051 0.17194898073166473 1520000.0
5.88914239524439 2.629491169349051 0.17194898073166473 1520000.0
5.88914239524439 2.629491169349051 0.17194898073166473 1520000.0
5.88914239524439 2.629491169349051 0.17194898073166473 1520000.0
5.88914239524439 2.629491169349051 0.17194898073166473 1520000.0
5.88914239524439 2.629491169349051 0.17194898073166473 1520000.0
5.88914239524439 2.629491169349051 0.17194898073166473 1520000.0
5.88914239524439 2.629491169349051 0.17194898073166473 1520000.0
5.88914239524439 2.629491169349051 0.17194898073166473 1520000.0
5.88914239524439 2.629491169349051 0.17194898073166473 1520000.0
5.88914239524439 2.629491169349051 0.17194898073166473 1520000.0
5.88914239524439 2.629491169349051 0.17194898073166473 1520000.0
5.88914239524439 2.629491169349051 0.17194898073166473 1520000.0
5.88914239524439 2.629491169349051 0.17194898073166473 1520000.0
5.88914239524439 2.629491169349051 0.17194898073166473 1520000.0
5.88914239524439 2.629491169349051 0.17194898073166473 1520000.0
5.88914239524439 2.629491169349051 0.17194898073166473 1520000.0
5.88914239524439 2.629491169349051 0.17194898073166473 1520000.0
5.88914239524439 2.629491169349051 0.17194898073166473 1520000.0
5.88914239524439 2.629491169349051 0.17194898073166473 1520000.0
5.88914239524439 2.629491169349051 0.17194898073166473 1520000.0
5.88914239524439 2.629491169349051 0.17194898073166473 1520000.0
5.88914239524439 2.629491169349051 0.17194898073166473 1520000.0
5.88914239524439 2.629491169349051 0.17194898073166473 1520000.0
5.88914239524439 2.629491169349051 0.17194898073166473 1520000.0
5.88914239524439 2.629491169349051 0.17194898073166473 1520000.0
5.88914239524439 2.629491169349051 0.17194898073166473 1520000.0
5.88914239524439 2.629491169349051 0.17194898073166473 1520000.0
5.88914239524439 2.629491169349051 0.17194898073166473 1520000.0
5.88914239524439 2.629491169349051 0.17194898073166473 1520000.0
5.88914239524439 2.629491169349051 0.17194898073166473 1520000.0
5.88914239524439 2.629491169349051 0.17194898073166473 1520000.0
5.88914239524439 2.629491169349051 0.17194898073166473 1520000.0
5.88914239524439 2.629491169349051 0.17194898073166473 1520000.0
5.88914239524439 2.629491169349051 0.17194898073166473 1520000.0
5.88914239524439 2.629491169349051 0.17194898073166473 1520000.0
5.88914239524439 2.629491169349051 0.17194898073166473 1520000.0
5.88914239524439 2.629491169349051 0.17194898073166473 1520000.0
5.88914239524439 2.629491169349051 0.17194898073166473 1520000.0
5.88914239524439 2.629491169349051 0.17194898073166473 1520000.0
5.88914239524439 2.629491169349051 0.17194898073166473 1520000.0
5.952231370639439 2.6704601700164687 0.1991762128332934 0.0 3,0,0 coil/filament1/filament2
5.875332870096736 2.7022936901716816 0.31013730226766345 1520000.0
5.816222991031209 2.6570649192152618 0.28080505934915434 1520000.0
5.816222991031209 2.6570649192152618 0.28080505934915434 1520000.0
5.816222991031209 2.6570649192152618 0.28080505934915434 1520000.0
5.816222991031209 2.6570649192152618 0.28080505934915434 1520000.0
5.816222991031209 2.6570649192152618 0.28080505934915434 1520000.0
5.816222991031209 2.6570649192152618 0.28080505934915434 1520000.0
5.816222991031209 2.6570649192152618 0.28080505934915434 1520000.0
5.816222991031209 2.6570649192152618 0.28080505934915434 1520000.0
5.816222991031209 2.6570649192152618 0.28080505934915434 1520000.0
5.816222991031209 2.6570649192152618 0.28080505934915434 1520000.0
5.816222991031209 2.6570649192152618 0.28080505934915434 1520000.0
5.816222991031209 2.6570649192152618 0.28080505934915434 1520000.0
5.816222991031209 2.6570649192152618 0.28080505934915434 1520000.0
5.816222991031209 2.6570649192152618 0.28080505934915434 1520000.0
5.816222991031209 2.6570649192152618 0.28080505934915434 1520000.0
5.816222991031209 2.6570649192152618 0.28080505934915434 1520000.0
5.816222991031209 2.6570649192152618 0.28080505934915434 1520000.0
5.816222991031209 2.6570649192152618 0.28080505934915434 1520000.0
5.816222991031209 2.6570649192152618 0.28080505934915434 1520000.0
5.816222991031209 2.6570649192152618 0.28080505934915434 1520000.0
5.816222991031209 2.6570649192152618 0.28080505934915434 1520000.0
5.816222991031209 2.6570649192152618 0.28080505934915434 1520000.0
5.816222991031209 2.6570649192152618 0.28080505934915434 1520000.0
5.816222991031209 2.6570649192152618 0.28080505934915434 1520000.0
5.816222991031209 2.6570649192152618 0.28080505934915434 1520000.0
5.816222991031209 2.6570649192152618 0.28080505934915434 1520000.0
5.816222991031209 2.6570649192152618 0.28080505934915434 1520000.0
5.816222991031209 2.6570649192152618 0.28080505934915434 1520000.0
5.816222991031209 2.6570649192152618 0.28080505934915434 1520000.0
5.816222991031209 2.6570649192152618 0.28080505934915434 1520000.0
5.816222991031209 2.6570649192152618 0.28080505934915434 1520000.0
5.816222991031209 2.6570649192152618 0.28080505934915434 1520000.0
5.816222991031209 2.6570649192152618 0.28080505934915434 1520000.0
5.816222991031209 2.6570649192152618 0.28080505934915434 1520000.0
5.816222991031209 2.6570649192152618 0.28080505934915434 1520000.0
5.816222991031209 2.6570649192152618 0.28080505934915434 1520000.0
5.816222991031209 2.6570649192152618 0.28080505934915434 1520000.0
5.816222991031209 2.6570649192152618 0.28080505934915434 1520000.0
5.816222991031209 2.6570649192152618 0.28080505934915434 1520000.0
5.816222991031209 2.6570649192152618 0.28080505934915434 1520000.0
5.816222991031209 2.6570649192152618 0.28080505934915434 1520000.0
5.816222991031209 2.6570649192152618 0.28080505934915434 1520000.0
5.816222991031209 2.6570649192152618 0.28080505934915434 1520000.0
5.816222991031209 2.6570649192152618 0.28080505934915434 1520000.0
5.816222991031209 2.6570649192152618 0.28080505934915434 1520000.0
5.816222991031209 2.6570649192152618 0.28080505934915434 1520000.0
5.816222991031209 2.6570649192152618 0.28080505934915434 1520000.0
5.816222991031209 2.6570649192152618 0.28080505934915434 1520000.0
5.816222991031209 2.6570649192152618 0.28080505934915434 1520000.0
5.816222991031209 2.6570649192152618 0.28080505934915434 1520000.0
5.816222991031209 2.6570649192152618 0.28080505934915434 1520000.0
5.816222991031209 2.6570649192152618 0.28080505934915434 1520000.0
5.816222991031209 2.6570649192152618 0.28080505934915434 1520000.0
5.816222991031209 2.6570649192152618 0.28080505934915434 1520000.0
5.816222991031209 2.6570649192152618 0.28080505934915434 1520000.0
5.816222991031209 2.6570649192152618 0.28080505934915434 1520000.0
5.816222991031209 2.6570649192152618 0.28080505934915434 1520000.0
5.816222991031209 2.6570649192152618 0.28080505934915434 1520000.0
5.816222991031209 2.6570649192152618 0.28080505934915434 1520000.0
5.816222991031209 2.6570649192152618 0.28080505934915434 1520000.0
5.816222991031209 2.6570649192152618 0.28080505934915434 1520000.0
5.816222991031209 2.6570649192152618 0.28080505934915434 1520000.0
5.816222991031209 2.6570649192152618 0.28080505934915434 1520000.0
5.875332870096736 2.7022936901716816 0.31013730226766345 0.0 3,0,1 coil/filament1/filament2
5.9818105706945826 2.603484865421903 0.2314156219246978 1520000.0
5.918721595299533 2.5625158647544852 0.20418838982306914 1520000.0
5.918721595299533 2.5625158647544852 0.20418838982306914 1520000.0
5.918721595299533 2.5625158647544852 0.20418838982306914 1520000.0
5.918721595299533 2.5625158647544852 0.20418838982306914 1520000.0
5.918721595299533 2.5625158647544852 0.20418838982306914 1520000.0
5.918721595299533 2.5625158647544852 0.20418838982306914 1520000.0
5.918721595299533 2.5625158647544852 0.20418838982306914 1520000.0
5.918721595299533 2.5625158647544852 0.20418838982306914 1520000.0
5.918721595299533 2.5625158647544852 0.20418838982306914 1520000.0
5.918721595299533 2.5625158647544852 0.20418838982306914 1520000.0
5.918721595299533 2.5625158647544852 0.20418838982306914 1520000.0
5.918721595299533 2.5625158647544852 0.20418838982306914 1520000.0
5.918721595299533 2.5625158647544852 0.20418838982306914 1520000.0
5.918721595299533 2.5625158647544852 0.20418838982306914 1520000.0
5.918721595299533 2.5625158647544852 0.20418838982306914 1520000.0
5.918721595299533 2.5625158647544852 0.20418838982306914 1520000.0
5.918721595299533 2.5625158647544852 0.20418838982306914 1520000.0
5.918721595299533 2.5625158647544852 0.20418838982306914 1520000.0
5.918721595299533 2.5625158647544852 0.20418838982306914 1520000.0
5.918721595299533 2.5625158647544852 0.20418838982306914 1520000.0
5.918721595299533 2.5625158647544852 0.20418838982306914 1520000.0
5.918721595299533 2.5625158647544852 0.20418838982306914 1520000.0
5.918721595299533 2.5625158647544852 0.20418838982306914 1520000.0
5.918721595299533 2.5625158647544852 0.20418838982306914 1520000.0
5.918721595299533 2.5625158647544852 0.20418838982306914 1520000.0
5.918721595299533 2.5625158647544852 0.20418838982306914 1520000.0
5.918721595299533 2.5625158647544852 0.20418838982306914 1520000.0
5.918721595299533 2.5625158647544852 0.20418838982306914 1520000.0
5.918721595299533 2.5625158647544852 0.20418838982306914 1520000.0
5.918721595299533 2.5625158647544852 0.20418838982306914 1520000.0
5.918721595299533 2.5625158647544852 0.20418838982306914 1520000.0
5.918721595299533 2.5625158647544852 0.20418838982306914 1520000.0
5.918721595299533 2.5625158647544852 0.20418838982306914 1520000.0
5.918721595299533 2.5625158647544852 0.20418838982306914 1520000.0
5.918721595299533 2.5625158647544852 0.20418838982306914 1520000.0
5.918721595299533 2.5625158647544852 0.20418838982306914 1520000.0
5.918721595299533 2.5625158647544852 0.20418838982306914 1520000.0
5.918721595299533 2.5625158647544852 0.20418838982306914 1520000.0
5.918721595299533 2.5625158647544852 0.20418838982306914 1520000.0
5.918721595299533 2.5625158647544852 0.20418838982306914 1520000.0
5.918721595299533 2.5625158647544852 0.20418838982306914 1520000.0
5.918721595299533 2.5625158647544852 0.20418838982306914 1520000.0
5.918721595299533 2.5625158647544852 0.20418838982306914 1520000.0
5.918721595299533 2.5625158647544852 0.20418838982306914 1520000.0
5.918721595299533 2.5625158647544852 0.20418838982306914 1520000.0
5.918721595299533 2.5625158647544852 0.20418838982306914 1520000.0
5.918721595299533 2.5625158647544852 0.20418838982306914 1520000.0
5.918721595299533 2.5625158647544852 0.20418838982306914 1520000.0
5.918721595299533 2.5625158647544852 0.20418838982306914 1520000.0
5.918721595299533 2.5625158647544852 0.20418838982306914 1520000.0
5.918721595299533 2.5625158647544852 0.20418838982306914 1520000.0
5.918721595299533 2.5625158647544852 0.20418838982306914 1520000.0
5.918721595299533 2.5625158647544852 0.20418838982306914 1520000.0
5.918721595299533 2.5625158647544852 0.20418838982306914 1520000.0
5.918721595299533 2.5625158647544852 0.20418838982306914 1520000.0
5.918721595299533 2.5625158647544852 0.20418838982306914 1520000.0
5.918721595299533 2.5625158647544852 0.20418838982306914 1520000.0
5.918721595299533 2.5625158647544852 0.20418838982306914 1520000.0
5.918721595299533 2.5625158647544852 0.20418838982306914 1520000.0
5.918721595299533 2.5625158647544852 0.20418838982306914 1520000.0
5.918721595299533 2.5625158647544852 0.20418838982306914 1520000.0
5.918721595299533 2.5625158647544852 0.20418838982306914 1520000.0
5.918721595299533 2.5625158647544852 0.20418838982306914 1520000.0
5.9818105706945826 2.603484865421903 0.2314156219246978 0.0 3,1,0 coil/filament1/filament2
5.903120468203129 2.6394288003788335 0.35107451056049577 1520000.0
5.844010589137602 2.5942000294224137 0.32174226764198666 1520000.0
5.844010589137602 2.5942000294224137 0.32174226764198666 1520000.0
5.844010589137602 2.5942000294224137 0.32174226764198666 1520000.0
5.844010589137602 2.5942000294224137 0.32174226764198666 1520000.0
5.844010589137602 2.5942000294224137 0.32174226764198666 1520000.0
5.844010589137602 2.5942000294224137 0.32174226764198666 1520000.0
5.844010589137602 2.5942000294224137 0.32174226764198666 1520000.0
5.844010589137602 2.5942000294224137 0.32174226764198666 1520000.0
5.844010589137602 2.5942000294224137 0.32174226764198666 1520000.0
5.844010589137602 2.5942000294224137 0.32174226764198666 1520000.0
5.844010589137602 2.5942000294224137 0.32174226764198666 1520000.0
5.844010589137602 2.5942000294224137 0.32174226764198666 1520000.0
5.844010589137602 2.5942000294224137 0.32174226764198666 1520000.0
5.844010589137602 2.5942000294224137 0.32174226764198666 1520000.0
5.844010589137602 2.5942000294224137 0.32174226764198666 1520000.0
5.844010589137602 2.5942000294224137 0.32174226764198666 1520000.0
5.844010589137602 2.5942000294224137 0.32174226764198666 1520000.0
5.844010589137602 2.5942000294224137 0.32174226764198666 1520000.0
5.844010589137602 2.5942000294224137 0.32174226764198666 1520000.0
5.844010589137602 2.5942000294224137 0.32174226764198666 1520000.0
5.844010589137602 2.5942000294224137 0.32174226764198666 1520000.0
5.844010589137602 2.5942000294224137 0.32174226764198666 1520000.0
5.844010589137602 2.5942000294224137 0.32174226764198666 1520000.0
5.844010589137602 2.5942000294224137 0.32174226764198666 1520000.0
5.844010589137602 2.5942000294224137 0.32174226764198666 1520000.0
5.844010589137602 2.5942000294224137 0.32174226764198666 1520000.0
5.844010589137602 2.5942000294224137 0.32174226764198666 1520000.0
5.844010589137602 2.5942000294224137 0.32174226764198666 1520000.0
5.844010589137602 2.5942000294224137 0.32174226764198666 1520000.0
5.844010589137602 2.5942000294224137 0.32174226764198666 1520000.0
5.844010589137602 2.5942000294224137 0.32174226764198666 1520000.0
5.844010589137602 2.5942000294224137 0.32174226764198666 1520000.0
5.844010589137602 2.5942000294224137 0.32174226764198666 1520000.0
5.844010589137602 2.5942000294224137 0.32174226764198666 1520000.0
5.844010589137602 2.5942000294224137 0.32174226764198666 1520000.0
5.844010589137602 2.5942000294224137 0.32174226764198666 1520000.0
5.844010589137602 2.5942000294224137 0.32174226764198666 1520000.0
5.844010589137602 2.5942000294224137 0.32174226764198666 1520000.0
5.844010589137602 2.5942000294224137 0.32174226764198666 1520000.0
5.844010589137602 2.5942000294224137 0.32174226764198666 1520000.0
5.844010589137602 2.5942000294224137 0.32174226764198666 1520000.0
5.844010589137602 2.5942000294224137 0.32174226764198666 1520000.0
5.844010589137602 2.5942000294224137 0.32174226764198666 1520000.0
5.844010589137602 2.5942000294224137 0.32174226764198666 1520000.0
5.844010589137602 2.5942000294224137 0.32174226764198666 1520000.0
5.844010589137602 2.5942000294224137 0.32174226764198666 1520000.0
5.844010589137602 2.5942000294224137 0.32174226764198666 1520000.0
5.844010589137602 2.5942000294224137 0.32174226764198666 1520000.0
5.844010589137602 2.5942000294224137 0.32174226764198666 1520000.0
5.844010589137602 2.5942000294224137 0.32174226764198666 1520000.0
5.844010589137602 2.5942000294224137 0.32174226764198666 1520000.0
5.844010589137602 2.5942000294224137 0.32174226764198666 1520000.0
5.844010589137602 2.5942000294224137 0.32174226764198666 1520000.0
5.844010589137602 2.5942000294224137 0.32174226764198666 1520000.0
5.844010589137602 2.5942000294224137 0.32174226764198666 1520000.0
5.844010589137602 2.5942000294224137 0.32174226764198666 1520000.0
5.844010589137602 2.5942000294224137 0.32174226764198666 1520000.0
5.844010589137602 2.5942000294224137 0.32174226764198666 1520000.0
5.844010589137602 2.5942000294224137 0.32174226764198666 1520000.0
5.844010589137602 2.5942000294224137 0.32174226764198666 1520000.0
5.844010589137602 2.5942000294224137 0.32174226764198666 1520000.0
5.844010589137602 2.5942000294224137 0.32174226764198666 1520000.0
5.844010589137602 2.5942000294224137 0.32174226764198666 1520000.0
5.903120468203129 2.6394288003788335 0.35107451056049577 0.0 3,1,1 coil/filament1/filament2
5.620486670822459 3.3576171829644905 0.09272624032045453 1520000.0
5.546057907640313 3.3287320387390538 0.08762647030095001 1520000.0
5.546057907640313 3.3287320387390538 0.08762647030095001 1520000.0
5.546057907640313 3.3287320387390538 0.08762647030095001 1520000.0
5.546057907640313 3.3287320387390538 0.08762647030095001 1520000.0
5.546057907640313 3.3287320387390538 0.08762647030095001 1520000.0
5.546057907640313 3.3287320387390538 0.08762647030095001 1520000.0
5.546057907640313 3.3287320387390538 0.08762647030095001 1520000.0
5.546057907640313 3.3287320387390538 0.08762647030095001 1520000.0
5.546057907640313 3.3287320387390538 0.08762647030095001 1520000.0
5.546057907640313 3.3287320387390538 0.08762647030095001 1520000.0
5.546057907640313 3.3287320387390538 0.08762647030095001 1520000.0
5.546057907640313 3.3287320387390538 0.08762647030095001 1520000.0
5.546057907640313 3.3287320387390538 0.08762647030095001 1520000.0
5.546057907640313 3.3287320387390538 0.08762647030095001 1520000.0
5.546057907640313 3.3287320387390538 0.08762647030095001 1520000.0
5.546057907640313 3.3287320387390538 0.08762647030095001 1520000.0
5.546057907640313 3.3287320387390538 0.08762647030095001 1520000.0
5.546057907640313 3.3287320387390538 0.08762647030095001 1520000.0
5.546057907640313 3.3287320387390538 0.08762647030095001 1520000.0
5.546057907640313 3.3287320387390538 0.08762647030095001 1520000.0
5.546057907640313 3.3287320387390538 0.08762647030095001 1520000.0
5.546057907640313 3.3287320387390538 0.08762647030095001 1520000.0
5.546057907640313 3.3287320387390538 0.08762647030095001 1520000.0
5.546057907640313 3.3287320387390538 0.08762647030095001 1520000.0
5.546057907640313 3.3287320387390538 0.08762647030095001 1520000.0
5.546057907640313 3.3287320387390538 0.08762647030095001 1520000.0
5.546057907640313 3.3287320387390538 0.08762647030095001 1520000.0
5.546057907640313 3.3287320387390538 0.08762647030095001 1520000.0
5.546057907640313 3.3287320387390538 0.08762647030095001 1520000.0
5.546057907640313 3.3287320387390538 0.08762647030095001 1520000.0
5.546057907640313 3.3287320387390538 0.08762647030095001 1520000.0
5.546057907640313 3.3287320387390538 0.08762647030095001 1520000.0
5.546057907640313 3.3287320387390538 0.08762647030095001 1520000.0
5.546057907640313 3.3287320387390538 0.08762647030095001 1520000.0
5.546057907640313 3.3287320387390538 0.08762647030095001 1520000.0
5.546057907640313 3.3287320387390538 0.08762647030095001 1520000.0
5.546057907640313 3.3287320387390538 0.08762647030095001 1520000.0
5.546057907640313 3.3287320387390538 0.08762647030095001 1520000.0
5.546057907640313 3.3287320387390538 0.08762647030095001 1520000.0
5.546057907640313 3.3287320387390538 0.08762647030095001 1520000.0
5.546057907640313 3.3287320387390538 0.08762647030095001 1520000.0
5.546057907640313 3.3287320387390538 0.08762647030095001 1520000.0
5.546057907640313 3.3287320387390538 0.08762647030095001 1520000.0
5.546057907640313 3.3287320387390538 0.08762647030095001 1520000.0
5.546057907640313 3.3287320387390538 0.08762647030095001 1520000.0
5.546057907640313 3.3287320387390538 0.08762647030095001 1520000.0
5.546057907640313 3.3287320387390538 0.08762647030095001 1520000.0
5.546057907640313 3.3287320387390538 0.08762647030095001 1520000.0
5.546057907640313 3.3287320387390538 0.08762647030095001 1520000.0
5.546057907640313 3.3287320387390538 0.08762647030095001 1520000.0
5.546057907640313 3.3287320387390538 0.08762647030095001 1520000.0
5.546057907640313 3.3287320387390538 0.08762647030095001 1520000.0
5.546057907640313 3.3287320387390538 0.08762647030095001 1520000.0
5.546057907640313 3.3287320387390538 0.08762647030095001 1520000.0
5.546057907640313 3.3287320387390538 0.08762647030095001 1520000.0
5.546057907640313 3.3287320387390538 0.08762647030095001 1520000.0
5.546057907640313 3.3287320387390538 0.08762647030095001 1520000.0
5.546057907640313 3.3287320387390538 0.08762647030095001 1520000.0
5.546057907640313 3.3287320387390538 0.08762647030095001 1520000.0
5.546057907640313 3.3287320387390538 0.08762647030095001 1520000.0
5.546057907640313 3.3287320387390538 0.08762647030095001 1520000.0
5.546057907640313 3.3287320387390538 0.08762647030095001 1520000.0
5.546057907640313 3.3287320387390538 0.08762647030095001 1520000.0
5.620486670822459 3.3576171829644905 0.09272624032045453 0.0 4,0,0 coil/filament1/filament2
5.623747156310409 3.276342571560556 0.21693499598539406 1520000.0
5.549662845089341 3.2559646998091725 0.1946581655603947 1520000.0
5.549662845089341 3.2559646998091725 0.1946581655603947 1520000.0
5.549662845089341 3.2559646998091725 0.1946581655603947 1520000.0
5.549662845089341 3.2559646998091725 0.1946581655603947 1520000.0
5.549662845089341 3.2559646998091725 0.1946581655603947 1520000.0
5.549662845089341 3.2559646998091725 0.1946581655603947 1520000.0
5.549662845089341 3.2559646998091725 0.1946581655603947 1520000.0
5.549662845089341 3.2559646998091725 0.1946581655603947 1520000.0
5.549662845089341 3.2559646998091725 0.1946581655603947 1520000.0
5.549662845089341 3.2559646998091725 0.1946581655603947 1520000.0
5.549662845089341 3.2559646998091725 0.1946581655603947 1520000.0
5.549662845089341 3.2559646998091725 0.1946581655603947 1520000.0
5.549662845089341 3.2559646998091725 0.1946581655603947 1520000.0
5.549662845089341 3.2559646998091725 0.1946581655603947 1520000.0
5.549662845089341 3.2559646998091725 0.1946581655603947 1520000.0
5.549662845089341 3.2559646998091725 0.1946581655603947 1520000.0
5.549662845089341 3.2559646998091725 0.1946581655603947 1520000.0
5.549662845089341 3.2559646998091725 0.1946581655603947 1520000.0
5.549662845089341 3.2559646998091725 0.1946581655603947 1520000.0
5.549662845089341 3.2559646998091725 0.1946581655603947 1520000.0
5.549662845089341 3.2559646998091725 0.1946581655603947 1520000.0
5.549662845089341 3.2559646998091725 0.1946581655603947 1520000.0
5.549662845089341 3.2559646998091725 0.1946581655603947 1520000.0
5.549662845089341 3.2559646998091725 0.1946581655603947 1520000.0
5.549662845089341 3.2559646998091725 0.1946581655603947 1520000.0
5.549662845089341 3.2559646998091725 0.1946581655603947 1520000.0
5.549662845089341 3.2559646998091725 0.1946581655603947 1520000.0
5.549662845089341 3.2559646998091725 0.1946581655603947 1520000.0
5.549662845089341 3.2559646998091725 0.1946581655603947 1520000.0
5.549662845089341 3.2559646998091725 0.1946581655603947 1520000.0
5.549662845089341 3.2559646998091725 0.1946581655603947 1520000.0
5.549662845089341 3.2559646998091725 0.1946581655603947 1520000.0
5.549662845089341 3.2559646998091725 0.1946581655603947 1520000.0
5.549662845089341 3.2559646998091725 0.1946581655603947 1520000.0
5.549662845089341 3.2559646998091725 0.1946581655603947 1520000.0
5.549662845089341 3.2559646998091725 0.1946581655603947 1520000.0
5.549662845089341 3.2559646998091725 0.1946581655603947 1520000.0
5.549662845089341 3.2559646998091725 0.1946581655603947 1520000.0
5.549662845089341 3.2559646998091725 0.1946581655603947 1520000.0
5.549662845089341 3.2559646998091725 0.1946581655603947 1520000.0
5.549662845089341 3.2559646998091725 0.1946581655603947 1520000.0
5.549662845089341 3.2559646998091725 0.1946581655603947 1520000.0
5.549662845089341 3.2559646998091725 0.1946581655603947 1520000.0
5.549662845089341 3.2559646998091725 0.1946581655603947 1520000.0
5.549662845089341 3.2559646998091725 0.1946581655603947 1520000.0
5.549662845089341 3.2559646998091725 0.1946581655603947 1520000.0
5.549662845089341 3.2559646998091725 0.1946581655603947 1520000.0
5.549662845089341 3.2559646998091725 0.1946581655603947 1520000.0
5.549662845089341 3.2559646998091725 0.1946581655603947 1520000.0
5.549662845089341 3.2559646998091725 0.1946581655603947 1520000.0
5.549662845089341 3.2559646998091725 0.1946581655603947 1520000.0
5.549662845089341 3.2559646998091725 0.1946581655603947 1520000.0
5.549662845089341 3.2559646998091725 0.1946581655603947 1520000.0
5.549662845089341 3.2559646998091725 0.1946581655603947 1520000.0
5.549662845089341 3.2559646998091725 0.1946581655603947 1520000.0
5.549662845089341 3.2559646998091725 0.1946581655603947 1520000.0
5.549662845089341 3.2559646998091725 0.1946581655603947 1520000.0
5.549662845089341 3.2559646998091725 0.1946581655603947 1520000.0
5.549662845089341 3.2559646998091725 0.1946581655603947 1520000.0
5.549662845089341 3.2559646998091725 0.1946581655603947 1520000.0
5.549662845089341 3.2559646998091725 0.1946581655603947 1520000.0
5.549662845089341 3.2559646998091725 0.1946581655603947 1520000.0
5.549662845089341 3.2559646998091725 0.1946581655603947 1520000.0
5.623747156310409 3.276342571560556 0.21693499598539406 0.0 4,0,1 coil/filament1/filament2
5.646636875922188 3.2985727996772085 0.04550413135159749 1520000.0
5.572208112740043 3.2696876554517718 0.04040436133209298 1520000.0
5.572208112740043 3.2696876554517718 0.04040436133209298 1520000.0
5.572208112740043 3.2696876554517718 0.04040436133209298 1520000.0
5.572208112740043 3.2696876554517718 0.04040436133209298 1520000.0
5.572208112740043 3.2696876554517718 0.04040436133209298 1520000.0
5.572208112740043 3.2696876554517718 0.04040436133209298 1520000.0
5.572208112740043 3.2696876554517718 0.04040436133209298 1520000.0
5.572208112740043 3.2696876554517718 0.04040436133209298 1520000.0
5.572208112740043 3.2696876554517718 0.04040436133209298 1520000.0
5.572208112740043 3.2696876554517718 0.04040436133209298 1520000.0
5.572208112740043 3.2696876554517718 0.04040436133209298 1520000.0
5.572208112740043 3.2696876554517718 0.04040436133209298 1520000.0
5.572208112740043 3.2696876554517718 0.04040436133209298 1520000.0
5.572208112740043 3.2696876554517718 0.04040436133209298 1520000.0
5.572208112740043 3.2696876554517718 0.04040436133209298 1520000.0
5.572208112740043 3.2696876554517718 0.04040436133209298 1520000.0
5.572208112740043 3.2696876554517718 0.04040436133209298 1520000.0
5.572208112740043 3.2696876554517718 0.04040436133209298 1520000.0
5.572208112740043 3.2696876554517718 0.04040436133209298 1520000.0
5.572208112740043 3.2696876554517718 0.04040436133209298 1520000.0
5.572208112740043 3.2696876554517718 0.04040436133209298 1520000.0
5.572208112740043 3.2696876554517718 0.04040436133209298 1520000.0
5.572208112740043 3.2696876554517718 0.04040436133209298 1520000.0
5.572208112740043 3.2696876554517718 0.04040436133209298 1520000.0
5.572208112740043 3.2696876554517718 0.04040436133209298 1520000.0
5.572208112740043 3.2696876554517718 0.04040436133209298 1520000.0
5.572208112740043 3.2696876554517718 0.04040436133209298 1520000.0
5.572208112740043 3.2696876554517718 0.04040436133209298 1520000.0
5.572208112740043 3.2696876554517718 0.04040436133209298 1520000.0
5.572208112740043 3.2696876554517718 0.04040436133209298 1520000.0
5.572208112740043 3.2696876554517718 0.04040436133209298 1520000.0
5.572208112740043 3.2696876554517718 0.04040436133209298 1520000.0
5.572208112740043 3.2696876554517718 0.04040436133209298 1520000.0
5.572208112740043 3.2696876554517718 0.04040436133209298 1520000.0
5.572208112740043 3.2696876554517718 0.04040436133209298 1520000.0
5.572208112740043 3.2696876554517718 0.04040436133209298 1520000.0
5.572208112740043 3.2696876554517718 0.04040436133209298 1520000.0
5.572208112740043 3.2696876554517718 0.04040436133209298 1520000.0
5.572208112740043 3.2696876554517718 0.04040436133209298 1520000.0
5.572208112740043 3.2696876554517718 0.04040436133209298 1520000.0
5.572208112740043 3.2696876554517718 0.04040436133209298 1520000.0
5.572208112740043 3.2696876554517718 0.04040436133209298 1520000.0
5.572208112740043 3.2696876554517718 0.04040436133209298 1520000.0
5.572208112740043 3.2696876554517718 0.04040436133209298 1520000.0
5.572208112740043 3.2696876554517718 0.04040436133209298 1520000.0
5.572208112740043 3.2696876554517718 0.04040436133209298 1520000.0
5.572208112740043 3.2696876554517718 0.04040436133209298 1520000.0
5.572208112740043 3.2696876554517718 0.04040436133209298 1520000.0
5.572208112740043 3.2696876554517718 0.04040436133209298 1520000.0
5.572208112740043 3.2696876554517718 0.04040436133209298 1520000.0
5.572208112740043 3.2696876554517718 0.04040436133209298 1520000.0
5.572208112740043 3.2696876554517718 0.04040436133209298 1520000.0
5.572208112740043 3.2696876554517718 0.04040436133209298 1520000.0
5.572208112740043 3.2696876554517718 0.04040436133209298 1520000.0
5.572208112740043 3.2696876554517718 0.04040436133209298 1520000.0
5.572208112740043 3.2696876554517718 0.04040436133209298 1520000.0
5.572208112740043 3.2696876554517718 0.04040436133209298 1520000.0
5.572208112740043 3.2696876554517718 0.04040436133209298 1520000.0
5.572208112740043 3.2696876554517718 0.04040436133209298 1520000.0
5.572208112740043 3.2696876554517718 0.04040436133209298 1520000.0
5.572208112740043 3.2696876554517718 0.04040436133209298 1520000.0
5.572208112740043 3.2696876554517718 0.04040436133209298 1520000.0
5.572208112740043 3.2696876554517718 0.04040436133209298 1520000.0
5.646636875922188 3.2985727996772085 0.04550413135159749 0.0 4,1,0 coil/filament1/filament2
5.6525140634660245 3.210780799689361 0.18124019073575579 1520000.0
5.578429752244957 3.1904029279379778 0.15896336031075642 1520000.0
5.578429752244957 3.1904029279379778 0.15896336031075642 1520000.0
5.578429752244957 3.1904029279379778 0.15896336031075642 1520000.0
5.578429752244957 3.1904029279379778 0.15896336031075642 1520000.0
5.578429752244957 3.1904029279379778 0.15896336031075642 1520000.0
5.578429752244957 3.1904029279379778 0.15896336031075642 1520000.0
5.578429752244957 3.1904029279379778 0.15896336031075642 1520000.0
5.578429752244957 3.1904029279379778 0.15896336031075642 1520000.0
5.578429752244957 3.1904029279379778 0.15896336031075642 1520000.0
5.578429752244957 3.1904029279379778 0.15896336031075642 1520000.0
5.578429752244957 3.1904029279379778 0.15896336031075642 1520000.0
5.578429752244957 3.1904029279379778 0.15896336031075642 1520000.0
5.578429752244957 3.1904029279379778 0.15896336031075642 1520000.0
5.578429752244957 3.1904029279379778 0.15896336031075642 1520000.0
5.578429752244957 3.1904029279379778 0.15896336031075642 1520000.0
5.578429752244957 3.1904029279379778 0.15896336031075642 1520000.0
5.578429752244957 3.1904029279379778 0.15896336031075642 1520000.0
5.578429752244957 3.1904029279379778 0.15896336031075642 1520000.0
5.578429752244957 3.1904029279379778 0.15896336031075642 1520000.0
5.578429752244957 3.1904029279379778 0.15896336031075642 1520000.0
5.578429752244957 3.1904029279379778 0.15896336031075642 1520000.0
5.578429752244957 3.1904029279379778 0.15896336031075642 1520000.0
5.578429752244957 3.1904029279379778 0.15896336031075642 1520000.0
5.578429752244957 3.1904029279379778 0.15896336031075642 1520000.0
5.578429752244957 3.1904029279379778 0.15896336031075642 1520000.0
5.578429752244957 3.1904029279379778 0.15896336031075642 1520000.0
5.578429752244957 3.1904029279379778 0.15896336031075642 1520000.0
5.578429752244957 3.1904029279379778 0.15896336031075642 1520000.0
5.578429752244957 3.1904029279379778 0.15896336031075642 1520000.0
5.578429752244957 3.1904029279379778 0.15896336031075642 1520000.0
5.578429752244957 3.1904029279379778 0.15896336031075642 1520000.0
5.578429752244957 3.1904029279379778 0.15896336031075642 1520000.0
5.578429752244957 3.1904029279379778 0.15896336031075642 1520000.0
5.578429752244957 3.1904029279379778 0.15896336031075642 1520000.0
5.578429752244957 3.1904029279379778 0.15896336031075642 1520000.0
5.578429752244957 3.1904029279379778 0.15896336031075642 1520000.0
5.578429752244957 3.1904029279379778 0.15896336031075642 1520000.0
5.578429752244957 3.1904029279379778 0.15896336031075642 1520000.0
5.578429752244957 3.1904029279379778 0.15896336031075642 1520000.0
5.578429752244957 3.1904029279379778 0.15896336031075642 1520000.0
5.578429752244957 3.1904029279379778 0.15896336031075642 1520000.0
5.578429752244957 3.1904029279379778 0.15896336031075642 1520000.0
5.578429752244957 3.1904029279379778 0.15896336031075642 1520000.0
5.578429752244957 3.1904029279379778 0.15896336031075642 1520000.0
5.578429752244957 3.1904029279379778 0.15896336031075642 1520000.0
5.578429752244957 3.1904029279379778 0.15896336031075642 1520000.0
5.578429752244957 3.1904029279379778 0.15896336031075642 1520000.0
5.578429752244957 3.1904029279379778 0.15896336031075642 1520000.0
5.578429752244957 3.1904029279379778 0.15896336031075642 1520000.0
5.578429752244957 3.1904029279379778 0.15896336031075642 1520000.0
5.578429752244957 3.1904029279379778 0.15896336031075642 1520000.0
5.578429752244957 3.1904029279379778 0.15896336031075642 1520000.0
5.578429752244957 3.1904029279379778 0.15896336031075642 1520000.0
5.578429752244957 3.1904029279379778 0.15896336031075642 1520000.0
5.578429752244957 3.1904029279379778 0.15896336031075642 1520000.0
5.578429752244957 3.1904029279379778 0.15896336031075642 1520000.0
5.578429752244957 3.1904029279379778 0.15896336031075642 1520000.0
5.578429752244957 3.1904029279379778 0.15896336031075642 1520000.0
5.578429752244957 3.1904029279379778 0.15896336031075642 1520000.0
5.578429752244957 3.1904029279379778 0.15896336031075642 1520000.0
5.578429752244957 3.1904029279379778 0.15896336031075642 1520000.0
5.578429752244957 3.1904029279379778 0.15896336031075642 1520000.0
5.578429752244957 3.1904029279379778 0.15896336031075642 1520000.0
5.6525140634660245 3.210780799689361 0.18124019073575579 0.0 4,1,1 coil/filament1/filament2
