periods 0
begin filament
FOCUSADD Coils
7.054213316526563 0.49308642133527514 0.08899115635560396 250000.0
6.95458678467382 0.4867706798615403 0.09487890300702301 250000.0
6.95458678467382 0.4867706798615403 0.09487890300702301 250000.0
6.95458678467382 0.4867706798615403 0.09487890300702301 250000.0
6.95458678467382 0.4867706798615403 0.09487890300702301 250000.0
6.95458678467382 0.4867706798615403 0.09487890300702301 250000.0
6.95458678467382 0.4867706798615403 0.09487890300702301 250000.0
6.95458678467382 0.4867706798615403 0.09487890300702301 250000.0
6.95458678467382 0.4867706798615403 0.09487890300702301 250000.0
6.95458678467382 0.4867706798615403 0.09487890300702301 250000.0
6.95458678467382 0.4867706798615403 0.09487890300702301 250000.0
6.95458678467382 0.4867706798615403 0.09487890300702301 250000.0
6.95458678467382 0.4867706798615403 0.09487890300702301 250000.0
6.95458678467382 0.4867706798615403 0.09487890300702301 250000.0
6.95458678467382 0.4867706798615403 0.09487890300702301 250000.0
6.95458678467382 0.4867706798615403 0.09487890300702301 250000.0
6.95458678467382 0.4867706798615403 0.09487890300702301 250000.0
6.95458678467382 0.4867706798615403 0.09487890300702301 250000.0
6.95458678467382 0.4867706798615403 0.09487890300702301 250000.0
6.95458678467382 0.4867706798615403 0.09487890300702301 250000.0
6.95458678467382 0.4867706798615403 0.09487890300702301 250000.0
6.95458678467382 0.4867706798615403 0.09487890300702301 250000.0
6.95458678467382 0.4867706798615403 0.09487890300702301 250000.0
6.95458678467382 0.4867706798615403 0.09487890300702301 250000.0
6.95458678467382 0.4867706798615403 0.09487890300702301 250000.0
6.95458678467382 0.4867706798615403 0.09487890300702301 250000.0
6.95458678467382 0.4867706798615403 0.09487890300702301 250000.0
6.95458678467382 0.4867706798615403 0.09487890300702301 250000.0
6.95458678467382 0.4867706798615403 0.09487890300702301 250000.0
6.95458678467382 0.4867706798615403 0.09487890300702301 250000.0
6.95458678467382 0.4867706798615403 0.09487890300702301 250000.0
6.95458678467382 0.4867706798615403 0.09487890300702301 250000.0
6.95458678467382 0.4867706798615403 0.09487890300702301 250000.0
6.95458678467382 0.4867706798615403 0.09487890300702301 250000.0
6.95458678467382 0.4867706798615403 0.09487890300702301 250000.0
6.95458678467382 0.4867706798615403 0.09487890300702301 250000.0
6.95458678467382 0.4867706798615403 0.09487890300702301 250000.0
6.95458678467382 0.4867706798615403 0.09487890300702301 250000.0
6.95458678467382 0.4867706798615403 0.09487890300702301 250000.0
6.95458678467382 0.4867706798615403 0.09487890300702301 250000.0
6.95458678467382 0.4867706798615403 0.09487890300702301 250000.0
6.95458678467382 0.4867706798615403 0.09487890300702301 250000.0
6.95458678467382 0.4867706798615403 0.09487890300702301 250000.0
6.95458678467382 0.4867706798615403 0.09487890300702301 250000.0
6.95458678467382 0.4867706798615403 0.09487890300702301 250000.0
6.95458678467382 0.4867706798615403 0.09487890300702301 250000.0
6.95458678467382 0.4867706798615403 0.09487890300702301 250000.0
6.95458678467382 0.4867706798615403 0.09487890300702301 250000.0
6.95458678467382 0.4867706798615403 0.09487890300702301 250000.0
6.95458678467382 0.4867706798615403 0.09487890300702301 250000.0
6.95458678467382 0.4867706798615403 0.09487890300702301 250000.0
6.95458678467382 0.4867706798615403 0.09487890300702301 250000.0
6.95458678467382 0.4867706798615403 0.09487890300702301 250000.0
6.95458678467382 0.4867706798615403 0.09487890300702301 250000.0
6.95458678467382 0.4867706798615403 0.09487890300702301 250000.0
6.95458678467382 0.4867706798615403 0.09487890300702301 250000.0
6.95458678467382 0.4867706798615403 0.09487890300702301 250000.0
6.95458678467382 0.4867706798615403 0.09487890300702301 250000.0
6.95458678467382 0.4867706798615403 0.09487890300702301 250000.0
6.95458678467382 0.4867706798615403 0.09487890300702301 250000.0
6.95458678467382 0.4867706798615403 0.09487890300702301 250000.0
6.95458678467382 0.4867706798615403 0.09487890300702301 250000.0
6.95458678467382 0.4867706798615403 0.09487890300702301 250000.0
6.95458678467382 0.4867706798615403 0.09487890300702301 250000.0
7.054213316526563 0.49308642133527514 0.08899115635560396 0.0 0,0,0 coil/filament1/filament2
7.052252140844192 0.5047608232148841 0.2032110256650575 250000.0
6.952879964388812 0.4971500401530883 0.19501062764379595 250000.0
6.952879964388812 0.4971500401530883 0.19501062764379595 250000.0
6.952879964388812 0.4971500401530883 0.19501062764379595 250000.0
6.952879964388812 0.4971500401530883 0.19501062764379595 250000.0
6.952879964388812 0.4971500401530883 0.19501062764379595 250000.0
6.952879964388812 0.4971500401530883 0.19501062764379595 250000.0
6.952879964388812 0.4971500401530883 0.19501062764379595 250000.0
6.952879964388812 0.4971500401530883 0.19501062764379595 250000.0
6.952879964388812 0.4971500401530883 0.19501062764379595 250000.0
6.952879964388812 0.4971500401530883 0.19501062764379595 250000.0
6.952879964388812 0.4971500401530883 0.19501062764379595 250000.0
6.952879964388812 0.4971500401530883 0.19501062764379595 250000.0
6.952879964388812 0.4971500401530883 0.19501062764379595 250000.0
6.952879964388812 0.4971500401530883 0.19501062764379595 250000.0
6.952879964388812 0.4971500401530883 0.19501062764379595 250000.0
6.952879964388812 0.4971500401530883 0.19501062764379595 250000.0
6.952879964388812 0.4971500401530883 0.19501062764379595 250000.0
6.952879964388812 0.4971500401530883 0.19501062764379595 250000.0
6.952879964388812 0.4971500401530883 0.19501062764379595 250000.0
6.952879964388812 0.4971500401530883 0.19501062764379595 250000.0
6.952879964388812 0.4971500401530883 0.19501062764379595 250000.0
6.952879964388812 0.4971500401530883 0.19501062764379595 250000.0
6.952879964388812 0.4971500401530883 0.19501062764379595 250000.0
6.952879964388812 0.4971500401530883 0.19501062764379595 250000.0
6.952879964388812 0.4971500401530883 0.19501062764379595 250000.0
6.952879964388812 0.4971500401530883 0.19501062764379595 250000.0
6.952879964388812 0.4971500401530883 0.19501062764379595 250000.0
6.952879964388812 0.4971500401530883 0.19501062764379595 250000.0
6.952879964388812 0.4971500401530883 0.19501062764379595 250000.0
6.952879964388812 0.4971500401530883 0.19501062764379595 250000.0
6.952879964388812 0.4971500401530883 0.19501062764379595 250000.0
6.952879964388812 0.4971500401530883 0.19501062764379595 250000.0
6.952879964388812 0.4971500401530883 0.19501062764379595 250000.0
6.952879964388812 0.4971500401530883 0.19501062764379595 250000.0
6.952879964388812 0.4971500401530883 0.19501062764379595 250000.0
6.952879964388812 0.4971500401530883 0.19501062764379595 250000.0
6.952879964388812 0.4971500401530883 0.19501062764379595 250000.0
6.952879964388812 0.4971500401530883 0.19501062764379595 250000.0
6.952879964388812 0.4971500401530883 0.19501062764379595 250000.0
6.952879964388812 0.4971500401530883 0.19501062764379595 250000.0
6.952879964388812 0.4971500401530883 0.19501062764379595 250000.0
6.952879964388812 0.4971500401530883 0.19501062764379595 250000.0
6.952879964388812 0.4971500401530883 0.19501062764379595 250000.0
6.952879964388812 0.4971500401530883 0.19501062764379595 250000.0
6.952879964388812 0.4971500401530883 0.19501062764379595 250000.0
6.952879964388812 0.4971500401530883 0.19501062764379595 250000.0
6.952879964388812 0.4971500401530883 0.19501062764379595 250000.0
6.952879964388812 0.4971500401530883 0.19501062764379595 250000.0
6.952879964388812 0.4971500401530883 0.19501062764379595 250000.0
6.952879964388812 0.4971500401530883 0.19501062764379595 250000.0
6.952879964388812 0.4971500401530883 0.19501062764379595 250000.0
6.952879964388812 0.4971500401530883 0.19501062764379595 250000.0
6.952879964388812 0.4971500401530883 0.19501062764379595 250000.0
6.952879964388812 0.4971500401530883 0.19501062764379595 250000.0
6.952879964388812 0.4971500401530883 0.19501062764379595 250000.0
6.952879964388812 0.4971500401530883 0.19501062764379595 250000.0
6.952879964388812 0.4971500401530883 0.19501062764379595 250000.0
6.952879964388812 0.4971500401530883 0.19501062764379595 250000.0
6.952879964388812 0.4971500401530883 0.19501062764379595 250000.0
6.952879964388812 0.4971500401530883 0.19501062764379595 250000.0
6.952879964388812 0.4971500401530883 0.19501062764379595 250000.0
6.952879964388812 0.4971500401530883 0.19501062764379595 250000.0
6.952879964388812 0.4971500401530883 0.19501062764379595 250000.0
7.052252140844192 0.5047608232148841 0.2032110256650575 0.0 0,0,1 coil/filament1/filament2
7.061047544296908 0.39373303463897535 0.09805746115737232 250000.0
6.961421012444165 0.38741729316524054 0.10394520780879137 250000.0
6.961421012444165 0.38741729316524054 0.10394520780879137 250000.0
6.961421012444165 0.38741729316524054 0.10394520780879137 250000.0
6.961421012444165 0.38741729316524054 0.10394520780879137 250000.0
6.961421012444165 0.38741729316524054 0.10394520780879137 250000.0
6.961421012444165 0.38741729316524054 0.10394520780879137 250000.0
6.961421012444165 0.38741729316524054 0.10394520780879137 250000.0
6.961421012444165 0.38741729316524054 0.10394520780879137 250000.0
6.961421012444165 0.38741729316524054 0.10394520780879137 250000.0
6.961421012444165 0.38741729316524054 0.10394520780879137 250000.0
6.961421012444165 0.38741729316524054 0.10394520780879137 250000.0
6.961421012444165 0.38741729316524054 0.10394520780879137 250000.0
6.961421012444165 0.38741729316524054 0.10394520780879137 250000.0
6.961421012444165 0.38741729316524054 0.10394520780879137 250000.0
6.961421012444165 0.38741729316524054 0.10394520780879137 250000.0
6.961421012444165 0.38741729316524054 0.10394520780879137 250000.0
6.961421012444165 0.38741729316524054 0.10394520780879137 250000.0
6.961421012444165 0.38741729316524054 0.10394520780879137 250000.0
6.961421012444165 0.38741729316524054 0.10394520780879137 250000.0
6.961421012444165 0.38741729316524054 0.10394520780879137 250000.0
6.961421012444165 0.38741729316524054 0.10394520780879137 250000.0
6.961421012444165 0.38741729316524054 0.10394520780879137 250000.0
6.961421012444165 0.38741729316524054 0.10394520780879137 250000.0
6.961421012444165 0.38741729316524054 0.10394520780879137 250000.0
6.961421012444165 0.38741729316524054 0.10394520780879137 250000.0
6.961421012444165 0.38741729316524054 0.10394520780879137 250000.0
6.961421012444165 0.38741729316524054 0.10394520780879137 250000.0
6.961421012444165 0.38741729316524054 0.10394520780879137 250000.0
6.961421012444165 0.38741729316524054 0.10394520780879137 250000.0
6.961421012444165 0.38741729316524054 0.10394520780879137 250000.0
6.961421012444165 0.38741729316524054 0.10394520780879137 250000.0
6.961421012444165 0.38741729316524054 0.10394520780879137 250000.0
6.961421012444165 0.38741729316524054 0.10394520780879137 250000.0
6.961421012444165 0.38741729316524054 0.10394520780879137 250000.0
6.961421012444165 0.38741729316524054 0.10394520780879137 250000.0
6.961421012444165 0.38741729316524054 0.10394520780879137 250000.0
6.961421012444165 0.38741729316524054 0.10394520780879137 250000.0
6.961421012444165 0.38741729316524054 0.10394520780879137 250000.0
6.961421012444165 0.38741729316524054 0.10394520780879137 250000.0
6.961421012444165 0.38741729316524054 0.10394520780879137 250000.0
6.961421012444165 0.38741729316524054 0.10394520780879137 250000.0
6.961421012444165 0.38741729316524054 0.10394520780879137 250000.0
6.961421012444165 0.38741729316524054 0.10394520780879137 250000.0
6.961421012444165 0.38741729316524054 0.10394520780879137 250000.0
6.961421012444165 0.38741729316524054 0.10394520780879137 250000.0
6.961421012444165 0.38741729316524054 0.10394520780879137 250000.0
6.961421012444165 0.38741729316524054 0.10394520780879137 250000.0
6.961421012444165 0.38741729316524054 0.10394520780879137 250000.0
6.961421012444165 0.38741729316524054 0.10394520780879137 250000.0
6.961421012444165 0.38741729316524054 0.10394520780879137 250000.0
6.961421012444165 0.38741729316524054 0.10394520780879137 250000.0
6.961421012444165 0.38741729316524054 0.10394520780879137 250000.0
6.961421012444165 0.38741729316524054 0.10394520780879137 250000.0
6.961421012444165 0.38741729316524054 0.10394520780879137 250000.0
6.961421012444165 0.38741729316524054 0.10394520780879137 250000.0
6.961421012444165 0.38741729316524054 0.10394520780879137 250000.0
6.961421012444165 0.38741729316524054 0.10394520780879137 250000.0
6.961421012444165 0.38741729316524054 0.10394520780879137 250000.0
6.961421012444165 0.38741729316524054 0.10394520780879137 250000.0
6.961421012444165 0.38741729316524054 0.10394520780879137 250000.0
6.961421012444165 0.38741729316524054 0.10394520780879137 250000.0
6.961421012444165 0.38741729316524054 0.10394520780879137 250000.0
6.961421012444165 0.38741729316524054 0.10394520780879137 250000.0
7.061047544296908 0.39373303463897535 0.09805746115737232 0.0 0,1,0 coil/filament1/filament2
7.058902894807764 0.4056360689480881 0.21461499704626152 250000.0
6.959530718352384 0.39802528588629227 0.20641459902499998 250000.0
6.959530718352384 0.39802528588629227 0.20641459902499998 250000.0
6.959530718352384 0.39802528588629227 0.20641459902499998 250000.0
6.959530718352384 0.39802528588629227 0.20641459902499998 250000.0
6.959530718352384 0.39802528588629227 0.20641459902499998 250000.0
6.959530718352384 0.39802528588629227 0.20641459902499998 250000.0
6.959530718352384 0.39802528588629227 0.20641459902499998 250000.0
6.959530718352384 0.39802528588629227 0.20641459902499998 250000.0
6.959530718352384 0.39802528588629227 0.20641459902499998 250000.0
6.959530718352384 0.39802528588629227 0.20641459902499998 250000.0
6.959530718352384 0.39802528588629227 0.20641459902499998 250000.0
6.959530718352384 0.39802528588629227 0.20641459902499998 250000.0
6.959530718352384 0.39802528588629227 0.20641459902499998 250000.0
6.959530718352384 0.39802528588629227 0.20641459902499998 250000.0
6.959530718352384 0.39802528588629227 0.20641459902499998 250000.0
6.959530718352384 0.39802528588629227 0.20641459902499998 250000.0
6.959530718352384 0.39802528588629227 0.20641459902499998 250000.0
6.959530718352384 0.39802528588629227 0.20641459902499998 250000.0
6.959530718352384 0.39802528588629227 0.20641459902499998 250000.0
6.959530718352384 0.39802528588629227 0.20641459902499998 250000.0
6.959530718352384 0.39802528588629227 0.20641459902499998 250000.0
6.959530718352384 0.39802528588629227 0.20641459902499998 250000.0
6.959530718352384 0.39802528588629227 0.20641459902499998 250000.0
6.959530718352384 0.39802528588629227 0.20641459902499998 250000.0
6.959530718352384 0.39802528588629227 0.20641459902499998 250000.0
6.959530718352384 0.39802528588629227 0.20641459902499998 250000.0
6.959530718352384 0.39802528588629227 0.20641459902499998 250000.0
6.959530718352384 0.39802528588629227 0.20641459902499998 250000.0
6.959530718352384 0.39802528588629227 0.20641459902499998 250000.0
6.959530718352384 0.39802528588629227 0.20641459902499998 250000.0
6.959530718352384 0.39802528588629227 0.20641459902499998 250000.0
6.959530718352384 0.39802528588629227 0.20641459902499998 250000.0
6.959530718352384 0.39802528588629227 0.20641459902499998 250000.0
6.959530718352384 0.39802528588629227 0.20641459902499998 250000.0
6.959530718352384 0.39802528588629227 0.20641459902499998 250000.0
6.959530718352384 0.39802528588629227 0.20641459902499998 250000.0
6.959530718352384 0.39802528588629227 0.20641459902499998 250000.0
6.959530718352384 0.39802528588629227 0.20641459902499998 250000.0
6.959530718352384 0.39802528588629227 0.20641459902499998 250000.0
6.959530718352384 0.39802528588629227 0.20641459902499998 250000.0
6.959530718352384 0.39802528588629227 0.20641459902499998 250000.0
6.959530718352384 0.39802528588629227 0.20641459902499998 250000.0
6.959530718352384 0.39802528588629227 0.20641459902499998 250000.0
6.959530718352384 0.39802528588629227 0.20641459902499998 250000.0
6.959530718352384 0.39802528588629227 0.20641459902499998 250000.0
6.959530718352384 0.39802528588629227 0.20641459902499998 250000.0
6.959530718352384 0.39802528588629227 0.20641459902499998 250000.0
6.959530718352384 0.39802528588629227 0.20641459902499998 250000.0
6.959530718352384 0.39802528588629227 0.20641459902499998 250000.0
6.959530718352384 0.39802528588629227 0.20641459902499998 250000.0
6.959530718352384 0.39802528588629227 0.20641459902499998 250000.0
6.959530718352384 0.39802528588629227 0.20641459902499998 250000.0
6.959530718352384 0.39802528588629227 0.20641459902499998 250000.0
6.959530718352384 0.39802528588629227 0.20641459902499998 250000.0
6.959530718352384 0.39802528588629227 0.20641459902499998 250000.0
6.959530718352384 0.39802528588629227 0.20641459902499998 250000.0
6.959530718352384 0.39802528588629227 0.20641459902499998 250000.0
6.959530718352384 0.39802528588629227 0.20641459902499998 250000.0
6.959530718352384 0.39802528588629227 0.20641459902499998 250000.0
6.959530718352384 0.39802528588629227 0.20641459902499998 250000.0
6.959530718352384 0.39802528588629227 0.20641459902499998 250000.0
6.959530718352384 0.39802528588629227 0.20641459902499998 250000.0
6.959530718352384 0.39802528588629227 0.20641459902499998 250000.0
7.058902894807764 0.4056360689480881 0.21461499704626152 0.0 0,1,1 coil/filament1/filament2
6.70312398827897 1.3825458094736918 0.2265462798193941 250000.0
6.607424665325833 1.3563384629437267 0.23898873030832202 250000.0
6.607424665325833 1.3563384629437267 0.23898873030832202 250000.0
6.607424665325833 1.3563384629437267 0.23898873030832202 250000.0
6.607424665325833 1.3563384629437267 0.23898873030832202 250000.0
6.607424665325833 1.3563384629437267 0.23898873030832202 250000.0
6.607424665325833 1.3563384629437267 0.23898873030832202 250000.0
6.607424665325833 1.3563384629437267 0.23898873030832202 250000.0
6.607424665325833 1.3563384629437267 0.23898873030832202 250000.0
6.607424665325833 1.3563384629437267 0.23898873030832202 250000.0
6.607424665325833 1.3563384629437267 0.23898873030832202 250000.0
6.607424665325833 1.3563384629437267 0.23898873030832202 250000.0
6.607424665325833 1.3563384629437267 0.23898873030832202 250000.0
6.607424665325833 1.3563384629437267 0.23898873030832202 250000.0
6.607424665325833 1.3563384629437267 0.23898873030832202 250000.0
6.607424665325833 1.3563384629437267 0.23898873030832202 250000.0
6.607424665325833 1.3563384629437267 0.23898873030832202 250000.0
6.607424665325833 1.3563384629437267 0.23898873030832202 250000.0
6.607424665325833 1.3563384629437267 0.23898873030832202 250000.0
6.607424665325833 1.3563384629437267 0.23898873030832202 250000.0
6.607424665325833 1.3563384629437267 0.23898873030832202 250000.0
6.607424665325833 1.3563384629437267 0.23898873030832202 250000.0
6.607424665325833 1.3563384629437267 0.23898873030832202 250000.0
6.607424665325833 1.3563384629437267 0.23898873030832202 250000.0
6.607424665325833 1.3563384629437267 0.23898873030832202 250000.0
6.607424665325833 1.3563384629437267 0.23898873030832202 250000.0
6.607424665325833 1.3563384629437267 0.23898873030832202 250000.0
6.607424665325833 1.3563384629437267 0.23898873030832202 250000.0
6.607424665325833 1.3563384629437267 0.23898873030832202 250000.0
6.607424665325833 1.3563384629437267 0.23898873030832202 250000.0
6.607424665325833 1.3563384629437267 0.23898873030832202 250000.0
6.607424665325833 1.3563384629437267 0.23898873030832202 250000.0
6.607424665325833 1.3563384629437267 0.23898873030832202 250000.0
6.607424665325833 1.3563384629437267 0.23898873030832202 250000.0
6.607424665325833 1.3563384629437267 0.23898873030832202 250000.0
6.607424665325833 1.3563384629437267 0.23898873030832202 250000.0
6.607424665325833 1.3563384629437267 0.23898873030832202 250000.0
6.607424665325833 1.3563384629437267 0.23898873030832202 250000.0
6.607424665325833 1.3563384629437267 0.23898873030832202 250000.0
6.607424665325833 1.3563384629437267 0.23898873030832202 250000.0
6.607424665325833 1.3563384629437267 0.23898873030832202 250000.0
6.607424665325833 1.3563384629437267 0.23898873030832202 250000.0
6.607424665325833 1.3563384629437267 0.23898873030832202 250000.0
6.607424665325833 1.3563384629437267 0.23898873030832202 250000.0
6.607424665325833 1.3563384629437267 0.23898873030832202 250000.0
6.607424665325833 1.3563384629437267 0.23898873030832202 250000.0
6.607424665325833 1.3563384629437267 0.23898873030832202 250000.0
6.607424665325833 1.3563384629437267 0.23898873030832202 250000.0
6.607424665325833 1.3563384629437267 0.23898873030832202 250000.0
6.607424665325833 1.3563384629437267 0.23898873030832202 250000.0
6.607424665325833 1.3563384629437267 0.23898873030832202 250000.0
6.607424665325833 1.3563384629437267 0.23898873030832202 250000.0
6.607424665325833 1.3563384629437267 0.23898873030832202 250000.0
6.607424665325833 1.3563384629437267 0.23898873030832202 250000.0
6.607424665325833 1.3563384629437267 0.23898873030832202 250000.0
6.607424665325833 1.3563384629437267 0.23898873030832202 250000.0
6.607424665325833 1.3563384629437267 0.23898873030832202 250000.0
6.607424665325833 1.3563384629437267 0.23898873030832202 250000.0
6.607424665325833 1.3563384629437267 0.23898873030832202 250000.0
6.607424665325833 1.3563384629437267 0.23898873030832202 250000.0
6.607424665325833 1.3563384629437267 0.23898873030832202 250000.0
6.607424665325833 1.3563384629437267 0.23898873030832202 250000.0
6.607424665325833 1.3563384629437267 0.23898873030832202 250000.0
6.607424665325833 1.3563384629437267 0.23898873030832202 250000.0
6.70312398827897 1.3825458094736918 0.2265462798193941 0.0 1,0,0 coil/filament1/filament2
6.713989822215901 1.3716271596451624 0.32963190691130423 250000.0
6.617113535134805 1.3468891690356883 0.33136880701970994 250000.0
6.617113535134805 1.3468891690356883 0.33136880701970994 250000.0
6.617113535134805 1.3468891690356883 0.33136880701970994 250000.0
6.617113535134805 1.3468891690356883 0.33136880701970994 250000.0
6.617113535134805 1.3468891690356883 0.33136880701970994 250000.0
6.617113535134805 1.3468891690356883 0.33136880701970994 250000.0
6.617113535134805 1.3468891690356883 0.33136880701970994 250000.0
6.617113535134805 1.3468891690356883 0.33136880701970994 250000.0
6.617113535134805 1.3468891690356883 0.33136880701970994 250000.0
6.617113535134805 1.3468891690356883 0.33136880701970994 250000.0
6.617113535134805 1.3468891690356883 0.33136880701970994 250000.0
6.617113535134805 1.3468891690356883 0.33136880701970994 250000.0
6.617113535134805 1.3468891690356883 0.33136880701970994 250000.0
6.617113535134805 1.3468891690356883 0.33136880701970994 250000.0
6.617113535134805 1.3468891690356883 0.33136880701970994 250000.0
6.617113535134805 1.3468891690356883 0.33136880701970994 250000.0
6.617113535134805 1.3468891690356883 0.33136880701970994 250000.0
6.617113535134805 1.3468891690356883 0.33136880701970994 250000.0
6.617113535134805 1.3468891690356883 0.33136880701970994 250000.0
6.617113535134805 1.3468891690356883 0.33136880701970994 250000.0
6.617113535134805 1.3468891690356883 0.33136880701970994 250000.0
6.617113535134805 1.3468891690356883 0.33136880701970994 250000.0
6.617113535134805 1.3468891690356883 0.33136880701970994 250000.0
6.617113535134805 1.3468891690356883 0.33136880701970994 250000.0
6.617113535134805 1.3468891690356883 0.33136880701970994 250000.0
6.617113535134805 1.3468891690356883 0.33136880701970994 250000.0
6.617113535134805 1.3468891690356883 0.33136880701970994 250000.0
6.617113535134805 1.3468891690356883 0.33136880701970994 250000.0
6.617113535134805 1.3468891690356883 0.33136880701970994 250000.0
6.617113535134805 1.3468891690356883 0.33136880701970994 250000.0
6.617113535134805 1.3468891690356883 0.33136880701970994 250000.0
6.617113535134805 1.3468891690356883 0.33136880701970994 250000.0
6.617113535134805 1.3468891690356883 0.33136880701970994 250000.0
6.617113535134805 1.3468891690356883 0.33136880701970994 250000.0
6.617113535134805 1.3468891690356883 0.33136880701970994 250000.0
6.617113535134805 1.3468891690356883 0.33136880701970994 250000.0
6.617113535134805 1.3468891690356883 0.33136880701970994 250000.0
6.617113535134805 1.3468891690356883 0.33136880701970994 250000.0
6.617113535134805 1.3468891690356883 0.33136880701970994 250000.0
6.617113535134805 1.3468891690356883 0.33136880701970994 250000.0
6.617113535134805 1.3468891690356883 0.33136880701970994 250000.0
6.617113535134805 1.3468891690356883 0.33136880701970994 250000.0
6.617113535134805 1.3468891690356883 0.33136880701970994 250000.0
6.617113535134805 1.3468891690356883 0.33136880701970994 250000.0
6.617113535134805 1.3468891690356883 0.33136880701970994 250000.0
6.617113535134805 1.3468891690356883 0.33136880701970994 250000.0
6.617113535134805 1.3468891690356883 0.33136880701970994 250000.0
6.617113535134805 1.3468891690356883 0.33136880701970994 250000.0
6.617113535134805 1.3468891690356883 0.33136880701970994 250000.0
6.617113535134805 1.3468891690356883 0.33136880701970994 250000.0
6.617113535134805 1.3468891690356883 0.33136880701970994 250000.0
6.617113535134805 1.3468891690356883 0.33136880701970994 250000.0
6.617113535134805 1.3468891690356883 0.33136880701970994 250000.0
6.617113535134805 1.3468891690356883 0.33136880701970994 250000.0
6.617113535134805 1.3468891690356883 0.33136880701970994 250000.0
6.617113535134805 1.3468891690356883 0.33136880701970994 250000.0
6.617113535134805 1.3468891690356883 0.33136880701970994 250000.0
6.617113535134805 1.3468891690356883 0.33136880701970994 250000.0
6.617113535134805 1.3468891690356883 0.33136880701970994 250000.0
6.617113535134805 1.3468891690356883 0.33136880701970994 250000.0
6.617113535134805 1.3468891690356883 0.33136880701970994 250000.0
6.617113535134805 1.3468891690356883 0.33136880701970994 250000.0
6.617113535134805 1.3468891690356883 0.33136880701970994 250000.0
6.713989822215901 1.3716271596451624 0.32963190691130423 0.0 1,0,1 coil/filament1/filament2
6.727243550147965 1.2868386501693132 0.2104718780223126 250000.0
6.631544227194827 1.2606313036393482 0.22291432851124052 250000.0
6.631544227194827 1.2606313036393482 0.22291432851124052 250000.0
6.631544227194827 1.2606313036393482 0.22291432851124052 250000.0
6.631544227194827 1.2606313036393482 0.22291432851124052 250000.0
6.631544227194827 1.2606313036393482 0.22291432851124052 250000.0
6.631544227194827 1.2606313036393482 0.22291432851124052 250000.0
6.631544227194827 1.2606313036393482 0.22291432851124052 250000.0
6.631544227194827 1.2606313036393482 0.22291432851124052 250000.0
6.631544227194827 1.2606313036393482 0.22291432851124052 250000.0
6.631544227194827 1.2606313036393482 0.22291432851124052 250000.0
6.631544227194827 1.2606313036393482 0.22291432851124052 250000.0
6.631544227194827 1.2606313036393482 0.22291432851124052 250000.0
6.631544227194827 1.2606313036393482 0.22291432851124052 250000.0
6.631544227194827 1.2606313036393482 0.22291432851124052 250000.0
6.631544227194827 1.2606313036393482 0.22291432851124052 250000.0
6.631544227194827 1.2606313036393482 0.22291432851124052 250000.0
6.631544227194827 1.2606313036393482 0.22291432851124052 250000.0
6.631544227194827 1.2606313036393482 0.22291432851124052 250000.0
6.631544227194827 1.2606313036393482 0.22291432851124052 250000.0
6.631544227194827 1.2606313036393482 0.22291432851124052 250000.0
6.631544227194827 1.2606313036393482 0.22291432851124052 250000.0
6.631544227194827 1.2606313036393482 0.22291432851124052 250000.0
6.631544227194827 1.2606313036393482 0.22291432851124052 250000.0
6.631544227194827 1.2606313036393482 0.22291432851124052 250000.0
6.631544227194827 1.2606313036393482 0.22291432851124052 250000.0
6.631544227194827 1.2606313036393482 0.22291432851124052 250000.0
6.631544227194827 1.2606313036393482 0.22291432851124052 250000.0
6.631544227194827 1.2606313036393482 0.22291432851124052 250000.0
6.631544227194827 1.2606313036393482 0.22291432851124052 250000.0
6.631544227194827 1.2606313036393482 0.22291432851124052 250000.0
6.631544227194827 1.2606313036393482 0.22291432851124052 250000.0
6.631544227194827 1.2606313036393482 0.22291432851124052 250000.0
6.631544227194827 1.2606313036393482 0.22291432851124052 250000.0
6.631544227194827 1.2606313036393482 0.22291432851124052 250000.0
6.631544227194827 1.2606313036393482 0.22291432851124052 250000.0
6.631544227194827 1.2606313036393482 0.22291432851124052 250000.0
6.631544227194827 1.2606313036393482 0.22291432851124052 250000.0
6.631544227194827 1.2606313036393482 0.22291432851124052 250000.0
6.631544227194827 1.2606313036393482 0.22291432851124052 250000.0
6.631544227194827 1.2606313036393482 0.22291432851124052 250000.0
6.631544227194827 1.2606313036393482 0.22291432851124052 250000.0
6.631544227194827 1.2606313036393482 0.22291432851124052 250000.0
6.631544227194827 1.2606313036393482 0.22291432851124052 250000.0
6.631544227194827 1.2606313036393482 0.22291432851124052 250000.0
6.631544227194827 1.2606313036393482 0.22291432851124052 250000.0
6.631544227194827 1.2606313036393482 0.22291432851124052 250000.0
6.631544227194827 1.2606313036393482 0.22291432851124052 250000.0
6.631544227194827 1.2606313036393482 0.22291432851124052 250000.0
6.631544227194827 1.2606313036393482 0.22291432851124052 250000.0
6.631544227194827 1.2606313036393482 0.22291432851124052 250000.0
6.631544227194827 1.2606313036393482 0.22291432851124052 250000.0
6.631544227194827 1.2606313036393482 0.22291432851124052 250000.0
6.631544227194827 1.2606313036393482 0.22291432851124052 250000.0
6.631544227194827 1.2606313036393482 0.22291432851124052 250000.0
6.631544227194827 1.2606313036393482 0.22291432851124052 250000.0
6.631544227194827 1.2606313036393482 0.22291432851124052 250000.0
6.631544227194827 1.2606313036393482 0.22291432851124052 250000.0
6.631544227194827 1.2606313036393482 0.22291432851124052 250000.0
6.631544227194827 1.2606313036393482 0.22291432851124052 250000.0
6.631544227194827 1.2606313036393482 0.22291432851124052 250000.0
6.631544227194827 1.2606313036393482 0.22291432851124052 250000.0
6.631544227194827 1.2606313036393482 0.22291432851124052 250000.0
6.631544227194827 1.2606313036393482 0.22291432851124052 250000.0
6.727243550147965 1.2868386501693132 0.2104718780223126 0.0 1,1,0 coil/filament1/filament2
6.738497464740738 1.2750534680280097 0.32109390097842183 250000.0
6.641621177659641 1.2503154774185357 0.32283080108682755 250000.0
6.641621177659641 1.2503154774185357 0.32283080108682755 250000.0
6.641621177659641 1.2503154774185357 0.32283080108682755 250000.0
6.641621177659641 1.2503154774185357 0.32283080108682755 250000.0
6.641621177659641 1.2503154774185357 0.32283080108682755 250000.0
6.641621177659641 1.2503154774185357 0.32283080108682755 250000.0
6.641621177659641 1.2503154774185357 0.32283080108682755 250000.0
6.641621177659641 1.2503154774185357 0.32283080108682755 250000.0
6.641621177659641 1.2503154774185357 0.32283080108682755 250000.0
6.641621177659641 1.2503154774185357 0.32283080108682755 250000.0
6.641621177659641 1.2503154774185357 0.32283080108682755 250000.0
6.641621177659641 1.2503154774185357 0.32283080108682755 250000.0
6.641621177659641 1.2503154774185357 0.32283080108682755 250000.0
6.641621177659641 1.2503154774185357 0.32283080108682755 250000.0
6.641621177659641 1.2503154774185357 0.32283080108682755 250000.0
6.641621177659641 1.2503154774185357 0.32283080108682755 250000.0
6.641621177659641 1.2503154774185357 0.32283080108682755 250000.0
6.641621177659641 1.2503154774185357 0.32283080108682755 250000.0
6.641621177659641 1.2503154774185357 0.32283080108682755 250000.0
6.641621177659641 1.2503154774185357 0.32283080108682755 250000.0
6.641621177659641 1.2503154774185357 0.32283080108682755 250000.0
6.641621177659641 1.2503154774185357 0.32283080108682755 250000.0
6.641621177659641 1.2503154774185357 0.32283080108682755 250000.0
6.641621177659641 1.2503154774185357 0.32283080108682755 250000.0
6.641621177659641 1.2503154774185357 0.32283080108682755 250000.0
6.641621177659641 1.2503154774185357 0.32283080108682755 250000.0
6.641621177659641 1.2503154774185357 0.32283080108682755 250000.0
6.641621177659641 1.2503154774185357 0.32283080108682755 250000.0
6.641621177659641 1.2503154774185357 0.32283080108682755 250000.0
6.641621177659641 1.2503154774185357 0.32283080108682755 250000.0
6.641621177659641 1.2503154774185357 0.32283080108682755 250000.0
6.641621177659641 1.2503154774185357 0.32283080108682755 250000.0
6.641621177659641 1.2503154774185357 0.32283080108682755 250000.0
6.641621177659641 1.2503154774185357 0.32283080108682755 250000.0
6.641621177659641 1.2503154774185357 0.32283080108682755 250000.0
6.641621177659641 1.2503154774185357 0.32283080108682755 250000.0
6.641621177659641 1.2503154774185357 0.32283080108682755 250000.0
6.641621177659641 1.2503154774185357 0.32283080108682755 250000.0
6.641621177659641 1.2503154774185357 0.32283080108682755 250000.0
6.641621177659641 1.2503154774185357 0.32283080108682755 250000.0
6.641621177659641 1.2503154774185357 0.32283080108682755 250000.0
6.641621177659641 1.2503154774185357 0.32283080108682755 250000.0
6.641621177659641 1.2503154774185357 0.32283080108682755 250000.0
6.641621177659641 1.2503154774185357 0.32283080108682755 250000.0
6.641621177659641 1.2503154774185357 0.32283080108682755 250000.0
6.641621177659641 1.2503154774185357 0.32283080108682755 250000.0
6.641621177659641 1.2503154774185357 0.32283080108682755 250000.0
6.641621177659641 1.2503154774185357 0.32283080108682755 250000.0
6.641621177659641 1.2503154774185357 0.32283080108682755 250000.0
6.641621177659641 1.2503154774185357 0.32283080108682755 250000.0
6.641621177659641 1.2503154774185357 0.32283080108682755 250000.0
6.641621177659641 1.2503154774185357 0.32283080108682755 250000.0
6.641621177659641 1.2503154774185357 0.32283080108682755 250000.0
6.641621177659641 1.2503154774185357 0.32283080108682755 250000.0
6.641621177659641 1.2503154774185357 0.32283080108682755 250000.0
6.641621177659641 1.2503154774185357 0.32283080108682755 250000.0
6.641621177659641 1.2503154774185357 0.32283080108682755 250000.0
6.641621177659641 1.2503154774185357 0.32283080108682755 250000.0
6.641621177659641 1.2503154774185357 0.32283080108682755 250000.0
6.641621177659641 1.2503154774185357 0.32283080108682755 250000.0
6.641621177659641 1.2503154774185357 0.32283080108682755 250000.0
6.641621177659641 1.2503154774185357 0.32283080108682755 250000.0
6.641621177659641 1.2503154774185357 0.32283080108682755 250000.0
6.738497464740738 1.2750534680280097 0.32109390097842183 0.0 1,1,1 coil/filament1/filament2
6.15667502059193 2.170164016325241 0.2551648092248563 250000.0
6.068786342533243 2.1232030890852878 0.24678318755238818 250000.0
6.068786342533243 2.1232030890852878 0.24678318755238818 250000.0
6.068786342533243 2.1232030890852878 0.24678318755238818 250000.0
6.068786342533243 2.1232030890852878 0.24678318755238818 250000.0
6.068786342533243 2.1232030890852878 0.24678318755238818 250000.0
6.068786342533243 2.1232030890852878 0.24678318755238818 250000.0
6.068786342533243 2.1232030890852878 0.24678318755238818 250000.0
6.068786342533243 2.1232030890852878 0.24678318755238818 250000.0
6.068786342533243 2.1232030890852878 0.24678318755238818 250000.0
6.068786342533243 2.1232030890852878 0.24678318755238818 250000.0
6.068786342533243 2.1232030890852878 0.24678318755238818 250000.0
6.068786342533243 2.1232030890852878 0.24678318755238818 250000.0
6.068786342533243 2.1232030890852878 0.24678318755238818 250000.0
6.068786342533243 2.1232030890852878 0.24678318755238818 250000.0
6.068786342533243 2.1232030890852878 0.24678318755238818 250000.0
6.068786342533243 2.1232030890852878 0.24678318755238818 250000.0
6.068786342533243 2.1232030890852878 0.24678318755238818 250000.0
6.068786342533243 2.1232030890852878 0.24678318755238818 250000.0
6.068786342533243 2.1232030890852878 0.24678318755238818 250000.0
6.068786342533243 2.1232030890852878 0.24678318755238818 250000.0
6.068786342533243 2.1232030890852878 0.24678318755238818 250000.0
6.068786342533243 2.1232030890852878 0.24678318755238818 250000.0
6.068786342533243 2.1232030890852878 0.24678318755238818 250000.0
6.068786342533243 2.1232030890852878 0.24678318755238818 250000.0
6.068786342533243 2.1232030890852878 0.24678318755238818 250000.0
6.068786342533243 2.1232030890852878 0.24678318755238818 250000.0
6.068786342533243 2.1232030890852878 0.24678318755238818 250000.0
6.068786342533243 2.1232030890852878 0.24678318755238818 250000.0
6.068786342533243 2.1232030890852878 0.24678318755238818 250000.0
6.068786342533243 2.1232030890852878 0.24678318755238818 250000.0
6.068786342533243 2.1232030890852878 0.24678318755238818 250000.0
6.068786342533243 2.1232030890852878 0.24678318755238818 250000.0
6.068786342533243 2.1232030890852878 0.24678318755238818 250000.0
6.068786342533243 2.1232030890852878 0.24678318755238818 250000.0
6.068786342533243 2.1232030890852878 0.24678318755238818 250000.0
6.068786342533243 2.1232030890852878 0.24678318755238818 250000.0
6.068786342533243 2.1232030890852878 0.24678318755238818 250000.0
6.068786342533243 2.1232030890852878 0.24678318755238818 250000.0
6.068786342533243 2.1232030890852878 0.24678318755238818 250000.0
6.068786342533243 2.1232030890852878 0.24678318755238818 250000.0
6.068786342533243 2.1232030890852878 0.24678318755238818 250000.0
6.068786342533243 2.1232030890852878 0.24678318755238818 250000.0
6.068786342533243 2.1232030890852878 0.24678318755238818 250000.0
6.068786342533243 2.1232030890852878 0.24678318755238818 250000.0
6.068786342533243 2.1232030890852878 0.24678318755238818 250000.0
6.068786342533243 2.1232030890852878 0.24678318755238818 250000.0
6.068786342533243 2.1232030890852878 0.24678318755238818 250000.0
6.068786342533243 2.1232030890852878 0.24678318755238818 250000.0
6.068786342533243 2.1232030890852878 0.24678318755238818 250000.0
6.068786342533243 2.1232030890852878 0.24678318755238818 250000.0
6.068786342533243 2.1232030890852878 0.24678318755238818 250000.0
6.068786342533243 2.1232030890852878 0.24678318755238818 250000.0
6.068786342533243 2.1232030890852878 0.24678318755238818 250000.0
6.068786342533243 2.1232030890852878 0.24678318755238818 250000.0
6.068786342533243 2.1232030890852878 0.24678318755238818 250000.0
6.068786342533243 2.1232030890852878 0.24678318755238818 250000.0
6.068786342533243 2.1232030890852878 0.24678318755238818 250000.0
6.068786342533243 2.1232030890852878 0.24678318755238818 250000.0
6.068786342533243 2.1232030890852878 0.24678318755238818 250000.0
6.068786342533243 2.1232030890852878 0.24678318755238818 250000.0
6.068786342533243 2.1232030890852878 0.24678318755238818 250000.0
6.068786342533243 2.1232030890852878 0.24678318755238818 250000.0
6.068786342533243 2.1232030890852878 0.24678318755238818 250000.0
6.15667502059193 2.170164016325241 0.2551648092248563 0.0 2,0,0 coil/filament1/filament2
6.1382034602942115 2.186823840104919 0.3526185238091034 250000.0
6.050049522958528 2.140849989803537 0.34188127925184053 250000.0
6.050049522958528 2.140849989803537 0.34188127925184053 250000.0
6.050049522958528 2.140849989803537 0.34188127925184053 250000.0
6.050049522958528 2.140849989803537 0.34188127925184053 250000.0
6.050049522958528 2.140849989803537 0.34188127925184053 250000.0
6.050049522958528 2.140849989803537 0.34188127925184053 250000.0
6.050049522958528 2.140849989803537 0.34188127925184053 250000.0
6.050049522958528 2.140849989803537 0.34188127925184053 250000.0
6.050049522958528 2.140849989803537 0.34188127925184053 250000.0
6.050049522958528 2.140849989803537 0.34188127925184053 250000.0
6.050049522958528 2.140849989803537 0.34188127925184053 250000.0
6.050049522958528 2.140849989803537 0.34188127925184053 250000.0
6.050049522958528 2.140849989803537 0.34188127925184053 250000.0
6.050049522958528 2.140849989803537 0.34188127925184053 250000.0
6.050049522958528 2.140849989803537 0.34188127925184053 250000.0
6.050049522958528 2.140849989803537 0.34188127925184053 250000.0
6.050049522958528 2.140849989803537 0.34188127925184053 250000.0
6.050049522958528 2.140849989803537 0.34188127925184053 250000.0
6.050049522958528 2.140849989803537 0.34188127925184053 250000.0
6.050049522958528 2.140849989803537 0.34188127925184053 250000.0
6.050049522958528 2.140849989803537 0.34188127925184053 250000.0
6.050049522958528 2.140849989803537 0.34188127925184053 250000.0
6.050049522958528 2.140849989803537 0.34188127925184053 250000.0
6.050049522958528 2.140849989803537 0.34188127925184053 250000.0
6.050049522958528 2.140849989803537 0.34188127925184053 250000.0
6.050049522958528 2.140849989803537 0.34188127925184053 250000.0
6.050049522958528 2.140849989803537 0.34188127925184053 250000.0
6.050049522958528 2.140849989803537 0.34188127925184053 250000.0
6.050049522958528 2.140849989803537 0.34188127925184053 250000.0
6.050049522958528 2.140849989803537 0.34188127925184053 250000.0
6.050049522958528 2.140849989803537 0.34188127925184053 250000.0
6.050049522958528 2.140849989803537 0.34188127925184053 250000.0
6.050049522958528 2.140849989803537 0.34188127925184053 250000.0
6.050049522958528 2.140849989803537 0.34188127925184053 250000.0
6.050049522958528 2.140849989803537 0.34188127925184053 250000.0
6.050049522958528 2.140849989803537 0.34188127925184053 250000.0
6.050049522958528 2.140849989803537 0.34188127925184053 250000.0
6.050049522958528 2.140849989803537 0.34188127925184053 250000.0
6.050049522958528 2.140849989803537 0.34188127925184053 250000.0
6.050049522958528 2.140849989803537 0.34188127925184053 250000.0
6.050049522958528 2.140849989803537 0.34188127925184053 250000.0
6.050049522958528 2.140849989803537 0.34188127925184053 250000.0
6.050049522958528 2.140849989803537 0.34188127925184053 250000.0
6.050049522958528 2.140849989803537 0.34188127925184053 250000.0
6.050049522958528 2.140849989803537 0.34188127925184053 250000.0
6.050049522958528 2.140849989803537 0.34188127925184053 250000.0
6.050049522958528 2.140849989803537 0.34188127925184053 250000.0
6.050049522958528 2.140849989803537 0.34188127925184053 250000.0
6.050049522958528 2.140849989803537 0.34188127925184053 250000.0
6.050049522958528 2.140849989803537 0.34188127925184053 250000.0
6.050049522958528 2.140849989803537 0.34188127925184053 250000.0
6.050049522958528 2.140849989803537 0.34188127925184053 250000.0
6.050049522958528 2.140849989803537 0.34188127925184053 250000.0
6.050049522958528 2.140849989803537 0.34188127925184053 250000.0
6.050049522958528 2.140849989803537 0.34188127925184053 250000.0
6.050049522958528 2.140849989803537 0.34188127925184053 250000.0
6.050049522958528 2.140849989803537 0.34188127925184053 250000.0
6.050049522958528 2.140849989803537 0.34188127925184053 250000.0
6.050049522958528 2.140849989803537 0.34188127925184053 250000.0
6.050049522958528 2.140849989803537 0.34188127925184053 250000.0
6.050049522958528 2.140849989803537 0.34188127925184053 250000.0
6.050049522958528 2.140849989803537 0.34188127925184053 250000.0
6.050049522958528 2.140849989803537 0.34188127925184053 250000.0
6.1382034602942115 2.186823840104919 0.3526185238091034 0.0 2,0,1 coil/filament1/filament2
6.199228232453991 2.0850422026900732 0.28588127066953267 250000.0
6.111339554395304 2.03808127545012 0.2774996489970646 250000.0
6.111339554395304 2.03808127545012 0.2774996489970646 250000.0
6.111339554395304 2.03808127545012 0.2774996489970646 250000.0
6.111339554395304 2.03808127545012 0.2774996489970646 250000.0
6.111339554395304 2.03808127545012 0.2774996489970646 250000.0
6.111339554395304 2.03808127545012 0.2774996489970646 250000.0
6.111339554395304 2.03808127545012 0.2774996489970646 250000.0
6.111339554395304 2.03808127545012 0.2774996489970646 250000.0
6.111339554395304 2.03808127545012 0.2774996489970646 250000.0
6.111339554395304 2.03808127545012 0.2774996489970646 250000.0
6.111339554395304 2.03808127545012 0.2774996489970646 250000.0
6.111339554395304 2.03808127545012 0.2774996489970646 250000.0
6.111339554395304 2.03808127545012 0.2774996489970646 250000.0
6.111339554395304 2.03808127545012 0.2774996489970646 250000.0
6.111339554395304 2.03808127545012 0.2774996489970646 250000.0
6.111339554395304 2.03808127545012 0.2774996489970646 250000.0
6.111339554395304 2.03808127545012 0.2774996489970646 250000.0
6.111339554395304 2.03808127545012 0.2774996489970646 250000.0
6.111339554395304 2.03808127545012 0.2774996489970646 250000.0
6.111339554395304 2.03808127545012 0.2774996489970646 250000.0
6.111339554395304 2.03808127545012 0.2774996489970646 250000.0
6.111339554395304 2.03808127545012 0.2774996489970646 250000.0
6.111339554395304 2.03808127545012 0.2774996489970646 250000.0
6.111339554395304 2.03808127545012 0.2774996489970646 250000.0
6.111339554395304 2.03808127545012 0.2774996489970646 250000.0
6.111339554395304 2.03808127545012 0.2774996489970646 250000.0
6.111339554395304 2.03808127545012 0.2774996489970646 250000.0
6.111339554395304 2.03808127545012 0.2774996489970646 250000.0
6.111339554395304 2.03808127545012 0.2774996489970646 250000.0
6.111339554395304 2.03808127545012 0.2774996489970646 250000.0
6.111339554395304 2.03808127545012 0.2774996489970646 250000.0
6.111339554395304 2.03808127545012 0.2774996489970646 250000.0
6.111339554395304 2.03808127545012 0.2774996489970646 250000.0
6.111339554395304 2.03808127545012 0.2774996489970646 250000.0
6.111339554395304 2.03808127545012 0.2774996489970646 250000.0
6.111339554395304 2.03808127545012 0.2774996489970646 250000.0
6.111339554395304 2.03808127545012 0.2774996489970646 250000.0
6.111339554395304 2.03808127545012 0.2774996489970646 250000.0
6.111339554395304 2.03808127545012 0.2774996489970646 250000.0
6.111339554395304 2.03808127545012 0.2774996489970646 250000.0
6.111339554395304 2.03808127545012 0.2774996489970646 250000.0
6.111339554395304 2.03808127545012 0.2774996489970646 250000.0
6.111339554395304 2.03808127545012 0.2774996489970646 250000.0
6.111339554395304 2.03808127545012 0.2774996489970646 250000.0
6.111339554395304 2.03808127545012 0.2774996489970646 250000.0
6.111339554395304 2.03808127545012 0.2774996489970646 250000.0
6.111339554395304 2.03808127545012 0.2774996489970646 250000.0
6.111339554395304 2.03808127545012 0.2774996489970646 250000.0
6.111339554395304 2.03808127545012 0.2774996489970646 250000.0
6.111339554395304 2.03808127545012 0.2774996489970646 250000.0
6.111339554395304 2.03808127545012 0.2774996489970646 250000.0
6.111339554395304 2.03808127545012 0.2774996489970646 250000.0
6.111339554395304 2.03808127545012 0.2774996489970646 250000.0
6.111339554395304 2.03808127545012 0.2774996489970646 250000.0
6.111339554395304 2.03808127545012 0.2774996489970646 250000.0
6.111339554395304 2.03808127545012 0.2774996489970646 250000.0
6.111339554395304 2.03808127545012 0.2774996489970646 250000.0
6.111339554395304 2.03808127545012 0.2774996489970646 250000.0
6.111339554395304 2.03808127545012 0.2774996489970646 250000.0
6.111339554395304 2.03808127545012 0.2774996489970646 250000.0
6.111339554395304 2.03808127545012 0.2774996489970646 250000.0
6.111339554395304 2.03808127545012 0.2774996489970646 250000.0
6.111339554395304 2.03808127545012 0.2774996489970646 250000.0
6.199228232453991 2.0850422026900732 0.28588127066953267 0.0 2,1,0 coil/filament1/filament2
6.182233322139886 2.098557193684427 0.3690614674485678 250000.0
6.0940793848042025 2.0525833433830454 0.35832422289130494 250000.0
6.0940793848042025 2.0525833433830454 0.35832422289130494 250000.0
6.0940793848042025 2.0525833433830454 0.35832422289130494 250000.0
6.0940793848042025 2.0525833433830454 0.35832422289130494 250000.0
6.0940793848042025 2.0525833433830454 0.35832422289130494 250000.0
6.0940793848042025 2.0525833433830454 0.35832422289130494 250000.0
6.0940793848042025 2.0525833433830454 0.35832422289130494 250000.0
6.0940793848042025 2.0525833433830454 0.35832422289130494 250000.0
6.0940793848042025 2.0525833433830454 0.35832422289130494 250000.0
6.0940793848042025 2.0525833433830454 0.35832422289130494 250000.0
6.0940793848042025 2.0525833433830454 0.35832422289130494 250000.0
6.0940793848042025 2.0525833433830454 0.35832422289130494 250000.0
6.0940793848042025 2.0525833433830454 0.35832422289130494 250000.0
6.0940793848042025 2.0525833433830454 0.35832422289130494 250000.0
6.0940793848042025 2.0525833433830454 0.35832422289130494 250000.0
6.0940793848042025 2.0525833433830454 0.35832422289130494 250000.0
6.0940793848042025 2.0525833433830454 0.35832422289130494 250000.0
6.0940793848042025 2.0525833433830454 0.35832422289130494 250000.0
6.0940793848042025 2.0525833433830454 0.35832422289130494 250000.0
6.0940793848042025 2.0525833433830454 0.35832422289130494 250000.0
6.0940793848042025 2.0525833433830454 0.35832422289130494 250000.0
6.0940793848042025 2.0525833433830454 0.35832422289130494 250000.0
6.0940793848042025 2.0525833433830454 0.35832422289130494 250000.0
6.0940793848042025 2.0525833433830454 0.35832422289130494 250000.0
6.0940793848042025 2.0525833433830454 0.35832422289130494 250000.0
6.0940793848042025 2.0525833433830454 0.35832422289130494 250000.0
6.0940793848042025 2.0525833433830454 0.35832422289130494 250000.0
6.0940793848042025 2.0525833433830454 0.35832422289130494 250000.0
6.0940793848042025 2.0525833433830454 0.35832422289130494 250000.0
6.0940793848042025 2.0525833433830454 0.35832422289130494 250000.0
6.0940793848042025 2.0525833433830454 0.35832422289130494 250000.0
6.0940793848042025 2.0525833433830454 0.35832422289130494 250000.0
6.0940793848042025 2.0525833433830454 0.35832422289130494 250000.0
6.0940793848042025 2.0525833433830454 0.35832422289130494 250000.0
6.0940793848042025 2.0525833433830454 0.35832422289130494 250000.0
6.0940793848042025 2.0525833433830454 0.35832422289130494 250000.0
6.0940793848042025 2.0525833433830454 0.35832422289130494 250000.0
6.0940793848042025 2.0525833433830454 0.35832422289130494 250000.0
6.0940793848042025 2.0525833433830454 0.35832422289130494 250000.0
6.0940793848042025 2.0525833433830454 0.35832422289130494 250000.0
6.0940793848042025 2.0525833433830454 0.35832422289130494 250000.0
6.0940793848042025 2.0525833433830454 0.35832422289130494 250000.0
6.0940793848042025 2.0525833433830454 0.35832422289130494 250000.0
6.0940793848042025 2.0525833433830454 0.35832422289130494 250000.0
6.0940793848042025 2.0525833433830454 0.35832422289130494 250000.0
6.0940793848042025 2.0525833433830454 0.35832422289130494 250000.0
6.0940793848042025 2.0525833433830454 0.35832422289130494 250000.0
6.0940793848042025 2.0525833433830454 0.35832422289130494 250000.0
6.0940793848042025 2.0525833433830454 0.35832422289130494 250000.0
6.0940793848042025 2.0525833433830454 0.35832422289130494 250000.0
6.0940793848042025 2.0525833433830454 0.35832422289130494 250000.0
6.0940793848042025 2.0525833433830454 0.35832422289130494 250000.0
6.0940793848042025 2.0525833433830454 0.35832422289130494 250000.0
6.0940793848042025 2.0525833433830454 0.35832422289130494 250000.0
6.0940793848042025 2.0525833433830454 0.35832422289130494 250000.0
6.0940793848042025 2.0525833433830454 0.35832422289130494 250000.0
6.0940793848042025 2.0525833433830454 0.35832422289130494 250000.0
6.0940793848042025 2.0525833433830454 0.35832422289130494 250000.0
6.0940793848042025 2.0525833433830454 0.35832422289130494 250000.0
6.0940793848042025 2.0525833433830454 0.35832422289130494 250000.0
6.0940793848042025 2.0525833433830454 0.35832422289130494 250000.0
6.0940793848042025 2.0525833433830454 0.35832422289130494 250000.0
6.0940793848042025 2.0525833433830454 0.35832422289130494 250000.0
6.182233322139886 2.098557193684427 0.3690614674485678 0.0 2,1,1 coil/filament1/filament2
5.813729689601414 2.6683270237097556 0.1768877795609047 250000.0
5.733425704127526 2.620571068802676 0.14124176031719995 250000.0
5.733425704127526 2.620571068802676 0.14124176031719995 250000.0
5.733425704127526 2.620571068802676 0.14124176031719995 250000.0
5.733425704127526 2.620571068802676 0.14124176031719995 250000.0
5.733425704127526 2.620571068802676 0.14124176031719995 250000.0
5.733425704127526 2.620571068802676 0.14124176031719995 250000.0
5.733425704127526 2.620571068802676 0.14124176031719995 250000.0
5.733425704127526 2.620571068802676 0.14124176031719995 250000.0
5.733425704127526 2.620571068802676 0.14124176031719995 250000.0
5.733425704127526 2.620571068802676 0.14124176031719995 250000.0
5.733425704127526 2.620571068802676 0.14124176031719995 250000.0
5.733425704127526 2.620571068802676 0.14124176031719995 250000.0
5.733425704127526 2.620571068802676 0.14124176031719995 250000.0
5.733425704127526 2.620571068802676 0.14124176031719995 250000.0
5.733425704127526 2.620571068802676 0.14124176031719995 250000.0
5.733425704127526 2.620571068802676 0.14124176031719995 250000.0
5.733425704127526 2.620571068802676 0.14124176031719995 250000.0
5.733425704127526 2.620571068802676 0.14124176031719995 250000.0
5.733425704127526 2.620571068802676 0.14124176031719995 250000.0
5.733425704127526 2.620571068802676 0.14124176031719995 250000.0
5.733425704127526 2.620571068802676 0.14124176031719995 250000.0
5.733425704127526 2.620571068802676 0.14124176031719995 250000.0
5.733425704127526 2.620571068802676 0.14124176031719995 250000.0
5.733425704127526 2.620571068802676 0.14124176031719995 250000.0
5.733425704127526 2.620571068802676 0.14124176031719995 250000.0
5.733425704127526 2.620571068802676 0.14124176031719995 250000.0
5.733425704127526 2.620571068802676 0.14124176031719995 250000.0
5.733425704127526 2.620571068802676 0.14124176031719995 250000.0
5.733425704127526 2.620571068802676 0.14124176031719995 250000.0
5.733425704127526 2.620571068802676 0.14124176031719995 250000.0
5.733425704127526 2.620571068802676 0.14124176031719995 250000.0
5.733425704127526 2.620571068802676 0.14124176031719995 250000.0
5.733425704127526 2.620571068802676 0.14124176031719995 250000.0
5.733425704127526 2.620571068802676 0.14124176031719995 250000.0
5.733425704127526 2.620571068802676 0.14124176031719995 250000.0
5.733425704127526 2.620571068802676 0.14124176031719995 250000.0
5.733425704127526 2.620571068802676 0.14124176031719995 250000.0
5.733425704127526 2.620571068802676 0.14124176031719995 250000.0
5.733425704127526 2.620571068802676 0.14124176031719995 250000.0
5.733425704127526 2.620571068802676 0.14124176031719995 250000.0
5.733425704127526 2.620571068802676 0.14124176031719995 250000.0
5.733425704127526 2.620571068802676 0.14124176031719995 250000.0
5.733425704127526 2.620571068802676 0.14124176031719995 250000.0
5.733425704127526 2.620571068802676 0.14124176031719995 250000.0
5.733425704127526 2.620571068802676 0.14124176031719995 250000.0
5.733425704127526 2.620571068802676 0.14124176031719995 250000.0
5.733425704127526 2.620571068802676 0.14124176031719995 250000.0
5.733425704127526 2.620571068802676 0.14124176031719995 250000.0
5.733425704127526 2.620571068802676 0.14124176031719995 250000.0
5.733425704127526 2.620571068802676 0.14124176031719995 250000.0
5.733425704127526 2.620571068802676 0.14124176031719995 250000.0
5.733425704127526 2.620571068802676 0.14124176031719995 250000.0
5.733425704127526 2.620571068802676 0.14124176031719995 250000.0
5.733425704127526 2.620571068802676 0.14124176031719995 250000.0
5.733425704127526 2.620571068802676 0.14124176031719995 250000.0
5.733425704127526 2.620571068802676 0.14124176031719995 250000.0
5.733425704127526 2.620571068802676 0.14124176031719995 250000.0
5.733425704127526 2.620571068802676 0.14124176031719995 250000.0
5.733425704127526 2.620571068802676 0.14124176031719995 250000.0
5.733425704127526 2.620571068802676 0.14124176031719995 250000.0
5.733425704127526 2.620571068802676 0.14124176031719995 250000.0
5.733425704127526 2.620571068802676 0.14124176031719995 250000.0
5.733425704127526 2.620571068802676 0.14124176031719995 250000.0
5.813729689601414 2.6683270237097556 0.1768877795609047 0.0 3,0,0 coil/filament1/filament2
5.75325970404283 2.6904542848460755 0.26797615045758 250000.0
5.676941525652123 2.6374469722830356 0.23101995392752173 250000.0
5.676941525652123 2.6374469722830356 0.23101995392752173 250000.0
5.676941525652123 2.6374469722830356 0.23101995392752173 250000.0
5.676941525652123 2.6374469722830356 0.23101995392752173 250000.0
5.676941525652123 2.6374469722830356 0.23101995392752173 250000.0
5.676941525652123 2.6374469722830356 0.23101995392752173 250000.0
5.676941525652123 2.6374469722830356 0.23101995392752173 250000.0
5.676941525652123 2.6374469722830356 0.23101995392752173 250000.0
5.676941525652123 2.6374469722830356 0.23101995392752173 250000.0
5.676941525652123 2.6374469722830356 0.23101995392752173 250000.0
5.676941525652123 2.6374469722830356 0.23101995392752173 250000.0
5.676941525652123 2.6374469722830356 0.23101995392752173 250000.0
5.676941525652123 2.6374469722830356 0.23101995392752173 250000.0
5.676941525652123 2.6374469722830356 0.23101995392752173 250000.0
5.676941525652123 2.6374469722830356 0.23101995392752173 250000.0
5.676941525652123 2.6374469722830356 0.23101995392752173 250000.0
5.676941525652123 2.6374469722830356 0.23101995392752173 250000.0
5.676941525652123 2.6374469722830356 0.23101995392752173 250000.0
5.676941525652123 2.6374469722830356 0.23101995392752173 250000.0
5.676941525652123 2.6374469722830356 0.23101995392752173 250000.0
5.676941525652123 2.6374469722830356 0.23101995392752173 250000.0
5.676941525652123 2.6374469722830356 0.23101995392752173 250000.0
5.676941525652123 2.6374469722830356 0.23101995392752173 250000.0
5.676941525652123 2.6374469722830356 0.23101995392752173 250000.0
5.676941525652123 2.6374469722830356 0.23101995392752173 250000.0
5.676941525652123 2.6374469722830356 0.23101995392752173 250000.0
5.676941525652123 2.6374469722830356 0.23101995392752173 250000.0
5.676941525652123 2.6374469722830356 0.23101995392752173 250000.0
5.676941525652123 2.6374469722830356 0.23101995392752173 250000.0
5.676941525652123 2.6374469722830356 0.23101995392752173 250000.0
5.676941525652123 2.6374469722830356 0.23101995392752173 250000.0
5.676941525652123 2.6374469722830356 0.23101995392752173 250000.0
5.676941525652123 2.6374469722830356 0.23101995392752173 250000.0
5.676941525652123 2.6374469722830356 0.23101995392752173 250000.0
5.676941525652123 2.6374469722830356 0.23101995392752173 250000.0
5.676941525652123 2.6374469722830356 0.23101995392752173 250000.0
5.676941525652123 2.6374469722830356 0.23101995392752173 250000.0
5.676941525652123 2.6374469722830356 0.23101995392752173 250000.0
5.676941525652123 2.6374469722830356 0.23101995392752173 250000.0
5.676941525652123 2.6374469722830356 0.23101995392752173 250000.0
5.676941525652123 2.6374469722830356 0.23101995392752173 250000.0
5.676941525652123 2.6374469722830356 0.23101995392752173 250000.0
5.676941525652123 2.6374469722830356 0.23101995392752173 250000.0
5.676941525652123 2.6374469722830356 0.23101995392752173 250000.0
5.676941525652123 2.6374469722830356 0.23101995392752173 250000.0
5.676941525652123 2.6374469722830356 0.23101995392752173 250000.0
5.676941525652123 2.6374469722830356 0.23101995392752173 250000.0
5.676941525652123 2.6374469722830356 0.23101995392752173 250000.0
5.676941525652123 2.6374469722830356 0.23101995392752173 250000.0
5.676941525652123 2.6374469722830356 0.23101995392752173 250000.0
5.676941525652123 2.6374469722830356 0.23101995392752173 250000.0
5.676941525652123 2.6374469722830356 0.23101995392752173 250000.0
5.676941525652123 2.6374469722830356 0.23101995392752173 250000.0
5.676941525652123 2.6374469722830356 0.23101995392752173 250000.0
5.676941525652123 2.6374469722830356 0.23101995392752173 250000.0
5.676941525652123 2.6374469722830356 0.23101995392752173 250000.0
5.676941525652123 2.6374469722830356 0.23101995392752173 250000.0
5.676941525652123 2.6374469722830356 0.23101995392752173 250000.0
5.676941525652123 2.6374469722830356 0.23101995392752173 250000.0
5.676941525652123 2.6374469722830356 0.23101995392752173 250000.0
5.676941525652123 2.6374469722830356 0.23101995392752173 250000.0
5.676941525652123 2.6374469722830356 0.23101995392752173 250000.0
5.676941525652123 2.6374469722830356 0.23101995392752173 250000.0
5.75325970404283 2.6904542848460755 0.26797615045758 0.0 3,0,1 coil/filament1/filament2
5.850203583487445 2.5816354891133746 0.21086178277093262 250000.0
5.769899598013557 2.533879534206295 0.17521576352722787 250000.0
5.769899598013557 2.533879534206295 0.17521576352722787 250000.0
5.769899598013557 2.533879534206295 0.17521576352722787 250000.0
5.769899598013557 2.533879534206295 0.17521576352722787 250000.0
5.769899598013557 2.533879534206295 0.17521576352722787 250000.0
5.769899598013557 2.533879534206295 0.17521576352722787 250000.0
5.769899598013557 2.533879534206295 0.17521576352722787 250000.0
5.769899598013557 2.533879534206295 0.17521576352722787 250000.0
5.769899598013557 2.533879534206295 0.17521576352722787 250000.0
5.769899598013557 2.533879534206295 0.17521576352722787 250000.0
5.769899598013557 2.533879534206295 0.17521576352722787 250000.0
5.769899598013557 2.533879534206295 0.17521576352722787 250000.0
5.769899598013557 2.533879534206295 0.17521576352722787 250000.0
5.769899598013557 2.533879534206295 0.17521576352722787 250000.0
5.769899598013557 2.533879534206295 0.17521576352722787 250000.0
5.769899598013557 2.533879534206295 0.17521576352722787 250000.0
5.769899598013557 2.533879534206295 0.17521576352722787 250000.0
5.769899598013557 2.533879534206295 0.17521576352722787 250000.0
5.769899598013557 2.533879534206295 0.17521576352722787 250000.0
5.769899598013557 2.533879534206295 0.17521576352722787 250000.0
5.769899598013557 2.533879534206295 0.17521576352722787 250000.0
5.769899598013557 2.533879534206295 0.17521576352722787 250000.0
5.769899598013557 2.533879534206295 0.17521576352722787 250000.0
5.769899598013557 2.533879534206295 0.17521576352722787 250000.0
5.769899598013557 2.533879534206295 0.17521576352722787 250000.0
5.769899598013557 2.533879534206295 0.17521576352722787 250000.0
5.769899598013557 2.533879534206295 0.17521576352722787 250000.0
5.769899598013557 2.533879534206295 0.17521576352722787 250000.0
5.769899598013557 2.533879534206295 0.17521576352722787 250000.0
5.769899598013557 2.533879534206295 0.17521576352722787 250000.0
5.769899598013557 2.533879534206295 0.17521576352722787 250000.0
5.769899598013557 2.533879534206295 0.17521576352722787 250000.0
5.769899598013557 2.533879534206295 0.17521576352722787 250000.0
5.769899598013557 2.533879534206295 0.17521576352722787 250000.0
5.769899598013557 2.533879534206295 0.17521576352722787 250000.0
5.769899598013557 2.533879534206295 0.17521576352722787 250000.0
5.769899598013557 2.533879534206295 0.17521576352722787 250000.0
5.769899598013557 2.533879534206295 0.17521576352722787 250000.0
5.769899598013557 2.533879534206295 0.17521576352722787 250000.0
5.769899598013557 2.533879534206295 0.17521576352722787 250000.0
5.769899598013557 2.533879534206295 0.17521576352722787 250000.0
5.769899598013557 2.533879534206295 0.17521576352722787 250000.0
5.769899598013557 2.533879534206295 0.17521576352722787 250000.0
5.769899598013557 2.533879534206295 0.17521576352722787 250000.0
5.769899598013557 2.533879534206295 0.17521576352722787 250000.0
5.769899598013557 2.533879534206295 0.17521576352722787 250000.0
5.769899598013557 2.533879534206295 0.17521576352722787 250000.0
5.769899598013557 2.533879534206295 0.17521576352722787 250000.0
5.769899598013557 2.533879534206295 0.17521576352722787 250000.0
5.769899598013557 2.533879534206295 0.17521576352722787 250000.0
5.769899598013557 2.533879534206295 0.17521576352722787 250000.0
5.769899598013557 2.533879534206295 0.17521576352722787 250000.0
5.769899598013557 2.533879534206295 0.17521576352722787 250000.0
5.769899598013557 2.533879534206295 0.17521576352722787 250000.0
5.769899598013557 2.533879534206295 0.17521576352722787 250000.0
5.769899598013557 2.533879534206295 0.17521576352722787 250000.0
5.769899598013557 2.533879534206295 0.17521576352722787 250000.0
5.769899598013557 2.533879534206295 0.17521576352722787 250000.0
5.769899598013557 2.533879534206295 0.17521576352722787 250000.0
5.769899598013557 2.533879534206295 0.17521576352722787 250000.0
5.769899598013557 2.533879534206295 0.17521576352722787 250000.0
5.769899598013557 2.533879534206295 0.17521576352722787 250000.0
5.769899598013557 2.533879534206295 0.17521576352722787 250000.0
5.850203583487445 2.5816354891133746 0.21086178277093262 0.0 3,1,0 coil/filament1/filament2
5.787441413293121 2.608803012869608 0.31450227792756735 250000.0
5.711123234902414 2.555795700306568 0.2775460813975091 250000.0
5.711123234902414 2.555795700306568 0.2775460813975091 250000.0
5.711123234902414 2.555795700306568 0.2775460813975091 250000.0
5.711123234902414 2.555795700306568 0.2775460813975091 250000.0
5.711123234902414 2.555795700306568 0.2775460813975091 250000.0
5.711123234902414 2.555795700306568 0.2775460813975091 250000.0
5.711123234902414 2.555795700306568 0.2775460813975091 250000.0
5.711123234902414 2.555795700306568 0.2775460813975091 250000.0
5.711123234902414 2.555795700306568 0.2775460813975091 250000.0
5.711123234902414 2.555795700306568 0.2775460813975091 250000.0
5.711123234902414 2.555795700306568 0.2775460813975091 250000.0
5.711123234902414 2.555795700306568 0.2775460813975091 250000.0
5.711123234902414 2.555795700306568 0.2775460813975091 250000.0
5.711123234902414 2.555795700306568 0.2775460813975091 250000.0
5.711123234902414 2.555795700306568 0.2775460813975091 250000.0
5.711123234902414 2.555795700306568 0.2775460813975091 250000.0
5.711123234902414 2.555795700306568 0.2775460813975091 250000.0
5.711123234902414 2.555795700306568 0.2775460813975091 250000.0
5.711123234902414 2.555795700306568 0.2775460813975091 250000.0
5.711123234902414 2.555795700306568 0.2775460813975091 250000.0
5.711123234902414 2.555795700306568 0.2775460813975091 250000.0
5.711123234902414 2.555795700306568 0.2775460813975091 250000.0
5.711123234902414 2.555795700306568 0.2775460813975091 250000.0
5.711123234902414 2.555795700306568 0.2775460813975091 250000.0
5.711123234902414 2.555795700306568 0.2775460813975091 250000.0
5.711123234902414 2.555795700306568 0.2775460813975091 250000.0
5.711123234902414 2.555795700306568 0.2775460813975091 250000.0
5.711123234902414 2.555795700306568 0.2775460813975091 250000.0
5.711123234902414 2.555795700306568 0.2775460813975091 250000.0
5.711123234902414 2.555795700306568 0.2775460813975091 250000.0
5.711123234902414 2.555795700306568 0.2775460813975091 250000.0
5.711123234902414 2.555795700306568 0.2775460813975091 250000.0
5.711123234902414 2.555795700306568 0.2775460813975091 250000.0
5.711123234902414 2.555795700306568 0.2775460813975091 250000.0
5.711123234902414 2.555795700306568 0.2775460813975091 250000.0
5.711123234902414 2.555795700306568 0.2775460813975091 250000.0
5.711123234902414 2.555795700306568 0.2775460813975091 250000.0
5.711123234902414 2.555795700306568 0.2775460813975091 250000.0
5.711123234902414 2.555795700306568 0.2775460813975091 250000.0
5.711123234902414 2.555795700306568 0.2775460813975091 250000.0
5.711123234902414 2.555795700306568 0.2775460813975091 250000.0
5.711123234902414 2.555795700306568 0.2775460813975091 250000.0
5.711123234902414 2.555795700306568 0.2775460813975091 250000.0
5.711123234902414 2.555795700306568 0.2775460813975091 250000.0
5.711123234902414 2.555795700306568 0.2775460813975091 250000.0
5.711123234902414 2.555795700306568 0.2775460813975091 250000.0
5.711123234902414 2.555795700306568 0.2775460813975091 250000.0
5.711123234902414 2.555795700306568 0.2775460813975091 250000.0
5.711123234902414 2.555795700306568 0.2775460813975091 250000.0
5.711123234902414 2.555795700306568 0.2775460813975091 250000.0
5.711123234902414 2.555795700306568 0.2775460813975091 250000.0
5.711123234902414 2.555795700306568 0.2775460813975091 250000.0
5.711123234902414 2.555795700306568 0.2775460813975091 250000.0
5.711123234902414 2.555795700306568 0.2775460813975091 250000.0
5.711123234902414 2.555795700306568 0.2775460813975091 250000.0
5.711123234902414 2.555795700306568 0.2775460813975091 250000.0
5.711123234902414 2.555795700306568 0.2775460813975091 250000.0
5.711123234902414 2.555795700306568 0.2775460813975091 250000.0
5.711123234902414 2.555795700306568 0.2775460813975091 250000.0
5.711123234902414 2.555795700306568 0.2775460813975091 250000.0
5.711123234902414 2.555795700306568 0.2775460813975091 250000.0
5.711123234902414 2.555795700306568 0.2775460813975091 250000.0
5.711123234902414 2.555795700306568 0.2775460813975091 250000.0
5.787441413293121 2.608803012869608 0.31450227792756735 0.0 3,1,1 coil/filament1/filament2
5.431621418297152 3.342877996502313 0.0907087236642316 250000.0
5.34016141698912 3.3033099452996106 0.08237580792272982 250000.0
5.34016141698912 3.3033099452996106 0.08237580792272982 250000.0
5.34016141698912 3.3033099452996106 0.08237580792272982 250000.0
5.34016141698912 3.3033099452996106 0.08237580792272982 250000.0
5.34016141698912 3.3033099452996106 0.08237580792272982 250000.0
5.34016141698912 3.3033099452996106 0.08237580792272982 250000.0
5.34016141698912 3.3033099452996106 0.08237580792272982 250000.0
5.34016141698912 3.3033099452996106 0.08237580792272982 250000.0
5.34016141698912 3.3033099452996106 0.08237580792272982 250000.0
5.34016141698912 3.3033099452996106 0.08237580792272982 250000.0
5.34016141698912 3.3033099452996106 0.08237580792272982 250000.0
5.34016141698912 3.3033099452996106 0.08237580792272982 250000.0
5.34016141698912 3.3033099452996106 0.08237580792272982 250000.0
5.34016141698912 3.3033099452996106 0.08237580792272982 250000.0
5.34016141698912 3.3033099452996106 0.08237580792272982 250000.0
5.34016141698912 3.3033099452996106 0.08237580792272982 250000.0
5.34016141698912 3.3033099452996106 0.08237580792272982 250000.0
5.34016141698912 3.3033099452996106 0.08237580792272982 250000.0
5.34016141698912 3.3033099452996106 0.08237580792272982 250000.0
5.34016141698912 3.3033099452996106 0.08237580792272982 250000.0
5.34016141698912 3.3033099452996106 0.08237580792272982 250000.0
5.34016141698912 3.3033099452996106 0.08237580792272982 250000.0
5.34016141698912 3.3033099452996106 0.08237580792272982 250000.0
5.34016141698912 3.3033099452996106 0.08237580792272982 250000.0
5.34016141698912 3.3033099452996106 0.08237580792272982 250000.0
5.34016141698912 3.3033099452996106 0.08237580792272982 250000.0
5.34016141698912 3.3033099452996106 0.08237580792272982 250000.0
5.34016141698912 3.3033099452996106 0.08237580792272982 250000.0
5.34016141698912 3.3033099452996106 0.08237580792272982 250000.0
5.34016141698912 3.3033099452996106 0.08237580792272982 250000.0
5.34016141698912 3.3033099452996106 0.08237580792272982 250000.0
5.34016141698912 3.3033099452996106 0.08237580792272982 250000.0
5.34016141698912 3.3033099452996106 0.08237580792272982 250000.0
5.34016141698912 3.3033099452996106 0.08237580792272982 250000.0
5.34016141698912 3.3033099452996106 0.08237580792272982 250000.0
5.34016141698912 3.3033099452996106 0.08237580792272982 250000.0
5.34016141698912 3.3033099452996106 0.08237580792272982 250000.0
5.34016141698912 3.3033099452996106 0.08237580792272982 250000.0
5.34016141698912 3.3033099452996106 0.08237580792272982 250000.0
5.34016141698912 3.3033099452996106 0.08237580792272982 250000.0
5.34016141698912 3.3033099452996106 0.08237580792272982 250000.0
5.34016141698912 3.3033099452996106 0.08237580792272982 250000.0
5.34016141698912 3.3033099452996106 0.08237580792272982 250000.0
5.34016141698912 3.3033099452996106 0.08237580792272982 250000.0
5.34016141698912 3.3033099452996106 0.08237580792272982 250000.0
5.34016141698912 3.3033099452996106 0.08237580792272982 250000.0
5.34016141698912 3.3033099452996106 0.08237580792272982 250000.0
5.34016141698912 3.3033099452996106 0.08237580792272982 250000.0
5.34016141698912 3.3033099452996106 0.08237580792272982 250000.0
5.34016141698912 3.3033099452996106 0.08237580792272982 250000.0
5.34016141698912 3.3033099452996106 0.08237580792272982 250000.0
5.34016141698912 3.3033099452996106 0.08237580792272982 250000.0
5.34016141698912 3.3033099452996106 0.08237580792272982 250000.0
5.34016141698912 3.3033099452996106 0.08237580792272982 250000.0
5.34016141698912 3.3033099452996106 0.08237580792272982 250000.0
5.34016141698912 3.3033099452996106 0.08237580792272982 250000.0
5.34016141698912 3.3033099452996106 0.08237580792272982 250000.0
5.34016141698912 3.3033099452996106 0.08237580792272982 250000.0
5.34016141698912 3.3033099452996106 0.08237580792272982 250000.0
5.34016141698912 3.3033099452996106 0.08237580792272982 250000.0
5.34016141698912 3.3033099452996106 0.08237580792272982 250000.0
5.34016141698912 3.3033099452996106 0.08237580792272982 250000.0
5.34016141698912 3.3033099452996106 0.08237580792272982 250000.0
5.431621418297152 3.342877996502313 0.0907087236642316 0.0 4,0,0 coil/filament1/filament2
5.434842362014802 3.2807130116369407 0.18934225088470683 250000.0
5.34386311070487 3.2494680862126053 0.16201954116710982 250000.0
5.34386311070487 3.2494680862126053 0.16201954116710982 250000.0
5.34386311070487 3.2494680862126053 0.16201954116710982 250000.0
5.34386311070487 3.2494680862126053 0.16201954116710982 250000.0
5.34386311070487 3.2494680862126053 0.16201954116710982 250000.0
5.34386311070487 3.2494680862126053 0.16201954116710982 250000.0
5.34386311070487 3.2494680862126053 0.16201954116710982 250000.0
5.34386311070487 3.2494680862126053 0.16201954116710982 250000.0
5.34386311070487 3.2494680862126053 0.16201954116710982 250000.0
5.34386311070487 3.2494680862126053 0.16201954116710982 250000.0
5.34386311070487 3.2494680862126053 0.16201954116710982 250000.0
5.34386311070487 3.2494680862126053 0.16201954116710982 250000.0
5.34386311070487 3.2494680862126053 0.16201954116710982 250000.0
5.34386311070487 3.2494680862126053 0.16201954116710982 250000.0
5.34386311070487 3.2494680862126053 0.16201954116710982 250000.0
5.34386311070487 3.2494680862126053 0.16201954116710982 250000.0
5.34386311070487 3.2494680862126053 0.16201954116710982 250000.0
5.34386311070487 3.2494680862126053 0.16201954116710982 250000.0
5.34386311070487 3.2494680862126053 0.16201954116710982 250000.0
5.34386311070487 3.2494680862126053 0.16201954116710982 250000.0
5.34386311070487 3.2494680862126053 0.16201954116710982 250000.0
5.34386311070487 3.2494680862126053 0.16201954116710982 250000.0
5.34386311070487 3.2494680862126053 0.16201954116710982 250000.0
5.34386311070487 3.2494680862126053 0.16201954116710982 250000.0
5.34386311070487 3.2494680862126053 0.16201954116710982 250000.0
5.34386311070487 3.2494680862126053 0.16201954116710982 250000.0
5.34386311070487 3.2494680862126053 0.16201954116710982 250000.0
5.34386311070487 3.2494680862126053 0.16201954116710982 250000.0
5.34386311070487 3.2494680862126053 0.16201954116710982 250000.0
5.34386311070487 3.2494680862126053 0.16201954116710982 250000.0
5.34386311070487 3.2494680862126053 0.16201954116710982 250000.0
5.34386311070487 3.2494680862126053 0.16201954116710982 250000.0
5.34386311070487 3.2494680862126053 0.16201954116710982 250000.0
5.34386311070487 3.2494680862126053 0.16201954116710982 250000.0
5.34386311070487 3.2494680862126053 0.16201954116710982 250000.0
5.34386311070487 3.2494680862126053 0.16201954116710982 250000.0
5.34386311070487 3.2494680862126053 0.16201954116710982 250000.0
5.34386311070487 3.2494680862126053 0.16201954116710982 250000.0
5.34386311070487 3.2494680862126053 0.16201954116710982 250000.0
5.34386311070487 3.2494680862126053 0.16201954116710982 250000.0
5.34386311070487 3.2494680862126053 0.16201954116710982 250000.0
5.34386311070487 3.2494680862126053 0.16201954116710982 250000.0
5.34386311070487 3.2494680862126053 0.16201954116710982 250000.0
5.34386311070487 3.2494680862126053 0.16201954116710982 250000.0
5.34386311070487 3.2494680862126053 0.16201954116710982 250000.0
5.34386311070487 3.2494680862126053 0.16201954116710982 250000.0
5.34386311070487 3.2494680862126053 0.16201954116710982 250000.0
5.34386311070487 3.2494680862126053 0.16201954116710982 250000.0
5.34386311070487 3.2494680862126053 0.16201954116710982 250000.0
5.34386311070487 3.2494680862126053 0.16201954116710982 250000.0
5.34386311070487 3.2494680862126053 0.16201954116710982 250000.0
5.34386311070487 3.2494680862126053 0.16201954116710982 250000.0
5.34386311070487 3.2494680862126053 0.16201954116710982 250000.0
5.34386311070487 3.2494680862126053 0.16201954116710982 250000.0
5.34386311070487 3.2494680862126053 0.16201954116710982 250000.0
5.34386311070487 3.2494680862126053 0.16201954116710982 250000.0
5.34386311070487 3.2494680862126053 0.16201954116710982 250000.0
5.34386311070487 3.2494680862126053 0.16201954116710982 250000.0
5.34386311070487 3.2494680862126053 0.16201954116710982 250000.0
5.34386311070487 3.2494680862126053 0.16201954116710982 250000.0
5.34386311070487 3.2494680862126053 0.16201954116710982 250000.0
5.34386311070487 3.2494680862126053 0.16201954116710982 250000.0
5.34386311070487 3.2494680862126053 0.16201954116710982 250000.0
5.434842362014802 3.2807130116369407 0.18934225088470683 0.0 4,0,1 coil/filament1/filament2
5.468416642571088 3.2699849859437 0.0329790044345946 250000.0
5.376956641263056 3.2304169347409974 0.024646088693092816 250000.0
5.376956641263056 3.2304169347409974 0.024646088693092816 250000.0
5.376956641263056 3.2304169347409974 0.024646088693092816 250000.0
5.376956641263056 3.2304169347409974 0.024646088693092816 250000.0
5.376956641263056 3.2304169347409974 0.024646088693092816 250000.0
5.376956641263056 3.2304169347409974 0.024646088693092816 250000.0
5.376956641263056 3.2304169347409974 0.024646088693092816 250000.0
5.376956641263056 3.2304169347409974 0.024646088693092816 250000.0
5.376956641263056 3.2304169347409974 0.024646088693092816 250000.0
5.376956641263056 3.2304169347409974 0.024646088693092816 250000.0
5.376956641263056 3.2304169347409974 0.024646088693092816 250000.0
5.376956641263056 3.2304169347409974 0.024646088693092816 250000.0
5.376956641263056 3.2304169347409974 0.024646088693092816 250000.0
5.376956641263056 3.2304169347409974 0.024646088693092816 250000.0
5.376956641263056 3.2304169347409974 0.024646088693092816 250000.0
5.376956641263056 3.2304169347409974 0.024646088693092816 250000.0
5.376956641263056 3.2304169347409974 0.024646088693092816 250000.0
5.376956641263056 3.2304169347409974 0.024646088693092816 250000.0
5.376956641263056 3.2304169347409974 0.024646088693092816 250000.0
5.376956641263056 3.2304169347409974 0.024646088693092816 250000.0
5.376956641263056 3.2304169347409974 0.024646088693092816 250000.0
5.376956641263056 3.2304169347409974 0.024646088693092816 250000.0
5.376956641263056 3.2304169347409974 0.024646088693092816 250000.0
5.376956641263056 3.2304169347409974 0.024646088693092816 250000.0
5.376956641263056 3.2304169347409974 0.024646088693092816 250000.0
5.376956641263056 3.2304169347409974 0.024646088693092816 250000.0
5.376956641263056 3.2304169347409974 0.024646088693092816 250000.0
5.376956641263056 3.2304169347409974 0.024646088693092816 250000.0
5.376956641263056 3.2304169347409974 0.024646088693092816 250000.0
5.376956641263056 3.2304169347409974 0.024646088693092816 250000.0
5.376956641263056 3.2304169347409974 0.024646088693092816 250000.0
5.376956641263056 3.2304169347409974 0.024646088693092816 250000.0
5.376956641263056 3.2304169347409974 0.024646088693092816 250000.0
5.376956641263056 3.2304169347409974 0.024646088693092816 250000.0
5.376956641263056 3.2304169347409974 0.024646088693092816 250000.0
5.376956641263056 3.2304169347409974 0.024646088693092816 250000.0
5.376956641263056 3.2304169347409974 0.024646088693092816 250000.0
5.376956641263056 3.2304169347409974 0.024646088693092816 250000.0
5.376956641263056 3.2304169347409974 0.024646088693092816 250000.0
5.376956641263056 3.2304169347409974 0.024646088693092816 250000.0
5.376956641263056 3.2304169347409974 0.024646088693092816 250000.0
5.376956641263056 3.2304169347409974 0.024646088693092816 250000.0
5.376956641263056 3.2304169347409974 0.024646088693092816 250000.0
5.376956641263056 3.2304169347409974 0.024646088693092816 250000.0
5.376956641263056 3.2304169347409974 0.024646088693092816 250000.0
5.376956641263056 3.2304169347409974 0.024646088693092816 250000.0
5.376956641263056 3.2304169347409974 0.024646088693092816 250000.0
5.376956641263056 3.2304169347409974 0.024646088693092816 250000.0
5.376956641263056 3.2304169347409974 0.024646088693092816 250000.0
5.376956641263056 3.2304169347409974 0.024646088693092816 250000.0
5.376956641263056 3.2304169347409974 0.024646088693092816 250000.0
5.376956641263056 3.2304169347409974 0.024646088693092816 250000.0
5.376956641263056 3.2304169347409974 0.024646088693092816 250000.0
5.376956641263056 3.2304169347409974 0.024646088693092816 250000.0
5.376956641263056 3.2304169347409974 0.024646088693092816 250000.0
5.376956641263056 3.2304169347409974 0.024646088693092816 250000.0
5.376956641263056 3.2304169347409974 0.024646088693092816 250000.0
5.376956641263056 3.2304169347409974 0.024646088693092816 250000.0
5.376956641263056 3.2304169347409974 0.024646088693092816 250000.0
5.376956641263056 3.2304169347409974 0.024646088693092816 250000.0
5.376956641263056 3.2304169347409974 0.024646088693092816 250000.0
5.376956641263056 3.2304169347409974 0.024646088693092816 250000.0
5.376956641263056 3.2304169347409974 0.024646088693092816 250000.0
5.468416642571088 3.2699849859437 0.0329790044345946 0.0 4,1,0 coil/filament1/filament2
5.475447318336487 3.200069162610826 0.14635612362989026 250000.0
5.384468067026555 3.1688242371864908 0.11903341391229325 250000.0
5.384468067026555 3.1688242371864908 0.11903341391229325 250000.0
5.384468067026555 3.1688242371864908 0.11903341391229325 250000.0
5.384468067026555 3.1688242371864908 0.11903341391229325 250000.0
5.384468067026555 3.1688242371864908 0.11903341391229325 250000.0
5.384468067026555 3.1688242371864908 0.11903341391229325 250000.0
5.384468067026555 3.1688242371864908 0.11903341391229325 250000.0
5.384468067026555 3.1688242371864908 0.11903341391229325 250000.0
5.384468067026555 3.1688242371864908 0.11903341391229325 250000.0
5.384468067026555 3.1688242371864908 0.11903341391229325 250000.0
5.384468067026555 3.1688242371864908 0.11903341391229325 250000.0
5.384468067026555 3.1688242371864908 0.11903341391229325 250000.0
5.384468067026555 3.1688242371864908 0.11903341391229325 250000.0
5.384468067026555 3.1688242371864908 0.11903341391229325 250000.0
5.384468067026555 3.1688242371864908 0.11903341391229325 250000.0
5.384468067026555 3.1688242371864908 0.11903341391229325 250000.0
5.384468067026555 3.1688242371864908 0.11903341391229325 250000.0
5.384468067026555 3.1688242371864908 0.11903341391229325 250000.0
5.384468067026555 3.1688242371864908 0.11903341391229325 250000.0
5.384468067026555 3.1688242371864908 0.11903341391229325 250000.0
5.384468067026555 3.1688242371864908 0.11903341391229325 250000.0
5.384468067026555 3.1688242371864908 0.11903341391229325 250000.0
5.384468067026555 3.1688242371864908 0.11903341391229325 250000.0
5.384468067026555 3.1688242371864908 0.11903341391229325 250000.0
5.384468067026555 3.1688242371864908 0.11903341391229325 250000.0
5.384468067026555 3.1688242371864908 0.11903341391229325 250000.0
5.384468067026555 3.1688242371864908 0.11903341391229325 250000.0
5.384468067026555 3.1688242371864908 0.11903341391229325 250000.0
5.384468067026555 3.1688242371864908 0.11903341391229325 250000.0
5.384468067026555 3.1688242371864908 0.11903341391229325 250000.0
5.384468067026555 3.1688242371864908 0.11903341391229325 250000.0
5.384468067026555 3.1688242371864908 0.11903341391229325 250000.0
5.384468067026555 3.1688242371864908 0.11903341391229325 250000.0
5.384468067026555 3.1688242371864908 0.11903341391229325 250000.0
5.384468067026555 3.1688242371864908 0.11903341391229325 250000.0
5.384468067026555 3.1688242371864908 0.11903341391229325 250000.0
5.384468067026555 3.1688242371864908 0.11903341391229325 250000.0
5.384468067026555 3.1688242371864908 0.11903341391229325 250000.0
5.384468067026555 3.1688242371864908 0.11903341391229325 250000.0
5.384468067026555 3.1688242371864908 0.11903341391229325 250000.0
5.384468067026555 3.1688242371864908 0.11903341391229325 250000.0
5.384468067026555 3.1688242371864908 0.11903341391229325 250000.0
5.384468067026555 3.1688242371864908 0.11903341391229325 250000.0
5.384468067026555 3.1688242371864908 0.11903341391229325 250000.0
5.384468067026555 3.1688242371864908 0.11903341391229325 250000.0
5.384468067026555 3.1688242371864908 0.11903341391229325 250000.0
5.384468067026555 3.1688242371864908 0.11903341391229325 250000.0
5.384468067026555 3.1688242371864908 0.11903341391229325 250000.0
5.384468067026555 3.1688242371864908 0.11903341391229325 250000.0
5.384468067026555 3.1688242371864908 0.11903341391229325 250000.0
5.384468067026555 3.1688242371864908 0.11903341391229325 250000.0
5.384468067026555 3.1688242371864908 0.11903341391229325 250000.0
5.384468067026555 3.1688242371864908 0.11903341391229325 250000.0
5.384468067026555 3.1688242371864908 0.11903341391229325 250000.0
5.384468067026555 3.1688242371864908 0.11903341391229325 250000.0
5.384468067026555 3.1688242371864908 0.11903341391229325 250000.0
5.384468067026555 3.1688242371864908 0.11903341391229325 250000.0
5.384468067026555 3.1688242371864908 0.11903341391229325 250000.0
5.384468067026555 3.1688242371864908 0.11903341391229325 250000.0
5.384468067026555 3.1688242371864908 0.11903341391229325 250000.0
5.384468067026555 3.1688242371864908 0.11903341391229325 250000.0
5.384468067026555 3.1688242371864908 0.11903341391229325 250000.0
5.384468067026555 3.1688242371864908 0.11903341391229325 250000.0
5.475447318336487 3.200069162610826 0.14635612362989026 0.0 4,1,1 coil/filament1/filament2
