periods 0
begin filament
FOCUSADD Coils
6.939783741780154 0.4707388770386971 0.08224619028630654 250000.0
6.890525943829435 0.46378588443265023 0.08727860867773486 250000.0
6.890525943829435 0.46378588443265023 0.08727860867773486 250000.0
6.890525943829435 0.46378588443265023 0.08727860867773486 250000.0
6.890525943829435 0.46378588443265023 0.08727860867773486 250000.0
6.890525943829435 0.46378588443265023 0.08727860867773486 250000.0
6.890525943829435 0.46378588443265023 0.08727860867773486 250000.0
6.890525943829435 0.46378588443265023 0.08727860867773486 250000.0
6.890525943829435 0.46378588443265023 0.08727860867773486 250000.0
6.890525943829435 0.46378588443265023 0.08727860867773486 250000.0
6.890525943829435 0.46378588443265023 0.08727860867773486 250000.0
6.890525943829435 0.46378588443265023 0.08727860867773486 250000.0
6.890525943829435 0.46378588443265023 0.08727860867773486 250000.0
6.890525943829435 0.46378588443265023 0.08727860867773486 250000.0
6.890525943829435 0.46378588443265023 0.08727860867773486 250000.0
6.890525943829435 0.46378588443265023 0.08727860867773486 250000.0
6.890525943829435 0.46378588443265023 0.08727860867773486 250000.0
6.890525943829435 0.46378588443265023 0.08727860867773486 250000.0
6.890525943829435 0.46378588443265023 0.08727860867773486 250000.0
6.890525943829435 0.46378588443265023 0.08727860867773486 250000.0
6.890525943829435 0.46378588443265023 0.08727860867773486 250000.0
6.890525943829435 0.46378588443265023 0.08727860867773486 250000.0
6.890525943829435 0.46378588443265023 0.08727860867773486 250000.0
6.890525943829435 0.46378588443265023 0.08727860867773486 250000.0
6.890525943829435 0.46378588443265023 0.08727860867773486 250000.0
6.890525943829435 0.46378588443265023 0.08727860867773486 250000.0
6.890525943829435 0.46378588443265023 0.08727860867773486 250000.0
6.890525943829435 0.46378588443265023 0.08727860867773486 250000.0
6.890525943829435 0.46378588443265023 0.08727860867773486 250000.0
6.890525943829435 0.46378588443265023 0.08727860867773486 250000.0
6.890525943829435 0.46378588443265023 0.08727860867773486 250000.0
6.890525943829435 0.46378588443265023 0.08727860867773486 250000.0
6.890525943829435 0.46378588443265023 0.08727860867773486 250000.0
6.890525943829435 0.46378588443265023 0.08727860867773486 250000.0
6.890525943829435 0.46378588443265023 0.08727860867773486 250000.0
6.890525943829435 0.46378588443265023 0.08727860867773486 250000.0
6.890525943829435 0.46378588443265023 0.08727860867773486 250000.0
6.890525943829435 0.46378588443265023 0.08727860867773486 250000.0
6.890525943829435 0.46378588443265023 0.08727860867773486 250000.0
6.890525943829435 0.46378588443265023 0.08727860867773486 250000.0
6.890525943829435 0.46378588443265023 0.08727860867773486 250000.0
6.890525943829435 0.46378588443265023 0.08727860867773486 250000.0
6.890525943829435 0.46378588443265023 0.08727860867773486 250000.0
6.890525943829435 0.46378588443265023 0.08727860867773486 250000.0
6.890525943829435 0.46378588443265023 0.08727860867773486 250000.0
6.890525943829435 0.46378588443265023 0.08727860867773486 250000.0
6.890525943829435 0.46378588443265023 0.08727860867773486 250000.0
6.890525943829435 0.46378588443265023 0.08727860867773486 250000.0
6.890525943829435 0.46378588443265023 0.08727860867773486 250000.0
6.890525943829435 0.46378588443265023 0.08727860867773486 250000.0
6.890525943829435 0.46378588443265023 0.08727860867773486 250000.0
6.890525943829435 0.46378588443265023 0.08727860867773486 250000.0
6.890525943829435 0.46378588443265023 0.08727860867773486 250000.0
6.890525943829435 0.46378588443265023 0.08727860867773486 250000.0
6.890525943829435 0.46378588443265023 0.08727860867773486 250000.0
6.890525943829435 0.46378588443265023 0.08727860867773486 250000.0
6.890525943829435 0.46378588443265023 0.08727860867773486 250000.0
6.890525943829435 0.46378588443265023 0.08727860867773486 250000.0
6.890525943829435 0.46378588443265023 0.08727860867773486 250000.0
6.890525943829435 0.46378588443265023 0.08727860867773486 250000.0
6.890525943829435 0.46378588443265023 0.08727860867773486 250000.0
6.890525943829435 0.46378588443265023 0.08727860867773486 250000.0
6.890525943829435 0.46378588443265023 0.08727860867773486 250000.0
6.890525943829435 0.46378588443265023 0.08727860867773486 250000.0
6.939783741780154 0.4707388770386971 0.08224619028630654 0.0 0,0,0 coil/filament1/filament2
6.944400309357042 0.4521444330008514 0.19509111111181598 250000.0
6.8948285014282575 0.4465044969524681 0.19180067344459778 250000.0
6.8948285014282575 0.4465044969524681 0.19180067344459778 250000.0
6.8948285014282575 0.4465044969524681 0.19180067344459778 250000.0
6.8948285014282575 0.4465044969524681 0.19180067344459778 250000.0
6.8948285014282575 0.4465044969524681 0.19180067344459778 250000.0
6.8948285014282575 0.4465044969524681 0.19180067344459778 250000.0
6.8948285014282575 0.4465044969524681 0.19180067344459778 250000.0
6.8948285014282575 0.4465044969524681 0.19180067344459778 250000.0
6.8948285014282575 0.4465044969524681 0.19180067344459778 250000.0
6.8948285014282575 0.4465044969524681 0.19180067344459778 250000.0
6.8948285014282575 0.4465044969524681 0.19180067344459778 250000.0
6.8948285014282575 0.4465044969524681 0.19180067344459778 250000.0
6.8948285014282575 0.4465044969524681 0.19180067344459778 250000.0
6.8948285014282575 0.4465044969524681 0.19180067344459778 250000.0
6.8948285014282575 0.4465044969524681 0.19180067344459778 250000.0
6.8948285014282575 0.4465044969524681 0.19180067344459778 250000.0
6.8948285014282575 0.4465044969524681 0.19180067344459778 250000.0
6.8948285014282575 0.4465044969524681 0.19180067344459778 250000.0
6.8948285014282575 0.4465044969524681 0.19180067344459778 250000.0
6.8948285014282575 0.4465044969524681 0.19180067344459778 250000.0
6.8948285014282575 0.4465044969524681 0.19180067344459778 250000.0
6.8948285014282575 0.4465044969524681 0.19180067344459778 250000.0
6.8948285014282575 0.4465044969524681 0.19180067344459778 250000.0
6.8948285014282575 0.4465044969524681 0.19180067344459778 250000.0
6.8948285014282575 0.4465044969524681 0.19180067344459778 250000.0
6.8948285014282575 0.4465044969524681 0.19180067344459778 250000.0
6.8948285014282575 0.4465044969524681 0.19180067344459778 250000.0
6.8948285014282575 0.4465044969524681 0.19180067344459778 250000.0
6.8948285014282575 0.4465044969524681 0.19180067344459778 250000.0
6.8948285014282575 0.4465044969524681 0.19180067344459778 250000.0
6.8948285014282575 0.4465044969524681 0.19180067344459778 250000.0
6.8948285014282575 0.4465044969524681 0.19180067344459778 250000.0
6.8948285014282575 0.4465044969524681 0.19180067344459778 250000.0
6.8948285014282575 0.4465044969524681 0.19180067344459778 250000.0
6.8948285014282575 0.4465044969524681 0.19180067344459778 250000.0
6.8948285014282575 0.4465044969524681 0.19180067344459778 250000.0
6.8948285014282575 0.4465044969524681 0.19180067344459778 250000.0
6.8948285014282575 0.4465044969524681 0.19180067344459778 250000.0
6.8948285014282575 0.4465044969524681 0.19180067344459778 250000.0
6.8948285014282575 0.4465044969524681 0.19180067344459778 250000.0
6.8948285014282575 0.4465044969524681 0.19180067344459778 250000.0
6.8948285014282575 0.4465044969524681 0.19180067344459778 250000.0
6.8948285014282575 0.4465044969524681 0.19180067344459778 250000.0
6.8948285014282575 0.4465044969524681 0.19180067344459778 250000.0
6.8948285014282575 0.4465044969524681 0.19180067344459778 250000.0
6.8948285014282575 0.4465044969524681 0.19180067344459778 250000.0
6.8948285014282575 0.4465044969524681 0.19180067344459778 250000.0
6.8948285014282575 0.4465044969524681 0.19180067344459778 250000.0
6.8948285014282575 0.4465044969524681 0.19180067344459778 250000.0
6.8948285014282575 0.4465044969524681 0.19180067344459778 250000.0
6.8948285014282575 0.4465044969524681 0.19180067344459778 250000.0
6.8948285014282575 0.4465044969524681 0.19180067344459778 250000.0
6.8948285014282575 0.4465044969524681 0.19180067344459778 250000.0
6.8948285014282575 0.4465044969524681 0.19180067344459778 250000.0
6.8948285014282575 0.4465044969524681 0.19180067344459778 250000.0
6.8948285014282575 0.4465044969524681 0.19180067344459778 250000.0
6.8948285014282575 0.4465044969524681 0.19180067344459778 250000.0
6.8948285014282575 0.4465044969524681 0.19180067344459778 250000.0
6.8948285014282575 0.4465044969524681 0.19180067344459778 250000.0
6.8948285014282575 0.4465044969524681 0.19180067344459778 250000.0
6.8948285014282575 0.4465044969524681 0.19180067344459778 250000.0
6.8948285014282575 0.4465044969524681 0.19180067344459778 250000.0
6.8948285014282575 0.4465044969524681 0.19180067344459778 250000.0
6.944400309357042 0.4521444330008514 0.19509111111181598 0.0 0,0,1 coil/filament1/filament2
6.945925520098885 0.42170728834404503 0.07461848623056093 250000.0
6.896667722148166 0.41475429573799816 0.07965090462198925 250000.0
6.896667722148166 0.41475429573799816 0.07965090462198925 250000.0
6.896667722148166 0.41475429573799816 0.07965090462198925 250000.0
6.896667722148166 0.41475429573799816 0.07965090462198925 250000.0
6.896667722148166 0.41475429573799816 0.07965090462198925 250000.0
6.896667722148166 0.41475429573799816 0.07965090462198925 250000.0
6.896667722148166 0.41475429573799816 0.07965090462198925 250000.0
6.896667722148166 0.41475429573799816 0.07965090462198925 250000.0
6.896667722148166 0.41475429573799816 0.07965090462198925 250000.0
6.896667722148166 0.41475429573799816 0.07965090462198925 250000.0
6.896667722148166 0.41475429573799816 0.07965090462198925 250000.0
6.896667722148166 0.41475429573799816 0.07965090462198925 250000.0
6.896667722148166 0.41475429573799816 0.07965090462198925 250000.0
6.896667722148166 0.41475429573799816 0.07965090462198925 250000.0
6.896667722148166 0.41475429573799816 0.07965090462198925 250000.0
6.896667722148166 0.41475429573799816 0.07965090462198925 250000.0
6.896667722148166 0.41475429573799816 0.07965090462198925 250000.0
6.896667722148166 0.41475429573799816 0.07965090462198925 250000.0
6.896667722148166 0.41475429573799816 0.07965090462198925 250000.0
6.896667722148166 0.41475429573799816 0.07965090462198925 250000.0
6.896667722148166 0.41475429573799816 0.07965090462198925 250000.0
6.896667722148166 0.41475429573799816 0.07965090462198925 250000.0
6.896667722148166 0.41475429573799816 0.07965090462198925 250000.0
6.896667722148166 0.41475429573799816 0.07965090462198925 250000.0
6.896667722148166 0.41475429573799816 0.07965090462198925 250000.0
6.896667722148166 0.41475429573799816 0.07965090462198925 250000.0
6.896667722148166 0.41475429573799816 0.07965090462198925 250000.0
6.896667722148166 0.41475429573799816 0.07965090462198925 250000.0
6.896667722148166 0.41475429573799816 0.07965090462198925 250000.0
6.896667722148166 0.41475429573799816 0.07965090462198925 250000.0
6.896667722148166 0.41475429573799816 0.07965090462198925 250000.0
6.896667722148166 0.41475429573799816 0.07965090462198925 250000.0
6.896667722148166 0.41475429573799816 0.07965090462198925 250000.0
6.896667722148166 0.41475429573799816 0.07965090462198925 250000.0
6.896667722148166 0.41475429573799816 0.07965090462198925 250000.0
6.896667722148166 0.41475429573799816 0.07965090462198925 250000.0
6.896667722148166 0.41475429573799816 0.07965090462198925 250000.0
6.896667722148166 0.41475429573799816 0.07965090462198925 250000.0
6.896667722148166 0.41475429573799816 0.07965090462198925 250000.0
6.896667722148166 0.41475429573799816 0.07965090462198925 250000.0
6.896667722148166 0.41475429573799816 0.07965090462198925 250000.0
6.896667722148166 0.41475429573799816 0.07965090462198925 250000.0
6.896667722148166 0.41475429573799816 0.07965090462198925 250000.0
6.896667722148166 0.41475429573799816 0.07965090462198925 250000.0
6.896667722148166 0.41475429573799816 0.07965090462198925 250000.0
6.896667722148166 0.41475429573799816 0.07965090462198925 250000.0
6.896667722148166 0.41475429573799816 0.07965090462198925 250000.0
6.896667722148166 0.41475429573799816 0.07965090462198925 250000.0
6.896667722148166 0.41475429573799816 0.07965090462198925 250000.0
6.896667722148166 0.41475429573799816 0.07965090462198925 250000.0
6.896667722148166 0.41475429573799816 0.07965090462198925 250000.0
6.896667722148166 0.41475429573799816 0.07965090462198925 250000.0
6.896667722148166 0.41475429573799816 0.07965090462198925 250000.0
6.896667722148166 0.41475429573799816 0.07965090462198925 250000.0
6.896667722148166 0.41475429573799816 0.07965090462198925 250000.0
6.896667722148166 0.41475429573799816 0.07965090462198925 250000.0
6.896667722148166 0.41475429573799816 0.07965090462198925 250000.0
6.896667722148166 0.41475429573799816 0.07965090462198925 250000.0
6.896667722148166 0.41475429573799816 0.07965090462198925 250000.0
6.896667722148166 0.41475429573799816 0.07965090462198925 250000.0
6.896667722148166 0.41475429573799816 0.07965090462198925 250000.0
6.896667722148166 0.41475429573799816 0.07965090462198925 250000.0
6.896667722148166 0.41475429573799816 0.07965090462198925 250000.0
6.945925520098885 0.42170728834404503 0.07461848623056093 0.0 0,1,0 coil/filament1/filament2
6.950538481562521 0.40330101581946576 0.1863364871895099 250000.0
6.900966673633737 0.39766107977108245 0.1830460495222917 250000.0
6.900966673633737 0.39766107977108245 0.1830460495222917 250000.0
6.900966673633737 0.39766107977108245 0.1830460495222917 250000.0
6.900966673633737 0.39766107977108245 0.1830460495222917 250000.0
6.900966673633737 0.39766107977108245 0.1830460495222917 250000.0
6.900966673633737 0.39766107977108245 0.1830460495222917 250000.0
6.900966673633737 0.39766107977108245 0.1830460495222917 250000.0
6.900966673633737 0.39766107977108245 0.1830460495222917 250000.0
6.900966673633737 0.39766107977108245 0.1830460495222917 250000.0
6.900966673633737 0.39766107977108245 0.1830460495222917 250000.0
6.900966673633737 0.39766107977108245 0.1830460495222917 250000.0
6.900966673633737 0.39766107977108245 0.1830460495222917 250000.0
6.900966673633737 0.39766107977108245 0.1830460495222917 250000.0
6.900966673633737 0.39766107977108245 0.1830460495222917 250000.0
6.900966673633737 0.39766107977108245 0.1830460495222917 250000.0
6.900966673633737 0.39766107977108245 0.1830460495222917 250000.0
6.900966673633737 0.39766107977108245 0.1830460495222917 250000.0
6.900966673633737 0.39766107977108245 0.1830460495222917 250000.0
6.900966673633737 0.39766107977108245 0.1830460495222917 250000.0
6.900966673633737 0.39766107977108245 0.1830460495222917 250000.0
6.900966673633737 0.39766107977108245 0.1830460495222917 250000.0
6.900966673633737 0.39766107977108245 0.1830460495222917 250000.0
6.900966673633737 0.39766107977108245 0.1830460495222917 250000.0
6.900966673633737 0.39766107977108245 0.1830460495222917 250000.0
6.900966673633737 0.39766107977108245 0.1830460495222917 250000.0
6.900966673633737 0.39766107977108245 0.1830460495222917 250000.0
6.900966673633737 0.39766107977108245 0.1830460495222917 250000.0
6.900966673633737 0.39766107977108245 0.1830460495222917 250000.0
6.900966673633737 0.39766107977108245 0.1830460495222917 250000.0
6.900966673633737 0.39766107977108245 0.1830460495222917 250000.0
6.900966673633737 0.39766107977108245 0.1830460495222917 250000.0
6.900966673633737 0.39766107977108245 0.1830460495222917 250000.0
6.900966673633737 0.39766107977108245 0.1830460495222917 250000.0
6.900966673633737 0.39766107977108245 0.1830460495222917 250000.0
6.900966673633737 0.39766107977108245 0.1830460495222917 250000.0
6.900966673633737 0.39766107977108245 0.1830460495222917 250000.0
6.900966673633737 0.39766107977108245 0.1830460495222917 250000.0
6.900966673633737 0.39766107977108245 0.1830460495222917 250000.0
6.900966673633737 0.39766107977108245 0.1830460495222917 250000.0
6.900966673633737 0.39766107977108245 0.1830460495222917 250000.0
6.900966673633737 0.39766107977108245 0.1830460495222917 250000.0
6.900966673633737 0.39766107977108245 0.1830460495222917 250000.0
6.900966673633737 0.39766107977108245 0.1830460495222917 250000.0
6.900966673633737 0.39766107977108245 0.1830460495222917 250000.0
6.900966673633737 0.39766107977108245 0.1830460495222917 250000.0
6.900966673633737 0.39766107977108245 0.1830460495222917 250000.0
6.900966673633737 0.39766107977108245 0.1830460495222917 250000.0
6.900966673633737 0.39766107977108245 0.1830460495222917 250000.0
6.900966673633737 0.39766107977108245 0.1830460495222917 250000.0
6.900966673633737 0.39766107977108245 0.1830460495222917 250000.0
6.900966673633737 0.39766107977108245 0.1830460495222917 250000.0
6.900966673633737 0.39766107977108245 0.1830460495222917 250000.0
6.900966673633737 0.39766107977108245 0.1830460495222917 250000.0
6.900966673633737 0.39766107977108245 0.1830460495222917 250000.0
6.900966673633737 0.39766107977108245 0.1830460495222917 250000.0
6.900966673633737 0.39766107977108245 0.1830460495222917 250000.0
6.900966673633737 0.39766107977108245 0.1830460495222917 250000.0
6.900966673633737 0.39766107977108245 0.1830460495222917 250000.0
6.900966673633737 0.39766107977108245 0.1830460495222917 250000.0
6.900966673633737 0.39766107977108245 0.1830460495222917 250000.0
6.900966673633737 0.39766107977108245 0.1830460495222917 250000.0
6.900966673633737 0.39766107977108245 0.1830460495222917 250000.0
6.900966673633737 0.39766107977108245 0.1830460495222917 250000.0
6.950538481562521 0.40330101581946576 0.1863364871895099 0.0 0,1,1 coil/filament1/filament2
6.637717017306491 1.3931458077898171 0.15241853834705232 250000.0
6.59134169668502 1.375735049388725 0.1456218384747182 250000.0
6.59134169668502 1.375735049388725 0.1456218384747182 250000.0
6.59134169668502 1.375735049388725 0.1456218384747182 250000.0
6.59134169668502 1.375735049388725 0.1456218384747182 250000.0
6.59134169668502 1.375735049388725 0.1456218384747182 250000.0
6.59134169668502 1.375735049388725 0.1456218384747182 250000.0
6.59134169668502 1.375735049388725 0.1456218384747182 250000.0
6.59134169668502 1.375735049388725 0.1456218384747182 250000.0
6.59134169668502 1.375735049388725 0.1456218384747182 250000.0
6.59134169668502 1.375735049388725 0.1456218384747182 250000.0
6.59134169668502 1.375735049388725 0.1456218384747182 250000.0
6.59134169668502 1.375735049388725 0.1456218384747182 250000.0
6.59134169668502 1.375735049388725 0.1456218384747182 250000.0
6.59134169668502 1.375735049388725 0.1456218384747182 250000.0
6.59134169668502 1.375735049388725 0.1456218384747182 250000.0
6.59134169668502 1.375735049388725 0.1456218384747182 250000.0
6.59134169668502 1.375735049388725 0.1456218384747182 250000.0
6.59134169668502 1.375735049388725 0.1456218384747182 250000.0
6.59134169668502 1.375735049388725 0.1456218384747182 250000.0
6.59134169668502 1.375735049388725 0.1456218384747182 250000.0
6.59134169668502 1.375735049388725 0.1456218384747182 250000.0
6.59134169668502 1.375735049388725 0.1456218384747182 250000.0
6.59134169668502 1.375735049388725 0.1456218384747182 250000.0
6.59134169668502 1.375735049388725 0.1456218384747182 250000.0
6.59134169668502 1.375735049388725 0.1456218384747182 250000.0
6.59134169668502 1.375735049388725 0.1456218384747182 250000.0
6.59134169668502 1.375735049388725 0.1456218384747182 250000.0
6.59134169668502 1.375735049388725 0.1456218384747182 250000.0
6.59134169668502 1.375735049388725 0.1456218384747182 250000.0
6.59134169668502 1.375735049388725 0.1456218384747182 250000.0
6.59134169668502 1.375735049388725 0.1456218384747182 250000.0
6.59134169668502 1.375735049388725 0.1456218384747182 250000.0
6.59134169668502 1.375735049388725 0.1456218384747182 250000.0
6.59134169668502 1.375735049388725 0.1456218384747182 250000.0
6.59134169668502 1.375735049388725 0.1456218384747182 250000.0
6.59134169668502 1.375735049388725 0.1456218384747182 250000.0
6.59134169668502 1.375735049388725 0.1456218384747182 250000.0
6.59134169668502 1.375735049388725 0.1456218384747182 250000.0
6.59134169668502 1.375735049388725 0.1456218384747182 250000.0
6.59134169668502 1.375735049388725 0.1456218384747182 250000.0
6.59134169668502 1.375735049388725 0.1456218384747182 250000.0
6.59134169668502 1.375735049388725 0.1456218384747182 250000.0
6.59134169668502 1.375735049388725 0.1456218384747182 250000.0
6.59134169668502 1.375735049388725 0.1456218384747182 250000.0
6.59134169668502 1.375735049388725 0.1456218384747182 250000.0
6.59134169668502 1.375735049388725 0.1456218384747182 250000.0
6.59134169668502 1.375735049388725 0.1456218384747182 250000.0
6.59134169668502 1.375735049388725 0.1456218384747182 250000.0
6.59134169668502 1.375735049388725 0.1456218384747182 250000.0
6.59134169668502 1.375735049388725 0.1456218384747182 250000.0
6.59134169668502 1.375735049388725 0.1456218384747182 250000.0
6.59134169668502 1.375735049388725 0.1456218384747182 250000.0
6.59134169668502 1.375735049388725 0.1456218384747182 250000.0
6.59134169668502 1.375735049388725 0.1456218384747182 250000.0
6.59134169668502 1.375735049388725 0.1456218384747182 250000.0
6.59134169668502 1.375735049388725 0.1456218384747182 250000.0
6.59134169668502 1.375735049388725 0.1456218384747182 250000.0
6.59134169668502 1.375735049388725 0.1456218384747182 250000.0
6.59134169668502 1.375735049388725 0.1456218384747182 250000.0
6.59134169668502 1.375735049388725 0.1456218384747182 250000.0
6.59134169668502 1.375735049388725 0.1456218384747182 250000.0
6.59134169668502 1.375735049388725 0.1456218384747182 250000.0
6.59134169668502 1.375735049388725 0.1456218384747182 250000.0
6.637717017306491 1.3931458077898171 0.15241853834705232 0.0 1,0,0 coil/filament1/filament2
6.6352206964014275 1.365062400053797 0.2667249194219911 250000.0
6.588852271791568 1.3468701384220723 0.2623647799835444 250000.0
6.588852271791568 1.3468701384220723 0.2623647799835444 250000.0
6.588852271791568 1.3468701384220723 0.2623647799835444 250000.0
6.588852271791568 1.3468701384220723 0.2623647799835444 250000.0
6.588852271791568 1.3468701384220723 0.2623647799835444 250000.0
6.588852271791568 1.3468701384220723 0.2623647799835444 250000.0
6.588852271791568 1.3468701384220723 0.2623647799835444 250000.0
6.588852271791568 1.3468701384220723 0.2623647799835444 250000.0
6.588852271791568 1.3468701384220723 0.2623647799835444 250000.0
6.588852271791568 1.3468701384220723 0.2623647799835444 250000.0
6.588852271791568 1.3468701384220723 0.2623647799835444 250000.0
6.588852271791568 1.3468701384220723 0.2623647799835444 250000.0
6.588852271791568 1.3468701384220723 0.2623647799835444 250000.0
6.588852271791568 1.3468701384220723 0.2623647799835444 250000.0
6.588852271791568 1.3468701384220723 0.2623647799835444 250000.0
6.588852271791568 1.3468701384220723 0.2623647799835444 250000.0
6.588852271791568 1.3468701384220723 0.2623647799835444 250000.0
6.588852271791568 1.3468701384220723 0.2623647799835444 250000.0
6.588852271791568 1.3468701384220723 0.2623647799835444 250000.0
6.588852271791568 1.3468701384220723 0.2623647799835444 250000.0
6.588852271791568 1.3468701384220723 0.2623647799835444 250000.0
6.588852271791568 1.3468701384220723 0.2623647799835444 250000.0
6.588852271791568 1.3468701384220723 0.2623647799835444 250000.0
6.588852271791568 1.3468701384220723 0.2623647799835444 250000.0
6.588852271791568 1.3468701384220723 0.2623647799835444 250000.0
6.588852271791568 1.3468701384220723 0.2623647799835444 250000.0
6.588852271791568 1.3468701384220723 0.2623647799835444 250000.0
6.588852271791568 1.3468701384220723 0.2623647799835444 250000.0
6.588852271791568 1.3468701384220723 0.2623647799835444 250000.0
6.588852271791568 1.3468701384220723 0.2623647799835444 250000.0
6.588852271791568 1.3468701384220723 0.2623647799835444 250000.0
6.588852271791568 1.3468701384220723 0.2623647799835444 250000.0
6.588852271791568 1.3468701384220723 0.2623647799835444 250000.0
6.588852271791568 1.3468701384220723 0.2623647799835444 250000.0
6.588852271791568 1.3468701384220723 0.2623647799835444 250000.0
6.588852271791568 1.3468701384220723 0.2623647799835444 250000.0
6.588852271791568 1.3468701384220723 0.2623647799835444 250000.0
6.588852271791568 1.3468701384220723 0.2623647799835444 250000.0
6.588852271791568 1.3468701384220723 0.2623647799835444 250000.0
6.588852271791568 1.3468701384220723 0.2623647799835444 250000.0
6.588852271791568 1.3468701384220723 0.2623647799835444 250000.0
6.588852271791568 1.3468701384220723 0.2623647799835444 250000.0
6.588852271791568 1.3468701384220723 0.2623647799835444 250000.0
6.588852271791568 1.3468701384220723 0.2623647799835444 250000.0
6.588852271791568 1.3468701384220723 0.2623647799835444 250000.0
6.588852271791568 1.3468701384220723 0.2623647799835444 250000.0
6.588852271791568 1.3468701384220723 0.2623647799835444 250000.0
6.588852271791568 1.3468701384220723 0.2623647799835444 250000.0
6.588852271791568 1.3468701384220723 0.2623647799835444 250000.0
6.588852271791568 1.3468701384220723 0.2623647799835444 250000.0
6.588852271791568 1.3468701384220723 0.2623647799835444 250000.0
6.588852271791568 1.3468701384220723 0.2623647799835444 250000.0
6.588852271791568 1.3468701384220723 0.2623647799835444 250000.0
6.588852271791568 1.3468701384220723 0.2623647799835444 250000.0
6.588852271791568 1.3468701384220723 0.2623647799835444 250000.0
6.588852271791568 1.3468701384220723 0.2623647799835444 250000.0
6.588852271791568 1.3468701384220723 0.2623647799835444 250000.0
6.588852271791568 1.3468701384220723 0.2623647799835444 250000.0
6.588852271791568 1.3468701384220723 0.2623647799835444 250000.0
6.588852271791568 1.3468701384220723 0.2623647799835444 250000.0
6.588852271791568 1.3468701384220723 0.2623647799835444 250000.0
6.588852271791568 1.3468701384220723 0.2623647799835444 250000.0
6.588852271791568 1.3468701384220723 0.2623647799835444 250000.0
6.6352206964014275 1.365062400053797 0.2667249194219911 0.0 1,0,1 coil/filament1/filament2
6.656297067104316 1.3482279222414493 0.14070677898416983 250000.0
6.609921746482845 1.3308171638403572 0.13391007911183572 250000.0
6.609921746482845 1.3308171638403572 0.13391007911183572 250000.0
6.609921746482845 1.3308171638403572 0.13391007911183572 250000.0
6.609921746482845 1.3308171638403572 0.13391007911183572 250000.0
6.609921746482845 1.3308171638403572 0.13391007911183572 250000.0
6.609921746482845 1.3308171638403572 0.13391007911183572 250000.0
6.609921746482845 1.3308171638403572 0.13391007911183572 250000.0
6.609921746482845 1.3308171638403572 0.13391007911183572 250000.0
6.609921746482845 1.3308171638403572 0.13391007911183572 250000.0
6.609921746482845 1.3308171638403572 0.13391007911183572 250000.0
6.609921746482845 1.3308171638403572 0.13391007911183572 250000.0
6.609921746482845 1.3308171638403572 0.13391007911183572 250000.0
6.609921746482845 1.3308171638403572 0.13391007911183572 250000.0
6.609921746482845 1.3308171638403572 0.13391007911183572 250000.0
6.609921746482845 1.3308171638403572 0.13391007911183572 250000.0
6.609921746482845 1.3308171638403572 0.13391007911183572 250000.0
6.609921746482845 1.3308171638403572 0.13391007911183572 250000.0
6.609921746482845 1.3308171638403572 0.13391007911183572 250000.0
6.609921746482845 1.3308171638403572 0.13391007911183572 250000.0
6.609921746482845 1.3308171638403572 0.13391007911183572 250000.0
6.609921746482845 1.3308171638403572 0.13391007911183572 250000.0
6.609921746482845 1.3308171638403572 0.13391007911183572 250000.0
6.609921746482845 1.3308171638403572 0.13391007911183572 250000.0
6.609921746482845 1.3308171638403572 0.13391007911183572 250000.0
6.609921746482845 1.3308171638403572 0.13391007911183572 250000.0
6.609921746482845 1.3308171638403572 0.13391007911183572 250000.0
6.609921746482845 1.3308171638403572 0.13391007911183572 250000.0
6.609921746482845 1.3308171638403572 0.13391007911183572 250000.0
6.609921746482845 1.3308171638403572 0.13391007911183572 250000.0
6.609921746482845 1.3308171638403572 0.13391007911183572 250000.0
6.609921746482845 1.3308171638403572 0.13391007911183572 250000.0
6.609921746482845 1.3308171638403572 0.13391007911183572 250000.0
6.609921746482845 1.3308171638403572 0.13391007911183572 250000.0
6.609921746482845 1.3308171638403572 0.13391007911183572 250000.0
6.609921746482845 1.3308171638403572 0.13391007911183572 250000.0
6.609921746482845 1.3308171638403572 0.13391007911183572 250000.0
6.609921746482845 1.3308171638403572 0.13391007911183572 250000.0
6.609921746482845 1.3308171638403572 0.13391007911183572 250000.0
6.609921746482845 1.3308171638403572 0.13391007911183572 250000.0
6.609921746482845 1.3308171638403572 0.13391007911183572 250000.0
6.609921746482845 1.3308171638403572 0.13391007911183572 250000.0
6.609921746482845 1.3308171638403572 0.13391007911183572 250000.0
6.609921746482845 1.3308171638403572 0.13391007911183572 250000.0
6.609921746482845 1.3308171638403572 0.13391007911183572 250000.0
6.609921746482845 1.3308171638403572 0.13391007911183572 250000.0
6.609921746482845 1.3308171638403572 0.13391007911183572 250000.0
6.609921746482845 1.3308171638403572 0.13391007911183572 250000.0
6.609921746482845 1.3308171638403572 0.13391007911183572 250000.0
6.609921746482845 1.3308171638403572 0.13391007911183572 250000.0
6.609921746482845 1.3308171638403572 0.13391007911183572 250000.0
6.609921746482845 1.3308171638403572 0.13391007911183572 250000.0
6.609921746482845 1.3308171638403572 0.13391007911183572 250000.0
6.609921746482845 1.3308171638403572 0.13391007911183572 250000.0
6.609921746482845 1.3308171638403572 0.13391007911183572 250000.0
6.609921746482845 1.3308171638403572 0.13391007911183572 250000.0
6.609921746482845 1.3308171638403572 0.13391007911183572 250000.0
6.609921746482845 1.3308171638403572 0.13391007911183572 250000.0
6.609921746482845 1.3308171638403572 0.13391007911183572 250000.0
6.609921746482845 1.3308171638403572 0.13391007911183572 250000.0
6.609921746482845 1.3308171638403572 0.13391007911183572 250000.0
6.609921746482845 1.3308171638403572 0.13391007911183572 250000.0
6.609921746482845 1.3308171638403572 0.13391007911183572 250000.0
6.609921746482845 1.3308171638403572 0.13391007911183572 250000.0
6.656297067104316 1.3482279222414493 0.14070677898416983 0.0 1,1,0 coil/filament1/filament2
6.653923158929432 1.3197135672306148 0.2570449784633038 250000.0
6.607554734319573 1.3015213055988901 0.2526848390248571 250000.0
6.607554734319573 1.3015213055988901 0.2526848390248571 250000.0
6.607554734319573 1.3015213055988901 0.2526848390248571 250000.0
6.607554734319573 1.3015213055988901 0.2526848390248571 250000.0
6.607554734319573 1.3015213055988901 0.2526848390248571 250000.0
6.607554734319573 1.3015213055988901 0.2526848390248571 250000.0
6.607554734319573 1.3015213055988901 0.2526848390248571 250000.0
6.607554734319573 1.3015213055988901 0.2526848390248571 250000.0
6.607554734319573 1.3015213055988901 0.2526848390248571 250000.0
6.607554734319573 1.3015213055988901 0.2526848390248571 250000.0
6.607554734319573 1.3015213055988901 0.2526848390248571 250000.0
6.607554734319573 1.3015213055988901 0.2526848390248571 250000.0
6.607554734319573 1.3015213055988901 0.2526848390248571 250000.0
6.607554734319573 1.3015213055988901 0.2526848390248571 250000.0
6.607554734319573 1.3015213055988901 0.2526848390248571 250000.0
6.607554734319573 1.3015213055988901 0.2526848390248571 250000.0
6.607554734319573 1.3015213055988901 0.2526848390248571 250000.0
6.607554734319573 1.3015213055988901 0.2526848390248571 250000.0
6.607554734319573 1.3015213055988901 0.2526848390248571 250000.0
6.607554734319573 1.3015213055988901 0.2526848390248571 250000.0
6.607554734319573 1.3015213055988901 0.2526848390248571 250000.0
6.607554734319573 1.3015213055988901 0.2526848390248571 250000.0
6.607554734319573 1.3015213055988901 0.2526848390248571 250000.0
6.607554734319573 1.3015213055988901 0.2526848390248571 250000.0
6.607554734319573 1.3015213055988901 0.2526848390248571 250000.0
6.607554734319573 1.3015213055988901 0.2526848390248571 250000.0
6.607554734319573 1.3015213055988901 0.2526848390248571 250000.0
6.607554734319573 1.3015213055988901 0.2526848390248571 250000.0
6.607554734319573 1.3015213055988901 0.2526848390248571 250000.0
6.607554734319573 1.3015213055988901 0.2526848390248571 250000.0
6.607554734319573 1.3015213055988901 0.2526848390248571 250000.0
6.607554734319573 1.3015213055988901 0.2526848390248571 250000.0
6.607554734319573 1.3015213055988901 0.2526848390248571 250000.0
6.607554734319573 1.3015213055988901 0.2526848390248571 250000.0
6.607554734319573 1.3015213055988901 0.2526848390248571 250000.0
6.607554734319573 1.3015213055988901 0.2526848390248571 250000.0
6.607554734319573 1.3015213055988901 0.2526848390248571 250000.0
6.607554734319573 1.3015213055988901 0.2526848390248571 250000.0
6.607554734319573 1.3015213055988901 0.2526848390248571 250000.0
6.607554734319573 1.3015213055988901 0.2526848390248571 250000.0
6.607554734319573 1.3015213055988901 0.2526848390248571 250000.0
6.607554734319573 1.3015213055988901 0.2526848390248571 250000.0
6.607554734319573 1.3015213055988901 0.2526848390248571 250000.0
6.607554734319573 1.3015213055988901 0.2526848390248571 250000.0
6.607554734319573 1.3015213055988901 0.2526848390248571 250000.0
6.607554734319573 1.3015213055988901 0.2526848390248571 250000.0
6.607554734319573 1.3015213055988901 0.2526848390248571 250000.0
6.607554734319573 1.3015213055988901 0.2526848390248571 250000.0
6.607554734319573 1.3015213055988901 0.2526848390248571 250000.0
6.607554734319573 1.3015213055988901 0.2526848390248571 250000.0
6.607554734319573 1.3015213055988901 0.2526848390248571 250000.0
6.607554734319573 1.3015213055988901 0.2526848390248571 250000.0
6.607554734319573 1.3015213055988901 0.2526848390248571 250000.0
6.607554734319573 1.3015213055988901 0.2526848390248571 250000.0
6.607554734319573 1.3015213055988901 0.2526848390248571 250000.0
6.607554734319573 1.3015213055988901 0.2526848390248571 250000.0
6.607554734319573 1.3015213055988901 0.2526848390248571 250000.0
6.607554734319573 1.3015213055988901 0.2526848390248571 250000.0
6.607554734319573 1.3015213055988901 0.2526848390248571 250000.0
6.607554734319573 1.3015213055988901 0.2526848390248571 250000.0
6.607554734319573 1.3015213055988901 0.2526848390248571 250000.0
6.607554734319573 1.3015213055988901 0.2526848390248571 250000.0
6.607554734319573 1.3015213055988901 0.2526848390248571 250000.0
6.653923158929432 1.3197135672306148 0.2570449784633038 0.0 1,1,1 coil/filament1/filament2
6.366625145715748 2.2863464503912336 0.23243558941153414 250000.0
6.326316900014229 2.257208155096526 0.22731650006044798 250000.0
6.326316900014229 2.257208155096526 0.22731650006044798 250000.0
6.326316900014229 2.257208155096526 0.22731650006044798 250000.0
6.326316900014229 2.257208155096526 0.22731650006044798 250000.0
6.326316900014229 2.257208155096526 0.22731650006044798 250000.0
6.326316900014229 2.257208155096526 0.22731650006044798 250000.0
6.326316900014229 2.257208155096526 0.22731650006044798 250000.0
6.326316900014229 2.257208155096526 0.22731650006044798 250000.0
6.326316900014229 2.257208155096526 0.22731650006044798 250000.0
6.326316900014229 2.257208155096526 0.22731650006044798 250000.0
6.326316900014229 2.257208155096526 0.22731650006044798 250000.0
6.326316900014229 2.257208155096526 0.22731650006044798 250000.0
6.326316900014229 2.257208155096526 0.22731650006044798 250000.0
6.326316900014229 2.257208155096526 0.22731650006044798 250000.0
6.326316900014229 2.257208155096526 0.22731650006044798 250000.0
6.326316900014229 2.257208155096526 0.22731650006044798 250000.0
6.326316900014229 2.257208155096526 0.22731650006044798 250000.0
6.326316900014229 2.257208155096526 0.22731650006044798 250000.0
6.326316900014229 2.257208155096526 0.22731650006044798 250000.0
6.326316900014229 2.257208155096526 0.22731650006044798 250000.0
6.326316900014229 2.257208155096526 0.22731650006044798 250000.0
6.326316900014229 2.257208155096526 0.22731650006044798 250000.0
6.326316900014229 2.257208155096526 0.22731650006044798 250000.0
6.326316900014229 2.257208155096526 0.22731650006044798 250000.0
6.326316900014229 2.257208155096526 0.22731650006044798 250000.0
6.326316900014229 2.257208155096526 0.22731650006044798 250000.0
6.326316900014229 2.257208155096526 0.22731650006044798 250000.0
6.326316900014229 2.257208155096526 0.22731650006044798 250000.0
6.326316900014229 2.257208155096526 0.22731650006044798 250000.0
6.326316900014229 2.257208155096526 0.22731650006044798 250000.0
6.326316900014229 2.257208155096526 0.22731650006044798 250000.0
6.326316900014229 2.257208155096526 0.22731650006044798 250000.0
6.326316900014229 2.257208155096526 0.22731650006044798 250000.0
6.326316900014229 2.257208155096526 0.22731650006044798 250000.0
6.326316900014229 2.257208155096526 0.22731650006044798 250000.0
6.326316900014229 2.257208155096526 0.22731650006044798 250000.0
6.326316900014229 2.257208155096526 0.22731650006044798 250000.0
6.326316900014229 2.257208155096526 0.22731650006044798 250000.0
6.326316900014229 2.257208155096526 0.22731650006044798 250000.0
6.326316900014229 2.257208155096526 0.22731650006044798 250000.0
6.326316900014229 2.257208155096526 0.22731650006044798 250000.0
6.326316900014229 2.257208155096526 0.22731650006044798 250000.0
6.326316900014229 2.257208155096526 0.22731650006044798 250000.0
6.326316900014229 2.257208155096526 0.22731650006044798 250000.0
6.326316900014229 2.257208155096526 0.22731650006044798 250000.0
6.326316900014229 2.257208155096526 0.22731650006044798 250000.0
6.326316900014229 2.257208155096526 0.22731650006044798 250000.0
6.326316900014229 2.257208155096526 0.22731650006044798 250000.0
6.326316900014229 2.257208155096526 0.22731650006044798 250000.0
6.326316900014229 2.257208155096526 0.22731650006044798 250000.0
6.326316900014229 2.257208155096526 0.22731650006044798 250000.0
6.326316900014229 2.257208155096526 0.22731650006044798 250000.0
6.326316900014229 2.257208155096526 0.22731650006044798 250000.0
6.326316900014229 2.257208155096526 0.22731650006044798 250000.0
6.326316900014229 2.257208155096526 0.22731650006044798 250000.0
6.326316900014229 2.257208155096526 0.22731650006044798 250000.0
6.326316900014229 2.257208155096526 0.22731650006044798 250000.0
6.326316900014229 2.257208155096526 0.22731650006044798 250000.0
6.326316900014229 2.257208155096526 0.22731650006044798 250000.0
6.326316900014229 2.257208155096526 0.22731650006044798 250000.0
6.326316900014229 2.257208155096526 0.22731650006044798 250000.0
6.326316900014229 2.257208155096526 0.22731650006044798 250000.0
6.326316900014229 2.257208155096526 0.22731650006044798 250000.0
6.366625145715748 2.2863464503912336 0.23243558941153414 0.0 2,0,0 coil/filament1/filament2
6.326131852250133 2.303271961891042 0.3571391492084069 250000.0
6.287849613773103 2.273887524661168 0.3440614939953568 250000.0
6.287849613773103 2.273887524661168 0.3440614939953568 250000.0
6.287849613773103 2.273887524661168 0.3440614939953568 250000.0
6.287849613773103 2.273887524661168 0.3440614939953568 250000.0
6.287849613773103 2.273887524661168 0.3440614939953568 250000.0
6.287849613773103 2.273887524661168 0.3440614939953568 250000.0
6.287849613773103 2.273887524661168 0.3440614939953568 250000.0
6.287849613773103 2.273887524661168 0.3440614939953568 250000.0
6.287849613773103 2.273887524661168 0.3440614939953568 250000.0
6.287849613773103 2.273887524661168 0.3440614939953568 250000.0
6.287849613773103 2.273887524661168 0.3440614939953568 250000.0
6.287849613773103 2.273887524661168 0.3440614939953568 250000.0
6.287849613773103 2.273887524661168 0.3440614939953568 250000.0
6.287849613773103 2.273887524661168 0.3440614939953568 250000.0
6.287849613773103 2.273887524661168 0.3440614939953568 250000.0
6.287849613773103 2.273887524661168 0.3440614939953568 250000.0
6.287849613773103 2.273887524661168 0.3440614939953568 250000.0
6.287849613773103 2.273887524661168 0.3440614939953568 250000.0
6.287849613773103 2.273887524661168 0.3440614939953568 250000.0
6.287849613773103 2.273887524661168 0.3440614939953568 250000.0
6.287849613773103 2.273887524661168 0.3440614939953568 250000.0
6.287849613773103 2.273887524661168 0.3440614939953568 250000.0
6.287849613773103 2.273887524661168 0.3440614939953568 250000.0
6.287849613773103 2.273887524661168 0.3440614939953568 250000.0
6.287849613773103 2.273887524661168 0.3440614939953568 250000.0
6.287849613773103 2.273887524661168 0.3440614939953568 250000.0
6.287849613773103 2.273887524661168 0.3440614939953568 250000.0
6.287849613773103 2.273887524661168 0.3440614939953568 250000.0
6.287849613773103 2.273887524661168 0.3440614939953568 250000.0
6.287849613773103 2.273887524661168 0.3440614939953568 250000.0
6.287849613773103 2.273887524661168 0.3440614939953568 250000.0
6.287849613773103 2.273887524661168 0.3440614939953568 250000.0
6.287849613773103 2.273887524661168 0.3440614939953568 250000.0
6.287849613773103 2.273887524661168 0.3440614939953568 250000.0
6.287849613773103 2.273887524661168 0.3440614939953568 250000.0
6.287849613773103 2.273887524661168 0.3440614939953568 250000.0
6.287849613773103 2.273887524661168 0.3440614939953568 250000.0
6.287849613773103 2.273887524661168 0.3440614939953568 250000.0
6.287849613773103 2.273887524661168 0.3440614939953568 250000.0
6.287849613773103 2.273887524661168 0.3440614939953568 250000.0
6.287849613773103 2.273887524661168 0.3440614939953568 250000.0
6.287849613773103 2.273887524661168 0.3440614939953568 250000.0
6.287849613773103 2.273887524661168 0.3440614939953568 250000.0
6.287849613773103 2.273887524661168 0.3440614939953568 250000.0
6.287849613773103 2.273887524661168 0.3440614939953568 250000.0
6.287849613773103 2.273887524661168 0.3440614939953568 250000.0
6.287849613773103 2.273887524661168 0.3440614939953568 250000.0
6.287849613773103 2.273887524661168 0.3440614939953568 250000.0
6.287849613773103 2.273887524661168 0.3440614939953568 250000.0
6.287849613773103 2.273887524661168 0.3440614939953568 250000.0
6.287849613773103 2.273887524661168 0.3440614939953568 250000.0
6.287849613773103 2.273887524661168 0.3440614939953568 250000.0
6.287849613773103 2.273887524661168 0.3440614939953568 250000.0
6.287849613773103 2.273887524661168 0.3440614939953568 250000.0
6.287849613773103 2.273887524661168 0.3440614939953568 250000.0
6.287849613773103 2.273887524661168 0.3440614939953568 250000.0
6.287849613773103 2.273887524661168 0.3440614939953568 250000.0
6.287849613773103 2.273887524661168 0.3440614939953568 250000.0
6.287849613773103 2.273887524661168 0.3440614939953568 250000.0
6.287849613773103 2.273887524661168 0.3440614939953568 250000.0
6.287849613773103 2.273887524661168 0.3440614939953568 250000.0
6.287849613773103 2.273887524661168 0.3440614939953568 250000.0
6.287849613773103 2.273887524661168 0.3440614939953568 250000.0
6.326131852250133 2.303271961891042 0.3571391492084069 0.0 2,0,1 coil/filament1/filament2
6.392775008782882 2.247209184023035 0.24930150304806006 250000.0
6.352466763081363 2.2180708887283274 0.2441824136969739 250000.0
6.352466763081363 2.2180708887283274 0.2441824136969739 250000.0
6.352466763081363 2.2180708887283274 0.2441824136969739 250000.0
6.352466763081363 2.2180708887283274 0.2441824136969739 250000.0
6.352466763081363 2.2180708887283274 0.2441824136969739 250000.0
6.352466763081363 2.2180708887283274 0.2441824136969739 250000.0
6.352466763081363 2.2180708887283274 0.2441824136969739 250000.0
6.352466763081363 2.2180708887283274 0.2441824136969739 250000.0
6.352466763081363 2.2180708887283274 0.2441824136969739 250000.0
6.352466763081363 2.2180708887283274 0.2441824136969739 250000.0
6.352466763081363 2.2180708887283274 0.2441824136969739 250000.0
6.352466763081363 2.2180708887283274 0.2441824136969739 250000.0
6.352466763081363 2.2180708887283274 0.2441824136969739 250000.0
6.352466763081363 2.2180708887283274 0.2441824136969739 250000.0
6.352466763081363 2.2180708887283274 0.2441824136969739 250000.0
6.352466763081363 2.2180708887283274 0.2441824136969739 250000.0
6.352466763081363 2.2180708887283274 0.2441824136969739 250000.0
6.352466763081363 2.2180708887283274 0.2441824136969739 250000.0
6.352466763081363 2.2180708887283274 0.2441824136969739 250000.0
6.352466763081363 2.2180708887283274 0.2441824136969739 250000.0
6.352466763081363 2.2180708887283274 0.2441824136969739 250000.0
6.352466763081363 2.2180708887283274 0.2441824136969739 250000.0
6.352466763081363 2.2180708887283274 0.2441824136969739 250000.0
6.352466763081363 2.2180708887283274 0.2441824136969739 250000.0
6.352466763081363 2.2180708887283274 0.2441824136969739 250000.0
6.352466763081363 2.2180708887283274 0.2441824136969739 250000.0
6.352466763081363 2.2180708887283274 0.2441824136969739 250000.0
6.352466763081363 2.2180708887283274 0.2441824136969739 250000.0
6.352466763081363 2.2180708887283274 0.2441824136969739 250000.0
6.352466763081363 2.2180708887283274 0.2441824136969739 250000.0
6.352466763081363 2.2180708887283274 0.2441824136969739 250000.0
6.352466763081363 2.2180708887283274 0.2441824136969739 250000.0
6.352466763081363 2.2180708887283274 0.2441824136969739 250000.0
6.352466763081363 2.2180708887283274 0.2441824136969739 250000.0
6.352466763081363 2.2180708887283274 0.2441824136969739 250000.0
6.352466763081363 2.2180708887283274 0.2441824136969739 250000.0
6.352466763081363 2.2180708887283274 0.2441824136969739 250000.0
6.352466763081363 2.2180708887283274 0.2441824136969739 250000.0
6.352466763081363 2.2180708887283274 0.2441824136969739 250000.0
6.352466763081363 2.2180708887283274 0.2441824136969739 250000.0
6.352466763081363 2.2180708887283274 0.2441824136969739 250000.0
6.352466763081363 2.2180708887283274 0.2441824136969739 250000.0
6.352466763081363 2.2180708887283274 0.2441824136969739 250000.0
6.352466763081363 2.2180708887283274 0.2441824136969739 250000.0
6.352466763081363 2.2180708887283274 0.2441824136969739 250000.0
6.352466763081363 2.2180708887283274 0.2441824136969739 250000.0
6.352466763081363 2.2180708887283274 0.2441824136969739 250000.0
6.352466763081363 2.2180708887283274 0.2441824136969739 250000.0
6.352466763081363 2.2180708887283274 0.2441824136969739 250000.0
6.352466763081363 2.2180708887283274 0.2441824136969739 250000.0
6.352466763081363 2.2180708887283274 0.2441824136969739 250000.0
6.352466763081363 2.2180708887283274 0.2441824136969739 250000.0
6.352466763081363 2.2180708887283274 0.2441824136969739 250000.0
6.352466763081363 2.2180708887283274 0.2441824136969739 250000.0
6.352466763081363 2.2180708887283274 0.2441824136969739 250000.0
6.352466763081363 2.2180708887283274 0.2441824136969739 250000.0
6.352466763081363 2.2180708887283274 0.2441824136969739 250000.0
6.352466763081363 2.2180708887283274 0.2441824136969739 250000.0
6.352466763081363 2.2180708887283274 0.2441824136969739 250000.0
6.352466763081363 2.2180708887283274 0.2441824136969739 250000.0
6.352466763081363 2.2180708887283274 0.2441824136969739 250000.0
6.352466763081363 2.2180708887283274 0.2441824136969739 250000.0
6.352466763081363 2.2180708887283274 0.2441824136969739 250000.0
6.392775008782882 2.247209184023035 0.24930150304806006 0.0 2,1,0 coil/filament1/filament2
6.3533165978152155 2.262845732505994 0.368395684477717 250000.0
6.315034359338186 2.23346129527612 0.3553180292646669 250000.0
6.315034359338186 2.23346129527612 0.3553180292646669 250000.0
6.315034359338186 2.23346129527612 0.3553180292646669 250000.0
6.315034359338186 2.23346129527612 0.3553180292646669 250000.0
6.315034359338186 2.23346129527612 0.3553180292646669 250000.0
6.315034359338186 2.23346129527612 0.3553180292646669 250000.0
6.315034359338186 2.23346129527612 0.3553180292646669 250000.0
6.315034359338186 2.23346129527612 0.3553180292646669 250000.0
6.315034359338186 2.23346129527612 0.3553180292646669 250000.0
6.315034359338186 2.23346129527612 0.3553180292646669 250000.0
6.315034359338186 2.23346129527612 0.3553180292646669 250000.0
6.315034359338186 2.23346129527612 0.3553180292646669 250000.0
6.315034359338186 2.23346129527612 0.3553180292646669 250000.0
6.315034359338186 2.23346129527612 0.3553180292646669 250000.0
6.315034359338186 2.23346129527612 0.3553180292646669 250000.0
6.315034359338186 2.23346129527612 0.3553180292646669 250000.0
6.315034359338186 2.23346129527612 0.3553180292646669 250000.0
6.315034359338186 2.23346129527612 0.3553180292646669 250000.0
6.315034359338186 2.23346129527612 0.3553180292646669 250000.0
6.315034359338186 2.23346129527612 0.3553180292646669 250000.0
6.315034359338186 2.23346129527612 0.3553180292646669 250000.0
6.315034359338186 2.23346129527612 0.3553180292646669 250000.0
6.315034359338186 2.23346129527612 0.3553180292646669 250000.0
6.315034359338186 2.23346129527612 0.3553180292646669 250000.0
6.315034359338186 2.23346129527612 0.3553180292646669 250000.0
6.315034359338186 2.23346129527612 0.3553180292646669 250000.0
6.315034359338186 2.23346129527612 0.3553180292646669 250000.0
6.315034359338186 2.23346129527612 0.3553180292646669 250000.0
6.315034359338186 2.23346129527612 0.3553180292646669 250000.0
6.315034359338186 2.23346129527612 0.3553180292646669 250000.0
6.315034359338186 2.23346129527612 0.3553180292646669 250000.0
6.315034359338186 2.23346129527612 0.3553180292646669 250000.0
6.315034359338186 2.23346129527612 0.3553180292646669 250000.0
6.315034359338186 2.23346129527612 0.3553180292646669 250000.0
6.315034359338186 2.23346129527612 0.3553180292646669 250000.0
6.315034359338186 2.23346129527612 0.3553180292646669 250000.0
6.315034359338186 2.23346129527612 0.3553180292646669 250000.0
6.315034359338186 2.23346129527612 0.3553180292646669 250000.0
6.315034359338186 2.23346129527612 0.3553180292646669 250000.0
6.315034359338186 2.23346129527612 0.3553180292646669 250000.0
6.315034359338186 2.23346129527612 0.3553180292646669 250000.0
6.315034359338186 2.23346129527612 0.3553180292646669 250000.0
6.315034359338186 2.23346129527612 0.3553180292646669 250000.0
6.315034359338186 2.23346129527612 0.3553180292646669 250000.0
6.315034359338186 2.23346129527612 0.3553180292646669 250000.0
6.315034359338186 2.23346129527612 0.3553180292646669 250000.0
6.315034359338186 2.23346129527612 0.3553180292646669 250000.0
6.315034359338186 2.23346129527612 0.3553180292646669 250000.0
6.315034359338186 2.23346129527612 0.3553180292646669 250000.0
6.315034359338186 2.23346129527612 0.3553180292646669 250000.0
6.315034359338186 2.23346129527612 0.3553180292646669 250000.0
6.315034359338186 2.23346129527612 0.3553180292646669 250000.0
6.315034359338186 2.23346129527612 0.3553180292646669 250000.0
6.315034359338186 2.23346129527612 0.3553180292646669 250000.0
6.315034359338186 2.23346129527612 0.3553180292646669 250000.0
6.315034359338186 2.23346129527612 0.3553180292646669 250000.0
6.315034359338186 2.23346129527612 0.3553180292646669 250000.0
6.315034359338186 2.23346129527612 0.3553180292646669 250000.0
6.315034359338186 2.23346129527612 0.3553180292646669 250000.0
6.315034359338186 2.23346129527612 0.3553180292646669 250000.0
6.315034359338186 2.23346129527612 0.3553180292646669 250000.0
6.315034359338186 2.23346129527612 0.3553180292646669 250000.0
6.315034359338186 2.23346129527612 0.3553180292646669 250000.0
6.3533165978152155 2.262845732505994 0.368395684477717 0.0 2,1,1 coil/filament1/filament2
6.185916430726005 2.652222240659818 0.027213221945120485 250000.0
6.142842728869861 2.6293025671037222 0.016288718638786358 250000.0
6.142842728869861 2.6293025671037222 0.016288718638786358 250000.0
6.142842728869861 2.6293025671037222 0.016288718638786358 250000.0
6.142842728869861 2.6293025671037222 0.016288718638786358 250000.0
6.142842728869861 2.6293025671037222 0.016288718638786358 250000.0
6.142842728869861 2.6293025671037222 0.016288718638786358 250000.0
6.142842728869861 2.6293025671037222 0.016288718638786358 250000.0
6.142842728869861 2.6293025671037222 0.016288718638786358 250000.0
6.142842728869861 2.6293025671037222 0.016288718638786358 250000.0
6.142842728869861 2.6293025671037222 0.016288718638786358 250000.0
6.142842728869861 2.6293025671037222 0.016288718638786358 250000.0
6.142842728869861 2.6293025671037222 0.016288718638786358 250000.0
6.142842728869861 2.6293025671037222 0.016288718638786358 250000.0
6.142842728869861 2.6293025671037222 0.016288718638786358 250000.0
6.142842728869861 2.6293025671037222 0.016288718638786358 250000.0
6.142842728869861 2.6293025671037222 0.016288718638786358 250000.0
6.142842728869861 2.6293025671037222 0.016288718638786358 250000.0
6.142842728869861 2.6293025671037222 0.016288718638786358 250000.0
6.142842728869861 2.6293025671037222 0.016288718638786358 250000.0
6.142842728869861 2.6293025671037222 0.016288718638786358 250000.0
6.142842728869861 2.6293025671037222 0.016288718638786358 250000.0
6.142842728869861 2.6293025671037222 0.016288718638786358 250000.0
6.142842728869861 2.6293025671037222 0.016288718638786358 250000.0
6.142842728869861 2.6293025671037222 0.016288718638786358 250000.0
6.142842728869861 2.6293025671037222 0.016288718638786358 250000.0
6.142842728869861 2.6293025671037222 0.016288718638786358 250000.0
6.142842728869861 2.6293025671037222 0.016288718638786358 250000.0
6.142842728869861 2.6293025671037222 0.016288718638786358 250000.0
6.142842728869861 2.6293025671037222 0.016288718638786358 250000.0
6.142842728869861 2.6293025671037222 0.016288718638786358 250000.0
6.142842728869861 2.6293025671037222 0.016288718638786358 250000.0
6.142842728869861 2.6293025671037222 0.016288718638786358 250000.0
6.142842728869861 2.6293025671037222 0.016288718638786358 250000.0
6.142842728869861 2.6293025671037222 0.016288718638786358 250000.0
6.142842728869861 2.6293025671037222 0.016288718638786358 250000.0
6.142842728869861 2.6293025671037222 0.016288718638786358 250000.0
6.142842728869861 2.6293025671037222 0.016288718638786358 250000.0
6.142842728869861 2.6293025671037222 0.016288718638786358 250000.0
6.142842728869861 2.6293025671037222 0.016288718638786358 250000.0
6.142842728869861 2.6293025671037222 0.016288718638786358 250000.0
6.142842728869861 2.6293025671037222 0.016288718638786358 250000.0
6.142842728869861 2.6293025671037222 0.016288718638786358 250000.0
6.142842728869861 2.6293025671037222 0.016288718638786358 250000.0
6.142842728869861 2.6293025671037222 0.016288718638786358 250000.0
6.142842728869861 2.6293025671037222 0.016288718638786358 250000.0
6.142842728869861 2.6293025671037222 0.016288718638786358 250000.0
6.142842728869861 2.6293025671037222 0.016288718638786358 250000.0
6.142842728869861 2.6293025671037222 0.016288718638786358 250000.0
6.142842728869861 2.6293025671037222 0.016288718638786358 250000.0
6.142842728869861 2.6293025671037222 0.016288718638786358 250000.0
6.142842728869861 2.6293025671037222 0.016288718638786358 250000.0
6.142842728869861 2.6293025671037222 0.016288718638786358 250000.0
6.142842728869861 2.6293025671037222 0.016288718638786358 250000.0
6.142842728869861 2.6293025671037222 0.016288718638786358 250000.0
6.142842728869861 2.6293025671037222 0.016288718638786358 250000.0
6.142842728869861 2.6293025671037222 0.016288718638786358 250000.0
6.142842728869861 2.6293025671037222 0.016288718638786358 250000.0
6.142842728869861 2.6293025671037222 0.016288718638786358 250000.0
6.142842728869861 2.6293025671037222 0.016288718638786358 250000.0
6.142842728869861 2.6293025671037222 0.016288718638786358 250000.0
6.142842728869861 2.6293025671037222 0.016288718638786358 250000.0
6.142842728869861 2.6293025671037222 0.016288718638786358 250000.0
6.142842728869861 2.6293025671037222 0.016288718638786358 250000.0
6.185916430726005 2.652222240659818 0.027213221945120485 0.0 3,0,0 coil/filament1/filament2
6.093166787550045 2.712272986956739 0.22396748881709588 250000.0
6.0520857149947025 2.687271250125833 0.21028324118922886 250000.0
6.0520857149947025 2.687271250125833 0.21028324118922886 250000.0
6.0520857149947025 2.687271250125833 0.21028324118922886 250000.0
6.0520857149947025 2.687271250125833 0.21028324118922886 250000.0
6.0520857149947025 2.687271250125833 0.21028324118922886 250000.0
6.0520857149947025 2.687271250125833 0.21028324118922886 250000.0
6.0520857149947025 2.687271250125833 0.21028324118922886 250000.0
6.0520857149947025 2.687271250125833 0.21028324118922886 250000.0
6.0520857149947025 2.687271250125833 0.21028324118922886 250000.0
6.0520857149947025 2.687271250125833 0.21028324118922886 250000.0
6.0520857149947025 2.687271250125833 0.21028324118922886 250000.0
6.0520857149947025 2.687271250125833 0.21028324118922886 250000.0
6.0520857149947025 2.687271250125833 0.21028324118922886 250000.0
6.0520857149947025 2.687271250125833 0.21028324118922886 250000.0
6.0520857149947025 2.687271250125833 0.21028324118922886 250000.0
6.0520857149947025 2.687271250125833 0.21028324118922886 250000.0
6.0520857149947025 2.687271250125833 0.21028324118922886 250000.0
6.0520857149947025 2.687271250125833 0.21028324118922886 250000.0
6.0520857149947025 2.687271250125833 0.21028324118922886 250000.0
6.0520857149947025 2.687271250125833 0.21028324118922886 250000.0
6.0520857149947025 2.687271250125833 0.21028324118922886 250000.0
6.0520857149947025 2.687271250125833 0.21028324118922886 250000.0
6.0520857149947025 2.687271250125833 0.21028324118922886 250000.0
6.0520857149947025 2.687271250125833 0.21028324118922886 250000.0
6.0520857149947025 2.687271250125833 0.21028324118922886 250000.0
6.0520857149947025 2.687271250125833 0.21028324118922886 250000.0
6.0520857149947025 2.687271250125833 0.21028324118922886 250000.0
6.0520857149947025 2.687271250125833 0.21028324118922886 250000.0
6.0520857149947025 2.687271250125833 0.21028324118922886 250000.0
6.0520857149947025 2.687271250125833 0.21028324118922886 250000.0
6.0520857149947025 2.687271250125833 0.21028324118922886 250000.0
6.0520857149947025 2.687271250125833 0.21028324118922886 250000.0
6.0520857149947025 2.687271250125833 0.21028324118922886 250000.0
6.0520857149947025 2.687271250125833 0.21028324118922886 250000.0
6.0520857149947025 2.687271250125833 0.21028324118922886 250000.0
6.0520857149947025 2.687271250125833 0.21028324118922886 250000.0
6.0520857149947025 2.687271250125833 0.21028324118922886 250000.0
6.0520857149947025 2.687271250125833 0.21028324118922886 250000.0
6.0520857149947025 2.687271250125833 0.21028324118922886 250000.0
6.0520857149947025 2.687271250125833 0.21028324118922886 250000.0
6.0520857149947025 2.687271250125833 0.21028324118922886 250000.0
6.0520857149947025 2.687271250125833 0.21028324118922886 250000.0
6.0520857149947025 2.687271250125833 0.21028324118922886 250000.0
6.0520857149947025 2.687271250125833 0.21028324118922886 250000.0
6.0520857149947025 2.687271250125833 0.21028324118922886 250000.0
6.0520857149947025 2.687271250125833 0.21028324118922886 250000.0
6.0520857149947025 2.687271250125833 0.21028324118922886 250000.0
6.0520857149947025 2.687271250125833 0.21028324118922886 250000.0
6.0520857149947025 2.687271250125833 0.21028324118922886 250000.0
6.0520857149947025 2.687271250125833 0.21028324118922886 250000.0
6.0520857149947025 2.687271250125833 0.21028324118922886 250000.0
6.0520857149947025 2.687271250125833 0.21028324118922886 250000.0
6.0520857149947025 2.687271250125833 0.21028324118922886 250000.0
6.0520857149947025 2.687271250125833 0.21028324118922886 250000.0
6.0520857149947025 2.687271250125833 0.21028324118922886 250000.0
6.0520857149947025 2.687271250125833 0.21028324118922886 250000.0
6.0520857149947025 2.687271250125833 0.21028324118922886 250000.0
6.0520857149947025 2.687271250125833 0.21028324118922886 250000.0
6.0520857149947025 2.687271250125833 0.21028324118922886 250000.0
6.0520857149947025 2.687271250125833 0.21028324118922886 250000.0
6.0520857149947025 2.687271250125833 0.21028324118922886 250000.0
6.0520857149947025 2.687271250125833 0.21028324118922886 250000.0
6.0520857149947025 2.687271250125833 0.21028324118922886 250000.0
6.093166787550045 2.712272986956739 0.22396748881709588 0.0 3,0,1 coil/filament1/filament2
6.2037294873832165 2.6096127909831566 0.04637385374000127 250000.0
6.160655785527073 2.586693117427061 0.03544935043366714 250000.0
6.160655785527073 2.586693117427061 0.03544935043366714 250000.0
6.160655785527073 2.586693117427061 0.03544935043366714 250000.0
6.160655785527073 2.586693117427061 0.03544935043366714 250000.0
6.160655785527073 2.586693117427061 0.03544935043366714 250000.0
6.160655785527073 2.586693117427061 0.03544935043366714 250000.0
6.160655785527073 2.586693117427061 0.03544935043366714 250000.0
6.160655785527073 2.586693117427061 0.03544935043366714 250000.0
6.160655785527073 2.586693117427061 0.03544935043366714 250000.0
6.160655785527073 2.586693117427061 0.03544935043366714 250000.0
6.160655785527073 2.586693117427061 0.03544935043366714 250000.0
6.160655785527073 2.586693117427061 0.03544935043366714 250000.0
6.160655785527073 2.586693117427061 0.03544935043366714 250000.0
6.160655785527073 2.586693117427061 0.03544935043366714 250000.0
6.160655785527073 2.586693117427061 0.03544935043366714 250000.0
6.160655785527073 2.586693117427061 0.03544935043366714 250000.0
6.160655785527073 2.586693117427061 0.03544935043366714 250000.0
6.160655785527073 2.586693117427061 0.03544935043366714 250000.0
6.160655785527073 2.586693117427061 0.03544935043366714 250000.0
6.160655785527073 2.586693117427061 0.03544935043366714 250000.0
6.160655785527073 2.586693117427061 0.03544935043366714 250000.0
6.160655785527073 2.586693117427061 0.03544935043366714 250000.0
6.160655785527073 2.586693117427061 0.03544935043366714 250000.0
6.160655785527073 2.586693117427061 0.03544935043366714 250000.0
6.160655785527073 2.586693117427061 0.03544935043366714 250000.0
6.160655785527073 2.586693117427061 0.03544935043366714 250000.0
6.160655785527073 2.586693117427061 0.03544935043366714 250000.0
6.160655785527073 2.586693117427061 0.03544935043366714 250000.0
6.160655785527073 2.586693117427061 0.03544935043366714 250000.0
6.160655785527073 2.586693117427061 0.03544935043366714 250000.0
6.160655785527073 2.586693117427061 0.03544935043366714 250000.0
6.160655785527073 2.586693117427061 0.03544935043366714 250000.0
6.160655785527073 2.586693117427061 0.03544935043366714 250000.0
6.160655785527073 2.586693117427061 0.03544935043366714 250000.0
6.160655785527073 2.586693117427061 0.03544935043366714 250000.0
6.160655785527073 2.586693117427061 0.03544935043366714 250000.0
6.160655785527073 2.586693117427061 0.03544935043366714 250000.0
6.160655785527073 2.586693117427061 0.03544935043366714 250000.0
6.160655785527073 2.586693117427061 0.03544935043366714 250000.0
6.160655785527073 2.586693117427061 0.03544935043366714 250000.0
6.160655785527073 2.586693117427061 0.03544935043366714 250000.0
6.160655785527073 2.586693117427061 0.03544935043366714 250000.0
6.160655785527073 2.586693117427061 0.03544935043366714 250000.0
6.160655785527073 2.586693117427061 0.03544935043366714 250000.0
6.160655785527073 2.586693117427061 0.03544935043366714 250000.0
6.160655785527073 2.586693117427061 0.03544935043366714 250000.0
6.160655785527073 2.586693117427061 0.03544935043366714 250000.0
6.160655785527073 2.586693117427061 0.03544935043366714 250000.0
6.160655785527073 2.586693117427061 0.03544935043366714 250000.0
6.160655785527073 2.586693117427061 0.03544935043366714 250000.0
6.160655785527073 2.586693117427061 0.03544935043366714 250000.0
6.160655785527073 2.586693117427061 0.03544935043366714 250000.0
6.160655785527073 2.586693117427061 0.03544935043366714 250000.0
6.160655785527073 2.586693117427061 0.03544935043366714 250000.0
6.160655785527073 2.586693117427061 0.03544935043366714 250000.0
6.160655785527073 2.586693117427061 0.03544935043366714 250000.0
6.160655785527073 2.586693117427061 0.03544935043366714 250000.0
6.160655785527073 2.586693117427061 0.03544935043366714 250000.0
6.160655785527073 2.586693117427061 0.03544935043366714 250000.0
6.160655785527073 2.586693117427061 0.03544935043366714 250000.0
6.160655785527073 2.586693117427061 0.03544935043366714 250000.0
6.160655785527073 2.586693117427061 0.03544935043366714 250000.0
6.160655785527073 2.586693117427061 0.03544935043366714 250000.0
6.2037294873832165 2.6096127909831566 0.04637385374000127 0.0 3,1,0 coil/filament1/filament2
6.110727621246929 2.6711615868539553 0.2463610124670091 250000.0
6.069646548691587 2.646159850023049 0.23267676483914207 250000.0
6.069646548691587 2.646159850023049 0.23267676483914207 250000.0
6.069646548691587 2.646159850023049 0.23267676483914207 250000.0
6.069646548691587 2.646159850023049 0.23267676483914207 250000.0
6.069646548691587 2.646159850023049 0.23267676483914207 250000.0
6.069646548691587 2.646159850023049 0.23267676483914207 250000.0
6.069646548691587 2.646159850023049 0.23267676483914207 250000.0
6.069646548691587 2.646159850023049 0.23267676483914207 250000.0
6.069646548691587 2.646159850023049 0.23267676483914207 250000.0
6.069646548691587 2.646159850023049 0.23267676483914207 250000.0
6.069646548691587 2.646159850023049 0.23267676483914207 250000.0
6.069646548691587 2.646159850023049 0.23267676483914207 250000.0
6.069646548691587 2.646159850023049 0.23267676483914207 250000.0
6.069646548691587 2.646159850023049 0.23267676483914207 250000.0
6.069646548691587 2.646159850023049 0.23267676483914207 250000.0
6.069646548691587 2.646159850023049 0.23267676483914207 250000.0
6.069646548691587 2.646159850023049 0.23267676483914207 250000.0
6.069646548691587 2.646159850023049 0.23267676483914207 250000.0
6.069646548691587 2.646159850023049 0.23267676483914207 250000.0
6.069646548691587 2.646159850023049 0.23267676483914207 250000.0
6.069646548691587 2.646159850023049 0.23267676483914207 250000.0
6.069646548691587 2.646159850023049 0.23267676483914207 250000.0
6.069646548691587 2.646159850023049 0.23267676483914207 250000.0
6.069646548691587 2.646159850023049 0.23267676483914207 250000.0
6.069646548691587 2.646159850023049 0.23267676483914207 250000.0
6.069646548691587 2.646159850023049 0.23267676483914207 250000.0
6.069646548691587 2.646159850023049 0.23267676483914207 250000.0
6.069646548691587 2.646159850023049 0.23267676483914207 250000.0
6.069646548691587 2.646159850023049 0.23267676483914207 250000.0
6.069646548691587 2.646159850023049 0.23267676483914207 250000.0
6.069646548691587 2.646159850023049 0.23267676483914207 250000.0
6.069646548691587 2.646159850023049 0.23267676483914207 250000.0
6.069646548691587 2.646159850023049 0.23267676483914207 250000.0
6.069646548691587 2.646159850023049 0.23267676483914207 250000.0
6.069646548691587 2.646159850023049 0.23267676483914207 250000.0
6.069646548691587 2.646159850023049 0.23267676483914207 250000.0
6.069646548691587 2.646159850023049 0.23267676483914207 250000.0
6.069646548691587 2.646159850023049 0.23267676483914207 250000.0
6.069646548691587 2.646159850023049 0.23267676483914207 250000.0
6.069646548691587 2.646159850023049 0.23267676483914207 250000.0
6.069646548691587 2.646159850023049 0.23267676483914207 250000.0
6.069646548691587 2.646159850023049 0.23267676483914207 250000.0
6.069646548691587 2.646159850023049 0.23267676483914207 250000.0
6.069646548691587 2.646159850023049 0.23267676483914207 250000.0
6.069646548691587 2.646159850023049 0.23267676483914207 250000.0
6.069646548691587 2.646159850023049 0.23267676483914207 250000.0
6.069646548691587 2.646159850023049 0.23267676483914207 250000.0
6.069646548691587 2.646159850023049 0.23267676483914207 250000.0
6.069646548691587 2.646159850023049 0.23267676483914207 250000.0
6.069646548691587 2.646159850023049 0.23267676483914207 250000.0
6.069646548691587 2.646159850023049 0.23267676483914207 250000.0
6.069646548691587 2.646159850023049 0.23267676483914207 250000.0
6.069646548691587 2.646159850023049 0.23267676483914207 250000.0
6.069646548691587 2.646159850023049 0.23267676483914207 250000.0
6.069646548691587 2.646159850023049 0.23267676483914207 250000.0
6.069646548691587 2.646159850023049 0.23267676483914207 250000.0
6.069646548691587 2.646159850023049 0.23267676483914207 250000.0
6.069646548691587 2.646159850023049 0.23267676483914207 250000.0
6.069646548691587 2.646159850023049 0.23267676483914207 250000.0
6.069646548691587 2.646159850023049 0.23267676483914207 250000.0
6.069646548691587 2.646159850023049 0.23267676483914207 250000.0
6.069646548691587 2.646159850023049 0.23267676483914207 250000.0
6.069646548691587 2.646159850023049 0.23267676483914207 250000.0
6.110727621246929 2.6711615868539553 0.2463610124670091 0.0 3,1,1 coil/filament1/filament2
5.834228607708748 3.356177175679332 -0.03207353034409657 250000.0
5.787752337944281 3.3382335659838573 -0.027832867674539283 250000.0
5.787752337944281 3.3382335659838573 -0.027832867674539283 250000.0
5.787752337944281 3.3382335659838573 -0.027832867674539283 250000.0
5.787752337944281 3.3382335659838573 -0.027832867674539283 250000.0
5.787752337944281 3.3382335659838573 -0.027832867674539283 250000.0
5.787752337944281 3.3382335659838573 -0.027832867674539283 250000.0
5.787752337944281 3.3382335659838573 -0.027832867674539283 250000.0
5.787752337944281 3.3382335659838573 -0.027832867674539283 250000.0
5.787752337944281 3.3382335659838573 -0.027832867674539283 250000.0
5.787752337944281 3.3382335659838573 -0.027832867674539283 250000.0
5.787752337944281 3.3382335659838573 -0.027832867674539283 250000.0
5.787752337944281 3.3382335659838573 -0.027832867674539283 250000.0
5.787752337944281 3.3382335659838573 -0.027832867674539283 250000.0
5.787752337944281 3.3382335659838573 -0.027832867674539283 250000.0
5.787752337944281 3.3382335659838573 -0.027832867674539283 250000.0
5.787752337944281 3.3382335659838573 -0.027832867674539283 250000.0
5.787752337944281 3.3382335659838573 -0.027832867674539283 250000.0
5.787752337944281 3.3382335659838573 -0.027832867674539283 250000.0
5.787752337944281 3.3382335659838573 -0.027832867674539283 250000.0
5.787752337944281 3.3382335659838573 -0.027832867674539283 250000.0
5.787752337944281 3.3382335659838573 -0.027832867674539283 250000.0
5.787752337944281 3.3382335659838573 -0.027832867674539283 250000.0
5.787752337944281 3.3382335659838573 -0.027832867674539283 250000.0
5.787752337944281 3.3382335659838573 -0.027832867674539283 250000.0
5.787752337944281 3.3382335659838573 -0.027832867674539283 250000.0
5.787752337944281 3.3382335659838573 -0.027832867674539283 250000.0
5.787752337944281 3.3382335659838573 -0.027832867674539283 250000.0
5.787752337944281 3.3382335659838573 -0.027832867674539283 250000.0
5.787752337944281 3.3382335659838573 -0.027832867674539283 250000.0
5.787752337944281 3.3382335659838573 -0.027832867674539283 250000.0
5.787752337944281 3.3382335659838573 -0.027832867674539283 250000.0
5.787752337944281 3.3382335659838573 -0.027832867674539283 250000.0
5.787752337944281 3.3382335659838573 -0.027832867674539283 250000.0
5.787752337944281 3.3382335659838573 -0.027832867674539283 250000.0
5.787752337944281 3.3382335659838573 -0.027832867674539283 250000.0
5.787752337944281 3.3382335659838573 -0.027832867674539283 250000.0
5.787752337944281 3.3382335659838573 -0.027832867674539283 250000.0
5.787752337944281 3.3382335659838573 -0.027832867674539283 250000.0
5.787752337944281 3.3382335659838573 -0.027832867674539283 250000.0
5.787752337944281 3.3382335659838573 -0.027832867674539283 250000.0
5.787752337944281 3.3382335659838573 -0.027832867674539283 250000.0
5.787752337944281 3.3382335659838573 -0.027832867674539283 250000.0
5.787752337944281 3.3382335659838573 -0.027832867674539283 250000.0
5.787752337944281 3.3382335659838573 -0.027832867674539283 250000.0
5.787752337944281 3.3382335659838573 -0.027832867674539283 250000.0
5.787752337944281 3.3382335659838573 -0.027832867674539283 250000.0
5.787752337944281 3.3382335659838573 -0.027832867674539283 250000.0
5.787752337944281 3.3382335659838573 -0.027832867674539283 250000.0
5.787752337944281 3.3382335659838573 -0.027832867674539283 250000.0
5.787752337944281 3.3382335659838573 -0.027832867674539283 250000.0
5.787752337944281 3.3382335659838573 -0.027832867674539283 250000.0
5.787752337944281 3.3382335659838573 -0.027832867674539283 250000.0
5.787752337944281 3.3382335659838573 -0.027832867674539283 250000.0
5.787752337944281 3.3382335659838573 -0.027832867674539283 250000.0
5.787752337944281 3.3382335659838573 -0.027832867674539283 250000.0
5.787752337944281 3.3382335659838573 -0.027832867674539283 250000.0
5.787752337944281 3.3382335659838573 -0.027832867674539283 250000.0
5.787752337944281 3.3382335659838573 -0.027832867674539283 250000.0
5.787752337944281 3.3382335659838573 -0.027832867674539283 250000.0
5.787752337944281 3.3382335659838573 -0.027832867674539283 250000.0
5.787752337944281 3.3382335659838573 -0.027832867674539283 250000.0
5.787752337944281 3.3382335659838573 -0.027832867674539283 250000.0
5.787752337944281 3.3382335659838573 -0.027832867674539283 250000.0
5.834228607708748 3.356177175679332 -0.03207353034409657 0.0 4,0,0 coil/filament1/filament2
5.859663440065409 3.2594689192792323 0.08677812809347482 250000.0
5.811250490246646 3.249092456116307 0.07981283541660916 250000.0
5.811250490246646 3.249092456116307 0.07981283541660916 250000.0
5.811250490246646 3.249092456116307 0.07981283541660916 250000.0
5.811250490246646 3.249092456116307 0.07981283541660916 250000.0
5.811250490246646 3.249092456116307 0.07981283541660916 250000.0
5.811250490246646 3.249092456116307 0.07981283541660916 250000.0
5.811250490246646 3.249092456116307 0.07981283541660916 250000.0
5.811250490246646 3.249092456116307 0.07981283541660916 250000.0
5.811250490246646 3.249092456116307 0.07981283541660916 250000.0
5.811250490246646 3.249092456116307 0.07981283541660916 250000.0
5.811250490246646 3.249092456116307 0.07981283541660916 250000.0
5.811250490246646 3.249092456116307 0.07981283541660916 250000.0
5.811250490246646 3.249092456116307 0.07981283541660916 250000.0
5.811250490246646 3.249092456116307 0.07981283541660916 250000.0
5.811250490246646 3.249092456116307 0.07981283541660916 250000.0
5.811250490246646 3.249092456116307 0.07981283541660916 250000.0
5.811250490246646 3.249092456116307 0.07981283541660916 250000.0
5.811250490246646 3.249092456116307 0.07981283541660916 250000.0
5.811250490246646 3.249092456116307 0.07981283541660916 250000.0
5.811250490246646 3.249092456116307 0.07981283541660916 250000.0
5.811250490246646 3.249092456116307 0.07981283541660916 250000.0
5.811250490246646 3.249092456116307 0.07981283541660916 250000.0
5.811250490246646 3.249092456116307 0.07981283541660916 250000.0
5.811250490246646 3.249092456116307 0.07981283541660916 250000.0
5.811250490246646 3.249092456116307 0.07981283541660916 250000.0
5.811250490246646 3.249092456116307 0.07981283541660916 250000.0
5.811250490246646 3.249092456116307 0.07981283541660916 250000.0
5.811250490246646 3.249092456116307 0.07981283541660916 250000.0
5.811250490246646 3.249092456116307 0.07981283541660916 250000.0
5.811250490246646 3.249092456116307 0.07981283541660916 250000.0
5.811250490246646 3.249092456116307 0.07981283541660916 250000.0
5.811250490246646 3.249092456116307 0.07981283541660916 250000.0
5.811250490246646 3.249092456116307 0.07981283541660916 250000.0
5.811250490246646 3.249092456116307 0.07981283541660916 250000.0
5.811250490246646 3.249092456116307 0.07981283541660916 250000.0
5.811250490246646 3.249092456116307 0.07981283541660916 250000.0
5.811250490246646 3.249092456116307 0.07981283541660916 250000.0
5.811250490246646 3.249092456116307 0.07981283541660916 250000.0
5.811250490246646 3.249092456116307 0.07981283541660916 250000.0
5.811250490246646 3.249092456116307 0.07981283541660916 250000.0
5.811250490246646 3.249092456116307 0.07981283541660916 250000.0
5.811250490246646 3.249092456116307 0.07981283541660916 250000.0
5.811250490246646 3.249092456116307 0.07981283541660916 250000.0
5.811250490246646 3.249092456116307 0.07981283541660916 250000.0
5.811250490246646 3.249092456116307 0.07981283541660916 250000.0
5.811250490246646 3.249092456116307 0.07981283541660916 250000.0
5.811250490246646 3.249092456116307 0.07981283541660916 250000.0
5.811250490246646 3.249092456116307 0.07981283541660916 250000.0
5.811250490246646 3.249092456116307 0.07981283541660916 250000.0
5.811250490246646 3.249092456116307 0.07981283541660916 250000.0
5.811250490246646 3.249092456116307 0.07981283541660916 250000.0
5.811250490246646 3.249092456116307 0.07981283541660916 250000.0
5.811250490246646 3.249092456116307 0.07981283541660916 250000.0
5.811250490246646 3.249092456116307 0.07981283541660916 250000.0
5.811250490246646 3.249092456116307 0.07981283541660916 250000.0
5.811250490246646 3.249092456116307 0.07981283541660916 250000.0
5.811250490246646 3.249092456116307 0.07981283541660916 250000.0
5.811250490246646 3.249092456116307 0.07981283541660916 250000.0
5.811250490246646 3.249092456116307 0.07981283541660916 250000.0
5.811250490246646 3.249092456116307 0.07981283541660916 250000.0
5.811250490246646 3.249092456116307 0.07981283541660916 250000.0
5.811250490246646 3.249092456116307 0.07981283541660916 250000.0
5.811250490246646 3.249092456116307 0.07981283541660916 250000.0
5.859663440065409 3.2594689192792323 0.08677812809347482 0.0 4,0,1 coil/filament1/filament2
5.843908130247891 3.322644500250218 -0.06787669391912061 250000.0
5.797431860483424 3.3047008905547433 -0.06363603124956332 250000.0
5.797431860483424 3.3047008905547433 -0.06363603124956332 250000.0
5.797431860483424 3.3047008905547433 -0.06363603124956332 250000.0
5.797431860483424 3.3047008905547433 -0.06363603124956332 250000.0
5.797431860483424 3.3047008905547433 -0.06363603124956332 250000.0
5.797431860483424 3.3047008905547433 -0.06363603124956332 250000.0
5.797431860483424 3.3047008905547433 -0.06363603124956332 250000.0
5.797431860483424 3.3047008905547433 -0.06363603124956332 250000.0
5.797431860483424 3.3047008905547433 -0.06363603124956332 250000.0
5.797431860483424 3.3047008905547433 -0.06363603124956332 250000.0
5.797431860483424 3.3047008905547433 -0.06363603124956332 250000.0
5.797431860483424 3.3047008905547433 -0.06363603124956332 250000.0
5.797431860483424 3.3047008905547433 -0.06363603124956332 250000.0
5.797431860483424 3.3047008905547433 -0.06363603124956332 250000.0
5.797431860483424 3.3047008905547433 -0.06363603124956332 250000.0
5.797431860483424 3.3047008905547433 -0.06363603124956332 250000.0
5.797431860483424 3.3047008905547433 -0.06363603124956332 250000.0
5.797431860483424 3.3047008905547433 -0.06363603124956332 250000.0
5.797431860483424 3.3047008905547433 -0.06363603124956332 250000.0
5.797431860483424 3.3047008905547433 -0.06363603124956332 250000.0
5.797431860483424 3.3047008905547433 -0.06363603124956332 250000.0
5.797431860483424 3.3047008905547433 -0.06363603124956332 250000.0
5.797431860483424 3.3047008905547433 -0.06363603124956332 250000.0
5.797431860483424 3.3047008905547433 -0.06363603124956332 250000.0
5.797431860483424 3.3047008905547433 -0.06363603124956332 250000.0
5.797431860483424 3.3047008905547433 -0.06363603124956332 250000.0
5.797431860483424 3.3047008905547433 -0.06363603124956332 250000.0
5.797431860483424 3.3047008905547433 -0.06363603124956332 250000.0
5.797431860483424 3.3047008905547433 -0.06363603124956332 250000.0
5.797431860483424 3.3047008905547433 -0.06363603124956332 250000.0
5.797431860483424 3.3047008905547433 -0.06363603124956332 250000.0
5.797431860483424 3.3047008905547433 -0.06363603124956332 250000.0
5.797431860483424 3.3047008905547433 -0.06363603124956332 250000.0
5.797431860483424 3.3047008905547433 -0.06363603124956332 250000.0
5.797431860483424 3.3047008905547433 -0.06363603124956332 250000.0
5.797431860483424 3.3047008905547433 -0.06363603124956332 250000.0
5.797431860483424 3.3047008905547433 -0.06363603124956332 250000.0
5.797431860483424 3.3047008905547433 -0.06363603124956332 250000.0
5.797431860483424 3.3047008905547433 -0.06363603124956332 250000.0
5.797431860483424 3.3047008905547433 -0.06363603124956332 250000.0
5.797431860483424 3.3047008905547433 -0.06363603124956332 250000.0
5.797431860483424 3.3047008905547433 -0.06363603124956332 250000.0
5.797431860483424 3.3047008905547433 -0.06363603124956332 250000.0
5.797431860483424 3.3047008905547433 -0.06363603124956332 250000.0
5.797431860483424 3.3047008905547433 -0.06363603124956332 250000.0
5.797431860483424 3.3047008905547433 -0.06363603124956332 250000.0
5.797431860483424 3.3047008905547433 -0.06363603124956332 250000.0
5.797431860483424 3.3047008905547433 -0.06363603124956332 250000.0
5.797431860483424 3.3047008905547433 -0.06363603124956332 250000.0
5.797431860483424 3.3047008905547433 -0.06363603124956332 250000.0
5.797431860483424 3.3047008905547433 -0.06363603124956332 250000.0
5.797431860483424 3.3047008905547433 -0.06363603124956332 250000.0
5.797431860483424 3.3047008905547433 -0.06363603124956332 250000.0
5.797431860483424 3.3047008905547433 -0.06363603124956332 250000.0
5.797431860483424 3.3047008905547433 -0.06363603124956332 250000.0
5.797431860483424 3.3047008905547433 -0.06363603124956332 250000.0
5.797431860483424 3.3047008905547433 -0.06363603124956332 250000.0
5.797431860483424 3.3047008905547433 -0.06363603124956332 250000.0
5.797431860483424 3.3047008905547433 -0.06363603124956332 250000.0
5.797431860483424 3.3047008905547433 -0.06363603124956332 250000.0
5.797431860483424 3.3047008905547433 -0.06363603124956332 250000.0
5.797431860483424 3.3047008905547433 -0.06363603124956332 250000.0
5.797431860483424 3.3047008905547433 -0.06363603124956332 250000.0
5.843908130247891 3.322644500250218 -0.06787669391912061 0.0 4,1,0 coil/filament1/filament2
5.87215810881818 3.2198692778683777 0.0589258094666484 250000.0
5.823745158999417 3.2094928147054524 0.051960516789782744 250000.0
5.823745158999417 3.2094928147054524 0.051960516789782744 250000.0
5.823745158999417 3.2094928147054524 0.051960516789782744 250000.0
5.823745158999417 3.2094928147054524 0.051960516789782744 250000.0
5.823745158999417 3.2094928147054524 0.051960516789782744 250000.0
5.823745158999417 3.2094928147054524 0.051960516789782744 250000.0
5.823745158999417 3.2094928147054524 0.051960516789782744 250000.0
5.823745158999417 3.2094928147054524 0.051960516789782744 250000.0
5.823745158999417 3.2094928147054524 0.051960516789782744 250000.0
5.823745158999417 3.2094928147054524 0.051960516789782744 250000.0
5.823745158999417 3.2094928147054524 0.051960516789782744 250000.0
5.823745158999417 3.2094928147054524 0.051960516789782744 250000.0
5.823745158999417 3.2094928147054524 0.051960516789782744 250000.0
5.823745158999417 3.2094928147054524 0.051960516789782744 250000.0
5.823745158999417 3.2094928147054524 0.051960516789782744 250000.0
5.823745158999417 3.2094928147054524 0.051960516789782744 250000.0
5.823745158999417 3.2094928147054524 0.051960516789782744 250000.0
5.823745158999417 3.2094928147054524 0.051960516789782744 250000.0
5.823745158999417 3.2094928147054524 0.051960516789782744 250000.0
5.823745158999417 3.2094928147054524 0.051960516789782744 250000.0
5.823745158999417 3.2094928147054524 0.051960516789782744 250000.0
5.823745158999417 3.2094928147054524 0.051960516789782744 250000.0
5.823745158999417 3.2094928147054524 0.051960516789782744 250000.0
5.823745158999417 3.2094928147054524 0.051960516789782744 250000.0
5.823745158999417 3.2094928147054524 0.051960516789782744 250000.0
5.823745158999417 3.2094928147054524 0.051960516789782744 250000.0
5.823745158999417 3.2094928147054524 0.051960516789782744 250000.0
5.823745158999417 3.2094928147054524 0.051960516789782744 250000.0
5.823745158999417 3.2094928147054524 0.051960516789782744 250000.0
5.823745158999417 3.2094928147054524 0.051960516789782744 250000.0
5.823745158999417 3.2094928147054524 0.051960516789782744 250000.0
5.823745158999417 3.2094928147054524 0.051960516789782744 250000.0
5.823745158999417 3.2094928147054524 0.051960516789782744 250000.0
5.823745158999417 3.2094928147054524 0.051960516789782744 250000.0
5.823745158999417 3.2094928147054524 0.051960516789782744 250000.0
5.823745158999417 3.2094928147054524 0.051960516789782744 250000.0
5.823745158999417 3.2094928147054524 0.051960516789782744 250000.0
5.823745158999417 3.2094928147054524 0.051960516789782744 250000.0
5.823745158999417 3.2094928147054524 0.051960516789782744 250000.0
5.823745158999417 3.2094928147054524 0.051960516789782744 250000.0
5.823745158999417 3.2094928147054524 0.051960516789782744 250000.0
5.823745158999417 3.2094928147054524 0.051960516789782744 250000.0
5.823745158999417 3.2094928147054524 0.051960516789782744 250000.0
5.823745158999417 3.2094928147054524 0.051960516789782744 250000.0
5.823745158999417 3.2094928147054524 0.051960516789782744 250000.0
5.823745158999417 3.2094928147054524 0.051960516789782744 250000.0
5.823745158999417 3.2094928147054524 0.051960516789782744 250000.0
5.823745158999417 3.2094928147054524 0.051960516789782744 250000.0
5.823745158999417 3.2094928147054524 0.051960516789782744 250000.0
5.823745158999417 3.2094928147054524 0.051960516789782744 250000.0
5.823745158999417 3.2094928147054524 0.051960516789782744 250000.0
5.823745158999417 3.2094928147054524 0.051960516789782744 250000.0
5.823745158999417 3.2094928147054524 0.051960516789782744 250000.0
5.823745158999417 3.2094928147054524 0.051960516789782744 250000.0
5.823745158999417 3.2094928147054524 0.051960516789782744 250000.0
5.823745158999417 3.2094928147054524 0.051960516789782744 250000.0
5.823745158999417 3.2094928147054524 0.051960516789782744 250000.0
5.823745158999417 3.2094928147054524 0.051960516789782744 250000.0
5.823745158999417 3.2094928147054524 0.051960516789782744 250000.0
5.823745158999417 3.2094928147054524 0.051960516789782744 250000.0
5.823745158999417 3.2094928147054524 0.051960516789782744 250000.0
5.823745158999417 3.2094928147054524 0.051960516789782744 250000.0
5.823745158999417 3.2094928147054524 0.051960516789782744 250000.0
5.87215810881818 3.2198692778683777 0.0589258094666484 0.0 4,1,1 coil/filament1/filament2
