periods 0
begin filament
FOCUSADD Coils
7.027575769397483 0.40500803321032675 0.07922185418905503 250000.0
7.013185214953621 0.3872319434863507 0.20599270710510753 250000.0
6.981215459225618 0.38419317888044274 0.3256007888276871 250000.0
6.935651374383569 0.39540070465113314 0.433328227011233 250000.0
6.882216583313223 0.41742424753737467 0.5271749932285754 250000.0
6.826887299823412 0.44472907661530287 0.6080644373073287 250000.0
6.774402686661492 0.4708649548316378 0.6792062885255606 250000.0
6.726961409838434 0.48963377018308585 0.7452432540832167 250000.0
6.683637525571607 0.4955359271328984 0.8114188443916632 250000.0
6.64272661421712 0.48322622719125163 0.8813247108583229 250000.0
6.603060212316197 0.4512269630197572 0.9545752050744576 250000.0
6.559449424482755 0.4039567918513832 1.0304307489678668 250000.0
6.503656933815614 0.34756972829866295 1.1085525444122921 250000.0
6.428092721781598 0.28857490729842106 1.1870557322426667 250000.0
6.327867628015588 0.2333872790246601 1.2622858601042033 250000.0
6.20187831635009 0.18722041826477945 1.32956814282399 250000.0
6.053014493092541 0.15295486530870123 1.3841089835149756 250000.0
5.887562288739582 0.13060945108131447 1.421652988204665 250000.0
5.714110465303869 0.11751888987469135 1.438795424424118 250000.0
5.542183831026768 0.10902759363696017 1.432999176742812 250000.0
5.380892104096975 0.09942862844861974 1.4023603070506245 250000.0
5.238238669893645 0.08288506245754346 1.3453316245172755 250000.0
5.121794220950308 0.05466812307051813 1.2613525011710176 250000.0
5.038812048794639 0.013927652591296226 1.1532761082922116 250000.0
4.992048524964806 -0.034068137363994264 1.0276713065051968 250000.0
4.97735730312354 -0.08065068876005548 0.8906517131505771 250000.0
4.98740443878523 -0.11725957967909592 0.7466737336506597 250000.0
5.014722244494936 -0.13629237893979484 0.6004912102840092 250000.0
5.052463184274671 -0.1316846949338415 0.45818460732176586 250000.0
5.094627688205357 -0.10043513951471118 0.3267334836212941 250000.0
5.13624101793686 -0.04426382289159407 0.21195290962903063 250000.0
5.173174231838174 0.031131666670319802 0.11545186642432018 250000.0
5.201947016867999 0.1196914614175903 0.03458360010990331 250000.0
5.220203086006316 0.21645186318711454 -0.034362634894077655 250000.0
5.227131800958217 0.3162682871295596 -0.09492712133548636 250000.0
5.223441918084316 0.4138779884582676 -0.15115279589502115 250000.0
5.211410135045566 0.5059430865615788 -0.20787178849885352 250000.0
5.195461666011578 0.5931053813068186 -0.27180939200728654 250000.0
5.182088721474357 0.6742710541017428 -0.35474998483929887 250000.0
5.173406490937384 0.7363578643482425 -0.4641197385523059 250000.0
5.169866338463192 0.7735458603351731 -0.5925876929927218 250000.0
5.178561322780412 0.7914223838041238 -0.7321300091087865 250000.0
5.207902927618711 0.7951187968611011 -0.8756944868884448 250000.0
5.264385828306533 0.7878290746911736 -1.0142421285965462 250000.0
5.3516424575653545 0.7717352352208143 -1.1368117363782728 250000.0
5.469261173979084 0.7486731894485151 -1.2319676377354623 250000.0
5.611883238645969 0.7206005663278445 -1.2904465636255513 250000.0
5.77034331702455 0.6897452889287116 -1.3080385158763568 250000.0
5.934308258722845 0.6585244987442724 -1.2863006200780158 250000.0
6.094050712605794 0.629490433977131 -1.2312588387001187 250000.0
6.241263567166545 0.6051878997909874 -1.1518680424268173 250000.0
6.369801618711725 0.5877740946430533 -1.0585731106049379 250000.0
6.4763953233166545 0.578489080562809 -0.9617347503491149 250000.0
6.561043147171486 0.5771707375301236 -0.8699874734821829 250000.0
6.626919765511923 0.582043856426436 -0.7887362145385493 250000.0
6.679710984094771 0.5900255889997248 -0.7190290582111445 250000.0
6.726227214318418 0.597437440828909 -0.6573930530613327 250000.0
6.7723330221298035 0.6002464135759563 -0.5976065068277245 250000.0
6.820830818871049 0.5941936844625743 -0.5339217953583375 250000.0
6.871070249848234 0.5767914885974063 -0.46220602074586825 250000.0
6.920493528792546 0.5485987429286114 -0.3788854375875078 250000.0
6.965394056358133 0.5124381482764112 -0.28157553603508606 250000.0
7.001154476054789 0.472755167464795 -0.1704177615615777 250000.0
7.02308079051358 0.43506021596339317 -0.048399828596009706 250000.0
7.027575769397483 0.40500803321032675 0.07922185418905503 0.0 0,0,0 coil/filament1/filament2
7.028194736736105 0.30682153984083477 0.060273783067264664 250000.0
7.0133866398371625 0.2876244352880325 0.19714376713818124 250000.0
6.9796531398670245 0.2842415418865677 0.32828954699204305 250000.0
6.931112791354594 0.29648868266618905 0.44732155295394765 250000.0
6.874298198181579 0.32042119236907046 0.5501468556894623 250000.0
6.816659994544493 0.3491848273104804 0.6357537610894244 250000.0
6.765081215466221 0.3748683046654685 0.7056213094725492 250000.0
6.724596299242313 0.3911637430939007 0.7625076688408406 250000.0
6.69574371225877 0.3962714976398721 0.8115340889991728 250000.0
6.6714001859899135 0.38912865825369813 0.8633393334134968 250000.0
6.642385574621743 0.36382335823539114 0.9260423161524454 250000.0
6.602171445897107 0.3191948695666413 0.9989625838344026 250000.0
6.5442510422253415 0.2612701082728062 1.0784777385806326 250000.0
6.462699563706798 0.19869274870733497 1.1601565861786922 250000.0
6.3543538590697795 0.13989447912559635 1.2386728143121501 250000.0
6.219974464104622 0.09118257002635352 1.308372361588584 250000.0
6.064059449656674 0.055591147845390015 1.364151141541933 250000.0
5.893984576597832 0.03277169483059576 1.401992681226117 250000.0
5.719003662111318 0.01960153072103095 1.419091429870306 250000.0
5.549116788185715 0.011143023947171857 1.4137496281331128 250000.0
5.393818733332696 0.0017797497906925988 1.3851092562579452 250000.0
5.261108674771651 -0.013648183155667452 1.3327500757946629 250000.0
5.157310552603916 -0.03869679973974892 1.256706925372064 250000.0
5.086653332142091 -0.0737130913491574 1.1587817062826815 250000.0
5.048741572278015 -0.1150450230875309 1.0427922312407945 250000.0
5.038515213081975 -0.15676872071180603 0.912233076900542 250000.0
5.04959010927324 -0.19197199062672216 0.7701470810120755 250000.0
5.0756235315438705 -0.2130616580002192 0.6204288888932665 250000.0
5.1102972971121465 -0.21264518092367685 0.4682153152026607 250000.0
5.147627550401546 -0.18496603431886643 0.3199849703928999 250000.0
5.182857438136507 -0.12800445702114976 0.18341494257897922 250000.0
5.213243892262371 -0.045536828219354966 0.06528849129025013 250000.0
5.237350434265503 0.05406442338985381 -0.0320473980537457 250000.0
5.253723533113226 0.1616574716477691 -0.11100436165950081 250000.0
5.260817350599684 0.2689471734297127 -0.17632734211871554 250000.0
5.257470258944233 0.36842003863724393 -0.23346711309677298 250000.0
5.242851453570785 0.4542491315830938 -0.28749074671910435 250000.0
5.216249480358221 0.525377662370925 -0.3423843370120834 250000.0
5.181252300005435 0.5881296511220477 -0.40553343777247497 250000.0
5.151005468504611 0.6431345052233615 -0.4925380338467086 250000.0
5.13548966525667 0.6809043963824043 -0.607943587494176 250000.0
5.1397237556300075 0.6998929698197114 -0.7428075441009009 250000.0
5.168958096017094 0.7036079454201752 -0.8861378656558011 250000.0
5.227888758887509 0.6955192498176781 -1.0263607157933932 250000.0
5.319047556577168 0.6782868825952275 -1.1511287829010124 250000.0
5.441254172817048 0.654073814899527 -1.2482944935518743 250000.0
5.588648334923184 0.6249869607359197 -1.3082840991813602 250000.0
5.751823119175955 0.5932819009926397 -1.326795302902493 250000.0
5.920424707228049 0.5613482783761443 -1.305380169151732 250000.0
6.084858143963259 0.5317032512295911 -1.2500514854549405 250000.0
6.237014769426453 0.506879267896519 -1.169682660379547 250000.0
6.37091499559163 0.48906679964246624 -1.0745615534806647 250000.0
6.483298703321433 0.47959877714386157 -0.9748896442756407 250000.0
6.573831010573414 0.4784351152330046 -0.879354833794153 250000.0
6.644761588331596 0.4837924074174486 -0.7940580681729291 250000.0
6.700165810920434 0.4921815181206967 -0.7218817505099878 250000.0
6.745163375676118 0.49935632273712216 -0.6620315945239217 250000.0
6.785542642481085 0.5018356552226123 -0.6094736282349893 250000.0
6.826931256620246 0.4967488853135295 -0.5555388205484624 250000.0
6.87200564604421 0.4812304327776711 -0.4916544442108693 250000.0
6.91908313057936 0.45441063127475284 -0.4124504550902667 250000.0
6.963679618310752 0.41848046110673387 -0.3157663787258817 250000.0
7.000191760391047 0.37795899666590727 -0.20224163908174955 250000.0
7.023120313785401 0.33869271588173677 -0.07510756840908521 250000.0
7.028194736736105 0.30682153984083477 0.060273783067264664 0.0 0,0,1 coil/filament1/filament2
6.927641688382798 0.4050785038441093 0.0755921867607515 250000.0
6.914866411001113 0.3886503702279267 0.18778828855006693 250000.0
6.8865469203727505 0.38480644822807764 0.293390671594583 250000.0
6.8458035781855875 0.3933194544226834 0.3894757251914663 250000.0
6.796957467567802 0.41207352556698945 0.4751917944360372 250000.0
6.74472197414744 0.4371522610345421 0.5515715074645893 250000.0
6.693000640536608 0.46293622701263837 0.6216663705393963 250000.0
6.643683985415384 0.4820199061715218 0.6904080495492989 250000.0
6.597567031324531 0.4849810370342033 0.761614584382417 250000.0
6.556934374221358 0.4663593477548683 0.8327943086903214 250000.0
6.520677149972251 0.4315091982054531 0.9014316185417326 250000.0
6.48148780052546 0.3870489316196462 0.9701305876718523 250000.0
6.431206135457352 0.33723902433836866 1.0404044822759757 250000.0
6.363250338679102 0.2863824526182367 1.110959355876479 250000.0
6.273112116495471 0.2389621549186102 1.178794814375111 250000.0
6.159030692672706 0.19892049564562622 1.239973559647977 250000.0
6.022829380985102 0.16880092096208246 1.2900996141558991 250000.0
5.870135165112041 0.14890814532327612 1.3248983854660377 250000.0
5.709597131271995 0.1370095987028807 1.3408171508871165 250000.0
5.551459675157049 0.1288725039495236 1.3354279809401723 250000.0
5.405971315023437 0.11947951522450392 1.307655528296822 250000.0
5.281763821160308 0.1045848819662685 1.2579549740864948 250000.0
5.184084950490283 0.08201071053588314 1.1880568810830712 250000.0
5.114204108755842 0.051706194029656975 1.0995283725110978 250000.0
5.071924981677769 0.015482304259170798 0.9935464563526852 250000.0
5.056473971722332 -0.02198996346706776 0.8733464521606484 250000.0
5.064593908514718 -0.05372504167449388 0.7444047595603996 250000.0
5.090851055109459 -0.07266105004800655 0.6129594971704742 250000.0
5.1292320332693295 -0.0735141023424079 0.48506817073134223 250000.0
5.174080543811505 -0.05371582384402228 0.3655220035632963 250000.0
5.22000885352281 -0.012860606215370482 0.2566383401811861 250000.0
5.261500806746108 0.04890622985171843 0.15883943456017788 250000.0
5.2937269507500115 0.13037963446533013 0.07282241146061033 250000.0
5.313873274939064 0.22710241391726782 -0.0010090522612036038 250000.0
5.321277657475607 0.33195036229591096 -0.06508369292848404 250000.0
5.31715307197598 0.4375006280151654 -0.12545862269061753 250000.0
5.304954773474532 0.5370846553320279 -0.19115044537967146 250000.0
5.290892398182884 0.6229827712403664 -0.27237235560029216 250000.0
5.27984508136666 0.6842560270079514 -0.37329707131315537 250000.0
5.269797078109367 0.7194703713012722 -0.4847029181713298 250000.0
5.263721318887389 0.740186533585396 -0.6014419557161447 250000.0
5.269994047397867 0.7517037097004569 -0.7242253398256667 250000.0
5.295413166433261 0.7548188501875847 -0.8489013459614801 250000.0
5.344063893955514 0.7501268694701533 -0.9670197866818482 250000.0
5.4172386213361765 0.7384744559090877 -1.069055822554252 250000.0
5.513896026383976 0.720783560189188 -1.1469388277322003 250000.0
5.6314339049658 0.6980442569471843 -1.1950055642931126 250000.0
5.765390319045415 0.6715988575669517 -1.2098235738367076 250000.0
5.908639760082821 0.6434479185488333 -1.190834265234136 250000.0
6.052170397635739 0.6161650094718379 -1.1414341634724134 250000.0
6.187090914560799 0.5924726818793287 -1.0687798546796037 250000.0
6.306460770758764 0.5747055107297454 -0.9823028733226227 250000.0
6.406429435357184 0.5642901059686071 -0.8917121565488562 250000.0
6.486670467615825 0.5613757327353802 -0.8050319320769648 250000.0
6.55014155425004 0.5647596446491095 -0.7270404910347105 250000.0
6.602162155584048 0.5720490160026547 -0.65850615329164 250000.0
6.6487644197222036 0.5796123590309562 -0.5967153643096916 250000.0
6.6944008524445575 0.5825373463454019 -0.5374985550578155 250000.0
6.7404323780303494 0.5765619847532263 -0.47713082886062813 250000.0
6.78639912305184 0.5603675076404191 -0.4115991720339252 250000.0
6.8310472887822025 0.5347833227511678 -0.3363589245240931 250000.0
6.871597549703565 0.5021055467607406 -0.2484779124751087 250000.0
6.903899034613168 0.46624383702667527 -0.14807986358703382 250000.0
6.923631338701866 0.4322236905145932 -0.03831217982497406 250000.0
6.927641688382798 0.4050785038441093 0.0755921867607515 0.0 0,1,0 coil/filament1/filament2
6.92826065572142 0.30689201047461734 0.05664411563896113 250000.0
6.9150678358846545 0.2890428620296085 0.17893934858314064 250000.0
6.884984601014157 0.2848548112342026 0.2960794297589389 250000.0
6.841264995156613 0.2944074324377393 0.4034690511341809 250000.0
6.789039082436158 0.31507047039868524 0.4981636568969241 250000.0
6.734494668868521 0.3416080117297196 0.5792608312466849 250000.0
6.683679169341337 0.36693957684646905 0.6480813914863849 250000.0
6.641318874819263 0.3835498790823366 0.7076724643069229 250000.0
6.609673218011695 0.385716607541177 0.7617298289899266 250000.0
6.585607945994151 0.3722617788173148 0.8148089312454954 250000.0
6.560002512277797 0.34410559342108704 0.8728987296197204 250000.0
6.524209821939812 0.30228700933490427 0.9386624225383883 250000.0
6.47180024386708 0.25093940431251194 1.0103296764443161 250000.0
6.397857180604302 0.19650029402715055 1.0840602098125045 250000.0
6.299598347549662 0.14546935501954644 1.1551817685830579 250000.0
6.177126840427238 0.1028826474072003 1.218777778412571 250000.0
6.033874337549235 0.07143720349877127 1.2701417721828565 250000.0
5.876557452970291 0.051070389072557426 1.3052380784874897 250000.0
5.714490328079443 0.03909223954922032 1.3211131563333045 250000.0
5.558392632315996 0.030987934259735297 1.316178432330473 250000.0
5.418897944259158 0.02183063656657678 1.2904044775041428 250000.0
5.304633826038314 0.008051636353057591 1.2453734253638822 250000.0
5.219601282143891 -0.011354212274383907 1.1834113052841175 250000.0
5.162045392103294 -0.03593454991079666 1.1050339705015677 250000.0
5.128618028990978 -0.06549458146436583 1.008667381088283 250000.0
5.117631881680767 -0.0981079954188183 0.8949278159106133 250000.0
5.1267795790027275 -0.1284374526221201 0.7678781069218155 250000.0
5.151752342158393 -0.1494303291084309 0.6328971757797315 250000.0
5.1870661461068055 -0.15447458833224326 0.49509887861223706 250000.0
5.227080406007694 -0.13824671864817756 0.3587734903349021 250000.0
5.266625273722457 -0.09660124034492616 0.22810037313113468 250000.0
5.301570467170305 -0.02776226503795634 0.10867605942610783 250000.0
5.329130368147515 0.06475259643759365 0.00619141329696133 250000.0
5.3473937220459735 0.1723080223779224 -0.07765077902662676 250000.0
5.354963207117073 0.28462924859606403 -0.1464839137117132 250000.0
5.3511814128358965 0.39204267819414174 -0.20777293989236936 250000.0
5.3363960919997515 0.48539070035354287 -0.2707694035999223 250000.0
5.311680212529527 0.5552550523044728 -0.342947300605089 250000.0
5.279008659897738 0.5981146240282563 -0.42408052424633147 250000.0
5.247396055676593 0.6262470121763912 -0.5131212134657325 250000.0
5.229344645680866 0.6475450696326271 -0.6167978502175988 250000.0
5.231156480247462 0.6601742957160445 -0.7349028748177812 250000.0
5.256468334831643 0.6633079987466588 -0.8593447247288365 250000.0
5.307566824536491 0.6578170445966578 -0.9791383738786951 250000.0
5.38464372034799 0.6450261032835009 -1.0833728690769915 250000.0
5.485889025221939 0.6261841856401998 -1.1632656835486124 250000.0
5.608199001243015 0.6024306513552595 -1.2128430998489215 250000.0
5.74687012119682 0.5751354696308798 -1.2285803608628438 250000.0
5.894756208588025 0.5462716981807052 -1.209913814307852 250000.0
6.0429778289932035 0.518377826724298 -1.1602268102272353 250000.0
6.182842116820707 0.4941640499848603 -1.0865944726323333 250000.0
6.307574147638669 0.4759982157291584 -0.9982913161983495 250000.0
6.413332815361962 0.4653998025496596 -0.904867050475382 250000.0
6.499458331017753 0.46264011043826114 -0.8143992923889349 250000.0
6.567983377069712 0.46650819564012214 -0.7323623446690903 250000.0
6.622616982409711 0.47420494512362654 -0.6613588455904833 250000.0
6.667700581079903 0.4815312409391694 -0.6013539057722807 250000.0
6.707610472795839 0.4841265879920579 -0.5493656764650803 250000.0
6.746532815779546 0.4791171856041815 -0.49874785405075306 250000.0
6.787334519247816 0.464806451820684 -0.44104759549892625 250000.0
6.829636890569017 0.44059521109730915 -0.36992394202685197 250000.0
6.869883111656184 0.40814785959106326 -0.28266875516590434 250000.0
6.902936318949426 0.3714476662277875 -0.17990374110720567 250000.0
6.923670861973687 0.3358561904329368 -0.06501991963804957 250000.0
6.92826065572142 0.30689201047461734 0.05664411563896113 0.0 0,1,1 coil/filament1/filament2
6.770100358065518 1.3116115075868804 0.2773685488488002 250000.0
6.721023834305352 1.292052174766189 0.3422228548177534 250000.0
6.660247260396352 1.287992067963989 0.40097320145701026 250000.0
6.595264642516719 1.295357361969622 0.46711119353964153 250000.0
6.531288015782224 1.3128835066591806 0.5466264532565714 250000.0
6.473881802134741 1.3367690947722117 0.6395406312602319 250000.0
6.42699324754129 1.360718127491614 0.7437515868265903 250000.0
6.3912182688183465 1.3774599371412986 0.8564677925754922 250000.0
6.364179047702993 1.3790621397315297 0.9743533568414801 250000.0
6.3427104765688 1.3580660896798888 1.091452713903511 250000.0
6.322021668253238 1.3124865840614137 1.1986637506748112 250000.0
6.292600190224925 1.2475677050352563 1.2883964167577766 250000.0
6.243663486487383 1.1726482977864923 1.3570925112728363 250000.0
6.169121797806786 1.0977367871387382 1.405339862844219 250000.0
6.068223805154177 1.0295431225582239 1.4372512763946852 250000.0
5.94312094185201 0.9710430965063049 1.457912868441416 250000.0
5.79843005351028 0.9232087945303762 1.4712389043473002 250000.0
5.641332677031432 0.8853643594460924 1.4791887840930582 250000.0
5.480455502611778 0.8549920653063678 1.4815286153007925 250000.0
5.324078359963483 0.8280512589617007 1.4757830835910057 250000.0
5.17864783827656 0.7995904626262167 1.4573971230638458 250000.0
5.048773047185392 0.7642504880749207 1.420265632087901 250000.0
4.939566006201322 0.7178085239607911 1.358702949946504 250000.0
4.85678825770097 0.661021401577461 1.2715003209197475 250000.0
4.800999267535965 0.5994313672016504 1.162069391865519 250000.0
4.767643419950241 0.5383885703511936 1.0344300023703439 250000.0
4.752173856396212 0.4818814170548937 0.8931608233503071 250000.0
4.7518243352190686 0.4332983470441958 0.7445004845292483 250000.0
4.765349631933502 0.3954129830313789 0.5958911500326808 250000.0
4.79243966246508 0.37007149234038067 0.4547645317147129 250000.0
4.833025649647629 0.3581544734008584 0.32741342663106066 250000.0
4.886309603235562 0.3599537357002181 0.21846895534384198 250000.0
4.949140749199031 0.37581225959043746 0.13095527154009629 250000.0
5.014166500209842 0.4066145006418861 0.06604372757475557 250000.0
5.070402891769373 0.4528085401581724 0.02295057972078972 250000.0
5.1102098612830416 0.5094232952186467 -0.0018004034440239347 250000.0
5.136656395678458 0.5692690009907313 -0.02249463142255165 250000.0
5.151942769107183 0.637720368433389 -0.05573954532495666 250000.0
5.15378459213581 0.7219432319049842 -0.10709497072288873 250000.0
5.142711748771795 0.8222183919372695 -0.17684151825985897 250000.0
5.123839379621674 0.9346491071625439 -0.2632393105016658 250000.0
5.105639083239898 1.0536035633270429 -0.36295486158188317 250000.0
5.098773044484316 1.1726834798084953 -0.471892312812187 250000.0
5.115187419768767 1.2837193554945179 -0.5868336579694197 250000.0
5.164329629163039 1.3740623832174397 -0.7052746231516559 250000.0
5.247273597069346 1.4309564864754525 -0.8210796316823238 250000.0
5.357868700770847 1.4508492779039561 -0.9245001086138618 250000.0
5.4875198172469215 1.43934989771529 -1.0083917642204645 250000.0
5.627696981711989 1.406021527500229 -1.0696838769265302 250000.0
5.770088888305579 1.3615575811974807 -1.1069013557740233 250000.0
5.90695237132123 1.3168397294126977 -1.1188321801847636 250000.0
6.032130317393648 1.2819369832744159 -1.1042718300062753 250000.0
6.141496416493194 1.26484503476501 -1.0623544385970127 250000.0
6.233456166644149 1.2692111509191915 -0.9942913568860551 250000.0
6.311639786713506 1.2927813577939888 -0.9034394325125019 250000.0
6.382748011196255 1.3301808749090465 -0.7928912819138133 250000.0
6.451589726804903 1.3742422004706643 -0.6665196805092809 250000.0
6.520448982455719 1.4163240298472992 -0.5298571947752462 250000.0
6.589362518815757 1.4480120775316365 -0.38929570316551354 250000.0
6.656068932956654 1.4629231283207562 -0.25103954027420333 250000.0
6.71622004151392 1.4578659300950974 -0.12030365211423871 250000.0
6.763963211267462 1.4333958590328917 -0.0008164397970637054 250000.0
6.792669091514026 1.3941024475667174 0.1054975204472974 250000.0
6.795845559454265 1.3490502659885346 0.19835032363345098 250000.0
6.770100358065518 1.3116115075868804 0.2773685488488002 0.0 1,0,0 coil/filament1/filament2
6.793588858778735 1.2195272891311213 0.24624320474408065 250000.0
6.745067459586684 1.1952811494779576 0.3346549787619945 250000.0
6.681958670539182 1.1917913311624886 0.41752714082074704 250000.0
6.613876880305824 1.2019771372532224 0.497667996978427 250000.0
6.548335874122912 1.2207913161440591 0.581674976365576 250000.0
6.492020658689803 1.2441290554596913 0.6725376765681014 250000.0
6.44987494429378 1.2668258726788804 0.7694551359960679 250000.0
6.423416723735155 1.2837284847474695 0.8697972461694573 250000.0
6.409455386665389 1.2899464738844837 0.9714462567744211 250000.0
6.400491629379546 1.2785002198190152 1.073270009672743 250000.0
6.387353970594885 1.2418242654433729 1.1714878974543146 250000.0
6.3598182512745005 1.179551032728739 1.2591480910435864 250000.0
6.307664311481776 1.1005710474687074 1.3304698820513574 250000.0
6.225428091019079 1.0180194620214496 1.3835511175651611 250000.0
6.114057871263743 0.9422963177602812 1.420303313791069 250000.0
5.97821620232243 0.8783848252101004 1.44439371710295 250000.0
5.824517085311016 0.827401123869816 1.4593916677739458 250000.0
5.661217021126952 0.7880398016924911 1.4676760382017906 250000.0
5.497557582837347 0.7571642218902959 1.4698140131087103 250000.0
5.3424164599870325 0.7304104268297843 1.4643821192408641 250000.0
5.2027732108115 0.7029910513777234 1.4480955024257618 250000.0
5.082825735980515 0.6703266743684646 1.4159376297014117 250000.0
4.985090124013362 0.6288315468480603 1.3619667271012923 250000.0
4.911600454291961 0.5781486080380861 1.2828017896672432 250000.0
4.861288049139672 0.5216020628797744 1.1796153943023506 250000.0
4.830419077802832 0.46353348358919527 1.0557825845801903 250000.0
4.815823769244574 0.40833753644264514 0.9163984269033253 250000.0
4.815700534934215 0.3602186122935409 0.7685667156160769 250000.0
4.829281575532241 0.32259418771495085 0.6205919523749465 250000.0
4.856368075581323 0.29765835398241147 0.4806391406893147 250000.0
4.896767172233476 0.28637747604633457 0.3554327226466041 250000.0
4.949547109711748 0.2888941145476248 0.24931612727781663 250000.0
5.011933120658029 0.30512389202713985 0.16351710161445326 250000.0
5.078173418989296 0.3354116621370771 0.09491014642466557 250000.0
5.139185410273776 0.38140924616472743 0.03603132761336077 250000.0
5.184181002542834 0.4440143880613135 -0.017610056356318515 250000.0
5.210807287639317 0.5167564090015462 -0.06425673031600374 250000.0
5.224444942735247 0.5963416343630469 -0.1107961996543106 250000.0
5.225656090238968 0.6867138866951121 -0.16703978698327393 250000.0
5.214640430644624 0.7885115052819598 -0.23758779811338965 250000.0
5.1952130272882195 0.897800738447902 -0.3228044021396516 250000.0
5.173823518677518 1.0080973932500736 -0.42022676786217783 250000.0
5.157886066563062 1.112539120371243 -0.525635281176432 250000.0
5.156140061791317 1.2061056503050698 -0.6347814825096252 250000.0
5.180633975769708 1.2838571044743776 -0.7452393071691242 250000.0
5.241130444096987 1.3366059205742074 -0.8536408415135484 250000.0
5.336227858924314 1.3572632721005862 -0.9523089827720314 250000.0
5.456852888925746 1.3476678471164423 -1.0339640364177918 250000.0
5.593068923870985 1.315585774069877 -1.0946292594981533 250000.0
5.736005091075425 1.2709291294687797 -1.1318969254541142 250000.0
5.878432999009231 1.2242260897577768 -1.1435173812736354 250000.0
6.0154490225327555 1.1859569873562459 -1.126845593212973 250000.0
6.1430653489484035 1.1663231772306826 -1.0794126342500316 250000.0
6.255167050335612 1.1719544772983947 -1.002644617659764 250000.0
6.348183360888731 1.1996979962737806 -0.9032049232416643 250000.0
6.426396549387914 1.240384040996962 -0.7872936276643289 250000.0
6.4965155682686975 1.2851618264614717 -0.659711175889877 250000.0
6.563129025905147 1.3259760508902445 -0.5259003539229323 250000.0
6.627858277441801 1.3557562875143845 -0.39193118720039477 250000.0
6.689520579999262 1.3694964279356328 -0.26338615783874897 250000.0
6.744661630972855 1.3650152280281123 -0.144174620144827 250000.0
6.788318553581932 1.3429160258963917 -0.0357480457769796 250000.0
6.814701724783458 1.3062610097651883 0.06308944484635959 250000.0
6.817794662244468 1.2612644721889326 0.15578400721214392 250000.0
6.793588858778735 1.2195272891311213 0.24624320474408065 0.0 1,0,1 coil/filament1/filament2
6.681213032117109 1.3042217009532735 0.23215313064152113 250000.0
6.644334267834843 1.2778932056894337 0.2796270563225752 250000.0
6.589063671824703 1.2607846345795626 0.3362225081271756 250000.0
6.5212314757963465 1.2615816984271278 0.4089880933331165 250000.0
6.450739023956474 1.2793714612313796 0.49775107369691884 250000.0
6.386785148484147 1.3060553675879254 0.6011891008433404 250000.0
6.335445847747833 1.3309857997896317 0.7166395548024361 250000.0
6.298931368229471 1.3432441572714484 0.8387927144258195 250000.0
6.275895253061011 1.3347128832838084 0.9588900112737653 250000.0
6.26175018292081 1.3050107705350498 1.0663416812112754 250000.0
6.248307957299378 1.2612991439291883 1.154548732935717 250000.0
6.226532560603303 1.2102958901545426 1.2232359983146914 250000.0
6.189255660585893 1.1546024964549673 1.2751526703224394 250000.0
6.129822819486128 1.0951020532502571 1.3134233328820335 250000.0
6.042781067154211 1.034933935208344 1.34069245379397 250000.0
5.927424747051194 0.979455120037758 1.359511306823314 250000.0
5.788797474832836 0.9328364146694927 1.3721706331476888 250000.0
5.6358620913642286 0.8959910991319159 1.3799056279380109 250000.0
5.479151308695105 0.8666560191830834 1.3822197473272346 250000.0
5.328908010901562 0.8405297567462525 1.3766823188873099 250000.0
5.193875144151789 0.8128245035623834 1.3594533161321052 250000.0
5.0804160344440525 0.7800331496562145 1.3267261807812003 250000.0
4.990890761137222 0.7410376645043661 1.276082271176739 250000.0
4.9231271815929984 0.6958677824051435 1.2052819177371 250000.0
4.874588021612437 0.6451822558640381 1.1121539487634664 250000.0
4.84385494710766 0.5919092936108943 0.9979973890947011 250000.0
4.8291484704379055 0.5405556508848062 0.8680163790811416 250000.0
4.82864499069002 0.4956196204610862 0.7298496902603202 250000.0
4.841054052313953 0.4606487015228893 0.5922659924145529 250000.0
4.865460160965259 0.4377861562428329 0.46386019504200227 250000.0
4.900661619475317 0.4276956712708755 0.35169093441648525 250000.0
4.94453138075885 0.4298181083239617 0.26005253455390326 250000.0
4.9940746327607775 0.44290096796812206 0.18994723129965463 250000.0
5.046271032494801 0.46553440019890296 0.1401905039237989 250000.0
5.099112399031125 0.496118911822559 0.10839047613388257 250000.0
5.151594026185858 0.5351156904300526 0.08553373491891762 250000.0
5.195815613716223 0.5910772882566584 0.05512357216196231 250000.0
5.220043974867884 0.6688609723990281 0.010536306677065899 250000.0
5.223162044470263 0.7639953365986287 -0.04862797491828663 250000.0
5.211126866379016 0.8717764808276804 -0.12333107527607927 250000.0
5.192602481323218 0.9876865830041345 -0.21365441360013132 250000.0
5.178213936360277 1.1054839566588006 -0.3177739421324357 250000.0
5.179428257072203 1.2162471552247502 -0.43193054525080443 250000.0
5.204875589439147 1.30834981674982 -0.5500998506588763 250000.0
5.255195306394794 1.3720095395584935 -0.663570732036718 250000.0
5.326278717632896 1.406423811840946 -0.7648983287424984 250000.0
5.417121779434238 1.4156211764605438 -0.8520566579947572 250000.0
5.526861425820374 1.4026759227609626 -0.9240872127662124 250000.0
5.649941062237077 1.372274218336135 -0.9782162870065128 250000.0
5.777173766317819 1.332569462027571 -1.0114576894019545 250000.0
5.898525441443313 1.293607519248414 -1.021934031266865 250000.0
6.005431775148593 1.264294720261203 -1.0095304008542845 250000.0
6.094204846005378 1.2490824251774215 -0.9756650649703379 250000.0
6.169664564982292 1.2485977736037517 -0.9200908162339385 250000.0
6.239565395902384 1.2646452993106998 -0.8400861026692297 250000.0
6.30715742597707 1.29695412511757 -0.7364816504266655 250000.0
6.373798925553488 1.338985582538061 -0.6145046621720995 250000.0
6.440704436534856 1.3807887092112485 -0.48109195732920834 250000.0
6.507696651171107 1.4126326537693539 -0.3436998433085552 250000.0
6.572169681346128 1.42743193139502 -0.2097928371335604 250000.0
6.629128041075482 1.4224338501842981 -0.08625146902965528 250000.0
6.672315930595542 1.4001388988436394 0.021426548860330862 250000.0
6.696303241517398 1.3677675260773379 0.10998025003714332 250000.0
6.698865486405678 1.3341741925165502 0.17902241972364336 250000.0
6.681213032117109 1.3042217009532735 0.23215313064152113 0.0 1,1,0 coil/filament1/filament2
6.704701532830326 1.2121374824975144 0.2010277865368016 250000.0
6.668377893116175 1.1811221804012022 0.2720591802668163 250000.0
6.6107750819675335 1.1645838977780623 0.35277644749091236 250000.0
6.5398437135854515 1.1682014737107282 0.43954489677190195 250000.0
6.467786882297161 1.187279270716258 0.5327995968059234 250000.0
6.404924005039209 1.213415328275405 0.6341861461512099 250000.0
6.358327544500323 1.237093544976898 0.7423431039719137 250000.0
6.33112982314628 1.2495127048776193 0.8521221680197846 250000.0
6.321171592023407 1.2455972174367624 0.9559829112067063 250000.0
6.319531335731557 1.225444900674176 1.0481589769805073 250000.0
6.3136402596410255 1.1906368253111475 1.1273728797152203 250000.0
6.293750621652879 1.1422792178480254 1.1939876726005012 250000.0
6.253256485580287 1.0825252461371824 1.2485300411009606 250000.0
6.1861291126984215 1.0153847281329684 1.2916345876029756 250000.0
6.088615133263777 0.9476871304104013 1.3237444911903538 250000.0
5.962520007521613 0.8867968487415535 1.345992155484848 250000.0
5.814884506633572 0.8370287440089326 1.3603233965743344 250000.0
5.655746435459749 0.7986665413783146 1.3683928820467433 250000.0
5.496253388920674 0.7688281757670115 1.3705051451351524 250000.0
5.347246110925111 0.7428889246143361 1.3652813545371683 250000.0
5.21800051668673 0.7162250923138902 1.3501516954940211 250000.0
5.114468723239176 0.6861093359497584 1.322398178394711 250000.0
5.0364148789492615 0.6520606873916354 1.2793460483315273 250000.0
4.97793937818399 0.6129949888657685 1.2165833864845956 250000.0
4.934876803216144 0.5673529515421621 1.129699951200298 250000.0
4.906630604960251 0.517054206848896 1.0193499713045475 250000.0
4.892798383286268 0.46701177027255764 0.8912539826341598 250000.0
4.892521190405167 0.42253988571043133 0.7539159213471488 250000.0
4.904985995912693 0.38782990620646124 0.6169667947568186 250000.0
4.929388574081502 0.3653730178848637 0.489734804016604 250000.0
4.964403142061164 0.3559186739163517 0.3797102304320287 250000.0
5.007768887235036 0.35875848717136843 0.29089970648787794 250000.0
5.056867004219776 0.37221260040482446 0.2225090613740116 250000.0
5.110277951274255 0.394331561694094 0.16905692277370887 250000.0
5.167894917535529 0.42471961782911405 0.12147122402645362 250000.0
5.225565167445651 0.46970678327271936 0.06972408200662304 250000.0
5.269966505677082 0.5385646962674733 0.013361473268510216 250000.0
5.292546148495948 0.627482238328686 -0.044520347652288045 250000.0
5.295033542573422 0.7287659913887566 -0.10857279117867183 250000.0
5.283055548251845 0.8380695941723707 -0.18407735512960996 250000.0
5.263976128989763 0.9508382142894926 -0.2732195052381171 250000.0
5.2463983717978975 1.0599777865818314 -0.37504584841273036 250000.0
5.238541279150949 1.1561027957874979 -0.4856735136150494 250000.0
5.245828231461696 1.2307361115603719 -0.5980476751990819 250000.0
5.271499653001462 1.2818042608154314 -0.7035354160541863 250000.0
5.320135564660537 1.3120732459397009 -0.797459538573723 250000.0
5.395480937587704 1.3220351706571738 -0.8798655321529267 250000.0
5.496194497499198 1.3109938721621148 -0.9496594849635396 250000.0
5.615313004396072 1.281838464905783 -1.0031616695781358 250000.0
5.743089969087666 1.24194101029887 -1.0364532590820454 250000.0
5.870006069131314 1.2009938795934931 -1.0466192323557368 250000.0
5.988750480287701 1.168314724343033 -1.0321041640609823 250000.0
6.095773778460588 1.1505605676430941 -0.9927232606233566 250000.0
6.191375448673756 1.151341099982955 -0.9284440770076475 250000.0
6.276108970077608 1.1715619377904916 -0.8398515933983921 250000.0
6.350805964168729 1.2071572912054855 -0.730883996177181 250000.0
6.418724767017283 1.2499052085288684 -0.6076961575526957 250000.0
6.483384479984284 1.2904407302541938 -0.47713511647689444 250000.0
6.546192409797151 1.3203768637521018 -0.3463353273434364 250000.0
6.605621328388736 1.3340052310098964 -0.22213945469810603 250000.0
6.657569630534417 1.329583148117313 -0.11012243706024355 250000.0
6.696671272910012 1.3096590657071394 -0.013505057119585027 250000.0
6.71833587478683 1.2799260882758088 0.0675721744362055 250000.0
6.720814589195881 1.2463883987169482 0.1364561033023363 250000.0
6.704701532830326 1.2121374824975144 0.2010277865368016 0.0 1,1,1 coil/filament1/filament2
6.201909230213527 2.153012247554866 0.17135769071903795 250000.0
6.200103576097407 2.207911318158061 0.23030024224402346 250000.0
6.2118734511165306 2.2640792165370884 0.30150128860564374 250000.0
6.235307395841092 2.3046432122313787 0.3937297330453399 250000.0
6.2582996581414925 2.3144581096241716 0.5028686606849182 250000.0
6.262289186825744 2.2926119819856567 0.6228984976188163 250000.0
6.236576968306881 2.2452098916349597 0.7498535061546037 250000.0
6.17875536792146 2.1795487419188095 0.8802534958874553 250000.0
6.0920486512709005 2.1035777834969647 1.0090309208066104 250000.0
5.984285269839482 2.025855131949641 1.1298450499213162 250000.0
5.866310637933265 1.954339225771316 1.2366457679174752 250000.0
5.749458962376778 1.8948472383951924 1.3250997764705477 250000.0
5.642692395662151 1.8498947511849844 1.3934111046998432 250000.0
5.550034622768115 1.8182836222754435 1.4424131010999586 250000.0
5.469057462541068 1.7955425475690991 1.4747998278979855 250000.0
5.39256683932647 1.7748700885494526 1.4934481415876308 250000.0
5.314309829224911 1.7489386613176412 1.50043507882257 250000.0
5.229296199231999 1.7128880488571145 1.4977289942481185 250000.0
5.130552188524264 1.6640295554056295 1.4863239660762961 250000.0
5.013228316330387 1.6013999904516103 1.4653395320723985 250000.0
4.878299767857998 1.5268394545450685 1.4325083412281725 250000.0
4.732741550399955 1.4448169380462472 1.3850597558943543 250000.0
4.587918391368937 1.3611922192023258 1.32057441382833 250000.0
4.4571280365515635 1.2816432692466628 1.2375482931230266 250000.0
4.3531996738843866 1.2102315157244672 1.1355649713546596 250000.0
4.2872608448086895 1.1486858381642133 1.016014903377313 250000.0
4.267187393390415 1.0968189110936268 0.8853719618801819 250000.0
4.291708213809998 1.0529462445783269 0.7558097446566308 250000.0
4.348818498527577 1.0144287456360637 0.6368960011141759 250000.0
4.422567355633061 0.978676211988942 0.5317953274421139 250000.0
4.498148262658013 0.9433063754176121 0.4401299711183145 250000.0
4.564369340655278 0.9070858936437559 0.3602672830403382 250000.0
4.615265894548208 0.8707004637199034 0.28979528616974587 250000.0
4.65081975347349 0.8362009197011293 0.22497435140257843 250000.0
4.675874018234705 0.8070868665878496 0.15962766473707765 250000.0
4.697654874461356 0.7909103899906269 0.08637780793059166 250000.0
4.723784093481 0.7984769720234409 0.0039013997460620627 250000.0
4.760261838059147 0.8354669560873195 -0.08061491749996794 250000.0
4.809151756656171 0.9002486210758911 -0.16022931261614284 250000.0
4.868299952144069 0.9886042173117895 -0.2314628537238395 250000.0
4.931808278262705 1.0947456308713783 -0.29243877078565733 250000.0
4.991268782111608 1.2109727528936214 -0.3427088990222875 250000.0
5.0381368139402785 1.328428216336666 -0.3839057033299798 250000.0
5.066714154044979 1.4388254506075158 -0.41992161964817376 250000.0
5.076348621296403 1.5369580313873932 -0.4560678214488844 250000.0
5.070727627019366 1.6225905289570268 -0.49714062513041607 250000.0
5.054586373845523 1.699416100734466 -0.5452569337137229 250000.0
5.0315850398552495 1.7773654585613317 -0.5984923322991685 250000.0
5.025750451864106 1.8777345724811385 -0.6583799712583438 250000.0
5.077283786763962 1.9624791468285119 -0.7399772494026583 250000.0
5.172690108856142 2.0163398562411308 -0.8245244371622055 250000.0
5.308776562856191 2.053024810079877 -0.8934940252825276 250000.0
5.480568004030222 2.0771439118871844 -0.9368925975839786 250000.0
5.676324069811775 2.089451749669858 -0.9469557527206282 250000.0
5.8788127648940325 2.089963793147913 -0.9183613885527072 250000.0
6.068382426031505 2.079467266708683 -0.8495104092370575 250000.0
6.22634748299212 2.0603972133445763 -0.743225275967079 250000.0
6.337837857102462 2.0373722326487913 -0.6072133500497167 250000.0
6.3947332253018585 2.0171482862013606 -0.4546098965194867 250000.0
6.399200137171271 2.0069079694658267 -0.30234291046218476 250000.0
6.364455393536366 2.0110369282946285 -0.16558956204112923 250000.0
6.310723434133329 2.0297924936469642 -0.05212560715743425 250000.0
6.258167984354753 2.0615220673370414 0.03849103295851357 250000.0
6.220399054060694 2.103698591898771 0.11077497173325915 250000.0
6.201909230213527 2.153012247554866 0.17135769071903795 0.0 2,0,0 coil/filament1/filament2
6.245068933653878 2.0892434699224296 0.2351603787361257 250000.0
6.246969949608822 2.13726325392923 0.28333225196086825 250000.0
6.265059981421232 2.1843248132620845 0.32996930842429417 250000.0
6.292285977552385 2.222475420383386 0.3951063989432732 250000.0
6.3163448219346865 2.2342143316241065 0.4890232624422679 250000.0
6.320668101432978 2.2134899931545515 0.6046882474093399 250000.0
6.2947278655926295 2.1656228947088985 0.7329898450706784 250000.0
6.235830066318785 2.098492445965614 0.8671250653185569 250000.0
6.147092093394153 2.0205467912888095 1.0003088905295734 250000.0
6.036368180393302 1.940604431114603 1.1254078846801165 250000.0
5.914534824672151 1.8667372829181488 1.236073560154908 250000.0
5.7929151965571934 1.8048265337835607 1.3278977135824546 250000.0
5.680532999821867 1.7575022066502217 1.3990419475514582 250000.0
5.582023901044793 1.7238565711028444 1.450173132168496 250000.0
5.497063677677269 1.6999526840155565 1.483644594687445 250000.0
5.4216978456961415 1.6796075744722039 1.5021910175201898 250000.0
5.349452779001808 1.6556695139976882 1.5085492170508308 250000.0
5.270577744016249 1.6221429694232838 1.5055497754606109 250000.0
5.175442384058558 1.5750248781120364 1.4942635986091188 250000.0
5.059623749902004 1.5131892159993194 1.4734834263637475 250000.0
4.925114262543612 1.438858176920287 1.4407362130576151 250000.0
4.779658913157586 1.35688938906392 1.393276032534609 250000.0
4.635181591879852 1.2734660365954176 1.3289593266295714 250000.0
4.505444942601271 1.1945883590123165 1.2468713395067812 250000.0
4.403655498930447 1.1247324616839665 1.1475700318335118 250000.0
4.341030102961951 1.0662507727013486 1.0337159445834456 250000.0
4.324794046180135 1.0197819679243516 0.9126992914514835 250000.0
4.352066242133414 0.9840006258773966 0.7958523479543134 250000.0
4.409425900950402 0.9548392729242451 0.6895822186049502 250000.0
4.481404101128818 0.9268717810093251 0.5938802556481256 250000.0
4.555039482923101 0.8958171776771088 0.5072728423312188 250000.0
4.620850695724543 0.8602176060770669 0.42818797318778795 250000.0
4.674047363121359 0.8214310091469228 0.3539611633823635 250000.0
4.715008275585149 0.7828418010703175 0.2800437447900503 250000.0
4.747227504251487 0.7502426740930684 0.20058395623019318 250000.0
4.775076349031059 0.7331373231115232 0.11222714097489864 250000.0
4.804770236766328 0.7417285053111393 0.01876262855027636 250000.0
4.843008506863814 0.7800323655911038 -0.07167092631886321 250000.0
4.892902266013513 0.8459113347786053 -0.1544577010359555 250000.0
4.95311845067365 0.935711783634274 -0.22859706118827072 250000.0
5.0183667624984825 1.0446819432491774 -0.2935594797002107 250000.0
5.080532413438977 1.1663438283085286 -0.3490542290081611 250000.0
5.130868188529235 1.2929746861318323 -0.3959031765163443 250000.0
5.162808753076957 1.4166879027760975 -0.4365275527112345 250000.0
5.174384445849046 1.5307478621510067 -0.47478708698839783 250000.0
5.168749549807506 1.630332482139805 -0.5153550373864173 250000.0
5.152338834436798 1.71094853343784 -0.5629051473426789 250000.0
5.128319576690303 1.766330289578023 -0.6213101855903432 250000.0
5.092709032991486 1.8111120530785874 -0.6912127037347122 250000.0
5.1042689922852595 1.872202153776523 -0.7734714758971529 250000.0
5.183678270257704 1.9225413451919284 -0.8574045167540473 250000.0
5.3144207149322655 1.958777956934665 -0.9264435961381096 250000.0
5.484760632245095 1.9828949187022686 -0.9700520480058653 250000.0
5.680738417332426 1.9952255414974884 -0.9801511624849938 250000.0
5.884437767396797 1.9956771289198039 -0.9512001506423423 250000.0
6.076138618388367 1.9849654975245694 -0.8812792162841581 250000.0
6.237398503369951 1.9654561674250923 -0.7726203903285374 250000.0
6.353746887327769 1.9417834663137343 -0.631905261839453 250000.0
6.417395925941406 1.9210911322890718 -0.47071657780375986 250000.0
6.43020786611142 1.9118571148907022 -0.30430652715409706 250000.0
6.4035243663940085 1.9206947526220373 -0.14792868282769658 250000.0
6.354587633491506 1.9486089179363573 -0.013587845812148024 250000.0
6.302654123275525 1.9906270321786987 0.09321650631251137 250000.0
6.263587466369838 2.0395820599469747 0.17420864869344874 250000.0
6.245068933653878 2.0892434699224296 0.2351603787361257 0.0 2,0,1 coil/filament1/filament2
6.112392864614508 2.114002018618282 0.19292206708975965 250000.0
6.112833878265194 2.1801897797570455 0.2704937261556631 250000.0
6.1327750347968495 2.2292971607722514 0.3518366552228661 250000.0
6.159144509547442 2.2524726793521754 0.43216734809258944 250000.0
6.178308721599658 2.2550867727212793 0.5116147698497664 250000.0
6.181457148938542 2.2380770195801416 0.6007147304357835 250000.0
6.160260169041172 2.199025014229728 0.7046572314308917 250000.0
6.109267076439229 2.140388460255841 0.8199389065499036 250000.0
6.029429865649949 2.0694288692327327 0.9389399845742306 250000.0
5.927724452091416 1.9952864938845039 1.0532524114858062 250000.0
5.8148956539227825 1.926565734448556 1.1554969379878548 250000.0
5.702572460558732 1.8695828406459483 1.2404631050235073 250000.0
5.600423152063392 1.8272349874084373 1.3056623374653125 250000.0
5.513888522622705 1.7985495363264807 1.3512866763043103 250000.0
5.442681062254288 1.7790214340023487 1.3797664742034739 250000.0
5.380146651950221 1.7620418523487942 1.3950551779087224 250000.0
5.315415034450773 1.7406856019395611 1.4007823541618232 250000.0
5.239173252787554 1.7088122262977772 1.3983014755044352 250000.0
5.145798909912404 1.6629037557017945 1.3874995254659934 250000.0
5.032958109673631 1.6027270848814763 1.3673141574237542 250000.0
4.903080425987234 1.5309732418458708 1.3357156205037624 250000.0
4.7640276727223565 1.4526660209691182 1.2904047483812935 250000.0
4.627963333474486 1.3740958119794622 1.2298556180624847 250000.0
4.508893133349488 1.3014600455264358 1.1543156665191587 250000.0
4.4192797427298816 1.2395245714524759 1.0664611264001973 250000.0
4.366063244487772 1.1903541390918833 0.9706945492015205 250000.0
4.34887590553942 1.1522661534621437 0.8694788722935494 250000.0
4.36486710440386 1.1208042461539551 0.7623723926920931 250000.0
4.410621852949087 1.0914053205134182 0.65286322699722 250000.0
4.477551249333886 1.0606061240081177 0.5480514324499722 250000.0
4.55267539607817 1.0262053938846432 0.45256156225474 250000.0
4.62317227745043 0.9876901082897717 0.3669885333380473 250000.0
4.6795707671465205 0.9472829177417648 0.2896899481222617 250000.0
4.717545412064581 0.910455467600324 0.21914780852782464 250000.0
4.739627739543462 0.88400817109131 0.15531768413720917 250000.0
4.754645067882656 0.8723098877376516 0.09761344855918772 250000.0
4.7722585273225375 0.8774828187427373 0.04142879571100318 250000.0
4.799307510328369 0.903718365362567 -0.018831581486223797 250000.0
4.83964614134039 0.955490150350785 -0.08265054009361636 250000.0
4.8926495955660725 1.0323418108272997 -0.14489428102743152 250000.0
4.952899989841665 1.1291644403597905 -0.2009484147033338 250000.0
5.0117533577032205 1.238593684137003 -0.24880753417555126 250000.0
5.059736933092876 1.3529421220915547 -0.28939378198016263 250000.0
5.089081430835536 1.4656228634189565 -0.3262114089153629 250000.0
5.096052842204193 1.5718843820778996 -0.364460541684333 250000.0
5.083313164734502 1.6692342536743259 -0.40958511596669916 250000.0
5.061952868550731 1.7591667198205545 -0.4654095901474695 250000.0
5.055312753540929 1.8484461678681525 -0.5322765610079602 250000.0
5.09770797344642 1.9249701588853165 -0.6074789450920255 250000.0
5.158027646120573 1.9647427061035476 -0.681025527836547 250000.0
5.234155980306027 1.9967558181495122 -0.7481149344879158 250000.0
5.347255109910765 2.024625442588392 -0.8056710365913392 250000.0
5.497702119944689 2.0451251997511455 -0.8437195105632135 250000.0
5.673321228585218 2.0561138167744923 -0.8527243079963104 250000.0
5.855498335676783 2.056741838838598 -0.8269680674502128 250000.0
6.0236906605980005 2.0476877334081185 -0.7658879997666592 250000.0
6.159891605736393 2.0313463603397053 -0.6743800559597244 250000.0
6.252755021439884 2.011411174852648 -0.5615303712313429 250000.0
6.299511528151941 1.9918206527226587 -0.4375412300731073 250000.0
6.30445016846835 1.9761812098270966 -0.31119218573754087 250000.0
6.27707350200184 1.9686055983962025 -0.18933797830199287 250000.0
6.230673189052664 1.9750061701716635 -0.07642410551813994 250000.0
6.179355894966163 2.0015091629442536 0.02481236809139474 250000.0
6.136258999220399 2.049726553626847 0.11350814868436102 250000.0
6.112392864614508 2.114002018618282 0.19292206708975965 0.0 2,1,0 coil/filament1/filament2
6.155552568054858 2.050233240985846 0.2567247551068474 250000.0
6.159700251776609 2.1095417155282146 0.3235257358725079 250000.0
6.185961565101551 2.1495427574972474 0.38030467504151655 250000.0
6.216123091258735 2.170304887504183 0.4335440139905227 250000.0
6.236353885392852 2.1748429947212142 0.49776937160711604 250000.0
6.239836063545776 2.1589550307490364 0.5825044802263071 250000.0
6.2184110663269205 2.1194380173036667 0.6877935703469664 250000.0
6.166341774836554 2.0593321643026457 0.8068104759810053 250000.0
6.084473307773202 1.9863978770245776 0.9302179542971936 250000.0
5.979807362645236 1.9100357930494658 1.0488152462446065 250000.0
5.8631198406616685 1.838963791595389 1.1549247302252876 250000.0
5.746028694739147 1.7795621360343166 1.2432610421354142 250000.0
5.638263756223108 1.7348424428736746 1.3112931803169274 250000.0
5.545877800899382 1.7041224851538816 1.3590467073728478 250000.0
5.470687277390489 1.683431570448806 1.3886112409929334 250000.0
5.409277658319892 1.6667793382715455 1.4037980538412813 250000.0
5.35055798422767 1.6474164546196082 1.408896492390084 250000.0
5.280454797571804 1.6180671468639465 1.4061222567169276 250000.0
5.1906891054466975 1.5738990784082014 1.3954391579988161 250000.0
5.079353543245248 1.5145163104291854 1.3754580517151032 250000.0
4.949894920672849 1.4429919642210893 1.343943492333205 250000.0
4.810945035479988 1.364738471986791 1.2986210250215482 250000.0
4.6752265339854 1.286369629372554 1.238240530863726 250000.0
4.5572100393991954 1.2144051352920895 1.1636387129029133 250000.0
4.469735567775942 1.1540255174119751 1.0784661868790495 250000.0
4.419832502641033 1.1079190736290185 0.9883955904076532 250000.0
4.40648255832914 1.0752292102928684 0.896806201864851 250000.0
4.4252251327272765 1.0518586274530248 0.8024149959897757 250000.0
4.471229255371912 1.0318158478015995 0.7055494444879943 250000.0
4.536387994829643 1.0088016930285006 0.610136360655984 250000.0
4.609566616343258 0.9787161961441397 0.5197044334676444 250000.0
4.6796536325196945 0.9408218207230826 0.43490922348549704 250000.0
4.738352235719671 0.8980134631687842 0.3538558253348793 250000.0
4.7817339341762395 0.8570963489695123 0.2742172019152965 250000.0
4.810981225560244 0.8271639785965289 0.1962739756303247 250000.0
4.832066542452359 0.814536820858548 0.12346278160349469 250000.0
4.853244670607865 0.8207343520304357 0.056290024515217474 250000.0
4.882054179133036 0.8482837748663513 -0.009887590305119077 250000.0
4.9233966506977325 0.9011528640534991 -0.076878928513429 250000.0
4.977468094095654 0.9794493771497843 -0.14202848849186273 250000.0
5.039458474077443 1.0791007527375895 -0.20206912361788715 250000.0
5.101016989030589 1.1939647595519103 -0.2551528641614248 250000.0
5.152468307681833 1.317488591886721 -0.30139125516652715 250000.0
5.185176029867515 1.4434853155875382 -0.3428173419784236 250000.0
5.194088666756836 1.565674212841513 -0.3831798072238464 250000.0
5.181335087522642 1.6769762068571041 -0.42779952822270045 250000.0
5.159705329142006 1.7706991525239286 -0.4830578037764256 250000.0
5.152047290375982 1.837410998884844 -0.5550944142991349 250000.0
5.164666554573801 1.8583476394827654 -0.6403116775683939 250000.0
5.18501285164187 1.8744657130515587 -0.7145197543310416 250000.0
5.245144141707589 1.9029573071003096 -0.7809950140797576 250000.0
5.352899261986839 1.9303785894431804 -0.8386206074469211 250000.0
5.501894748159562 1.9508762065662295 -0.8768789609851002 250000.0
5.677735576105869 1.9618876086021224 -0.885919717760676 250000.0
5.861123338179548 1.9624551746104886 -0.8598068295398479 250000.0
6.031446852954863 1.953185964224005 -0.7976568068137598 250000.0
6.170942626114224 1.9364053144202211 -0.7037751703211828 250000.0
6.268664051665191 1.915822408517591 -0.5862222830210791 250000.0
6.322174228791488 1.8957634988103702 -0.4536479113573805 250000.0
6.3354578974084985 1.8811303552519718 -0.3131558024294532 250000.0
6.3161424748594825 1.8782634227236112 -0.17167709908856021 250000.0
6.274537388410841 1.8938225944610565 -0.037886344172853706 250000.0
6.223842033886935 1.930614127785911 0.07953784144539254 250000.0
6.179447411529543 1.9856100216750507 0.1769418256445506 250000.0
6.155552568054858 2.050233240985846 0.2567247551068474 0.0 2,1,1 coil/filament1/filament2
5.987632632381315 2.673319505692691 0.13584999828083505 250000.0
5.9189182018888795 2.702083720522028 0.27189415071858364 250000.0
5.845867572877426 2.736159285080214 0.39983710752126805 250000.0
5.775249160611641 2.767930784041081 0.5165818739773562 250000.0
5.710684177527995 2.7907478035616093 0.6212321232500159 250000.0
5.652485196975836 2.7999336696282637 0.7148476882432541 250000.0
5.598879704624006 2.793561778323336 0.7985346801258495 250000.0
5.547016609208329 2.7742303874529504 0.8720264696330298 250000.0
5.492765680878321 2.7484654723853374 0.9362182219646739 250000.0
5.431630905881238 2.7222718892063136 0.994839427139726 250000.0
5.360052257305797 2.699037161710636 1.0522841112094512 250000.0
5.2762618788745215 2.6800311233925567 1.1111648295502687 250000.0
5.181010667855797 2.6644700063049633 1.1715088262687832 250000.0
5.077288782368118 2.649165656635115 1.2313487053031733 250000.0
4.969106496957291 2.6287178398593603 1.2876725627986119 250000.0
4.860465917326991 2.5963231594588034 1.3371364531317367 250000.0
4.755509197891166 2.5455257368917232 1.3763182986933806 250000.0
4.658561220934483 2.473745075817432 1.4018660265304046 250000.0
4.571311618575832 2.3844772185313583 1.4114942427402448 250000.0
4.490940740741135 2.284499735059386 1.404727461210654 250000.0
4.412622413069057 2.1809975603759497 1.382182324210902 250000.0
4.3323024910678365 2.080922164091954 1.3446802996918141 250000.0
4.247878979125515 1.9903626497243239 1.2927194990176758 250000.0
4.159603560080543 1.9136620313642871 1.2261420872494702 250000.0
4.070312833976182 1.8528403469917458 1.1441901543088941 250000.0
3.9854742759465434 1.8072138381315062 1.0460708578484414 250000.0
3.912633139414605 1.7731266365220768 0.931697666296278 250000.0
3.8601828718705926 1.7443299291105914 0.8024845152531062 250000.0
3.835557817183411 1.7135692881149565 0.6623549201566178 250000.0
3.842801131508977 1.6752753071375448 0.5179007208870596 250000.0
3.880898284086556 1.6275828065874265 0.3762311412287095 250000.0
3.9447074188424174 1.5720168659739517 0.24268638899251777 250000.0
4.0270915258482 1.5123963063952057 0.12087894050705653 250000.0
4.120397936734039 1.454258486033911 0.013429262592100574 250000.0
4.217506833294553 1.4041362526736614 -0.0780331315146946 250000.0
4.312804601568446 1.3684733836863798 -0.15322497717288244 250000.0
4.402683228042313 1.3527712674183243 -0.21330221229696744 250000.0
4.484563657291952 1.3609476263320754 -0.26020501063107054 250000.0
4.555505948162921 1.3926875918113288 -0.29588612135364767 250000.0
4.6153144352317 1.4415650010616587 -0.323524029532137 250000.0
4.667618690255738 1.500274880264312 -0.34782033473030805 250000.0
4.715008222477645 1.5639014330875292 -0.37265319135191566 250000.0
4.757501492876285 1.6292251935529405 -0.40008606567345234 250000.0
4.7938184481290085 1.6947391558402982 -0.4308711713970622 250000.0
4.822581513758821 1.7613120340575261 -0.46515027536146836 250000.0
4.842799176820165 1.8326054640256526 -0.5028834210820463 250000.0
4.853835432138005 1.914035655461783 -0.5435232989801825 250000.0
4.8563100037428955 2.0100204207013777 -0.5855143284942962 250000.0
4.8536242430215575 2.122055938262037 -0.6267823459090061 250000.0
4.852109196668179 2.2485417669246948 -0.6654416412548468 250000.0
4.860018818148225 2.3852309214465652 -0.6998026908090816 250000.0
4.8866602815105225 2.525947511324987 -0.727917656991574 250000.0
4.942408107452264 2.66245666462612 -0.7474525561902506 250000.0
5.036552189600905 2.7815891424405064 -0.757056088951036 250000.0
5.168448037288161 2.867082721106883 -0.7569581784493455 250000.0
5.326089571238236 2.9108791897412947 -0.7457346274372919 250000.0
5.495284067737152 2.9152667182902143 -0.7197223745582921 250000.0
5.662708986612704 2.88767430274162 -0.6751409427597875 250000.0
5.815306879953889 2.838224477880629 -0.6092145877525632 250000.0
5.940872209807987 2.7788058401109947 -0.5206033054528955 250000.0
6.02925032002699 2.7219911434161674 -0.4100183047959788 250000.0
6.073956826028474 2.679321363766214 -0.2818542205879143 250000.0
6.075695032207736 2.657619180147334 -0.14434555696741036 250000.0
6.043225124127688 2.656793666836392 -0.004070252590710568 250000.0
5.987632632381315 2.673319505692691 0.13584999828083505 0.0 3,0,0 coil/filament1/filament2
6.025948925512527 2.5861531282223935 0.1664095192094864 250000.0
5.956253019655097 2.6184192912919833 0.3119737548081223 250000.0
5.882126718659873 2.654101544914754 0.4440163065414524 250000.0
5.811776096877314 2.6856854681856652 0.5601879623926945 250000.0
5.749882002026389 2.707206467848687 0.6597597209157664 250000.0
5.696942822286803 2.7153374867068583 0.7442926434450844 250000.0
5.649426276362784 2.7094444913561575 0.8177525394951437 250000.0
5.601362863561987 2.6913000638225277 0.885028241061607 250000.0
5.5466928897556045 2.665348259876495 0.9497601984624237 250000.0
5.481087785379832 2.6374311703471918 1.0137092308941094 250000.0
5.40282316437218 2.612216442400875 1.0774398701376675 250000.0
5.312621441175993 2.5917660013353725 1.1409515792466658 250000.0
5.213282741396148 2.5754024982683656 1.2035321346793264 250000.0
5.10921055207535 2.560029127814156 1.2635306854863246 250000.0
5.005355717960047 2.5407946607494756 1.3185838641608087 250000.0
4.905724710821924 2.511972792659841 1.366061480915014 250000.0
4.812373545394233 2.4678164918658125 1.4032945701287252 250000.0
4.725706262111024 2.40426059003719 1.4276235435158569 250000.0
4.6446044389190355 2.3214000529520993 1.4369782312158674 250000.0
4.565984570044187 2.223568797949661 1.4303369240411234 250000.0
4.485815448408591 2.117650891660788 1.4072817094718462 250000.0
4.40077176167071 2.0117298532278953 1.3675797123568143 250000.0
4.309507149204536 1.9137932194361622 1.3111339226594205 250000.0
4.213529419463475 1.8303109201116212 1.2381668093983627 250000.0
4.117500478619347 1.7648331568671045 1.1494873874919422 250000.0
4.028639743694913 1.7170114346669307 1.0465893202659762 250000.0
3.955345768284092 1.6827074761412972 0.931615379648683 250000.0
3.905516800938978 1.6553397967062846 0.8075432907854455 250000.0
3.8846826921403905 1.6279616147499634 0.6784195683474057 250000.0
3.894296338982771 1.5952549098013427 0.5486412416599302 250000.0
3.931815391671794 1.5544408430881294 0.4215930341634272 250000.0
3.992531413853044 1.505365707046222 0.29987457409061397 250000.0
4.070710377229587 1.450698381183639 0.18638284748027711 250000.0
4.160030291702423 1.3956758268036316 0.08412118912667059 250000.0
4.254488022809296 1.346982449937933 -0.004781275190639235 250000.0
4.349619922398276 1.3113758325459786 -0.07984581251447337 250000.0
4.443068700188062 1.2948891934408937 -0.1424595757591019 250000.0
4.532916317203306 1.3024976476625956 -0.19504658621001528 250000.0
4.614737130915546 1.3353241079510478 -0.23930787722097463 250000.0
4.684819250705329 1.3873438077817266 -0.27631023043402275 250000.0
4.7445971028533735 1.4501084129296542 -0.3083532655572753 250000.0
4.797142837666797 1.5178637374915651 -0.33897180818638656 250000.0
4.843905622490636 1.5878629560171216 -0.3713895207313011 250000.0
4.88459299681643 1.6598899737264035 -0.40751489137246444 250000.0
4.917727857532899 1.7359084484802714 -0.44777698821585243 250000.0
4.941168072348332 1.8189289776948412 -0.49119949561961257 250000.0
4.953491670014228 1.9112653383142857 -0.5357156363811697 250000.0
4.956036449971292 2.0138966905926132 -0.5792206448046783 250000.0
4.953323262228543 2.126676677435498 -0.6205570476305294 250000.0
4.951926960857208 2.2476329148593543 -0.6594760783956791 250000.0
4.959098244166325 2.3721914731731655 -0.6961639920514053 250000.0
4.981357474506582 2.4939390875928487 -0.7307287864533982 250000.0
5.024393742153374 2.6071078813957507 -0.7621109291413608 250000.0
5.095877136399877 2.7067024846234777 -0.7865948629319329 250000.0
5.202824082411032 2.7832187799383576 -0.7992089404944543 250000.0
5.341546659759065 2.8260883460079946 -0.7964454865648434 250000.0
5.499506715245245 2.832384371829861 -0.7755138245595986 250000.0
5.662025876627169 2.8064501928892662 -0.7334691292517442 250000.0
5.814742901150653 2.756951354672911 -0.6674757358014347 250000.0
5.944751216837134 2.695106158523678 -0.5751864219510365 250000.0
6.041360435851766 2.6337144396872842 -0.45541179192214554 250000.0
6.096589521084421 2.5863189675728737 -0.3108078976739342 250000.0
6.107760005921169 2.563150883511751 -0.15124326611816263 250000.0
6.080482869444578 2.565153666033086 0.01055748362074689 250000.0
6.025948925512527 2.5861531282223935 0.1664095192094864 0.0 3,0,1 coil/filament1/filament2
5.903981894860909 2.626542954848174 0.10731040467156247 250000.0
5.838278100363691 2.6514570748050743 0.2413308267917342 250000.0
5.766863909086207 2.6839493762013875 0.36770384558867286 250000.0
5.697559621520788 2.7151917561373726 0.4821881179797546 250000.0
5.635028402206217 2.7376484161627843 0.583065924613916 250000.0
5.580510815647258 2.7466282166838876 0.670370535470585 250000.0
5.5324442647318675 2.7414086336304986 0.7449960788648351 250000.0
5.487057069663821 2.7250402255595363 0.8088981749426907 250000.0
5.439048409174108 2.702130104627812 0.8657378103921626 250000.0
5.382896912724042 2.677225261135743 0.9200343523758694 250000.0
5.314496669327397 2.6542960642393405 0.9753235849573112 250000.0
5.232656769501328 2.6356492074685782 1.032877921478301 250000.0
5.139397158761854 2.620729918012743 1.0917898163835802 250000.0
5.039031338593027 2.605976235427165 1.1496722589338682 250000.0
4.936920940089346 2.585781470855374 1.2032891630931382 250000.0
4.83837042851641 2.5542892868496727 1.2491310957510586 250000.0
4.747408095306855 2.5076001220943085 1.2841444418837809 250000.0
4.66519355766565 2.444761144442077 1.3063885745770083 250000.0
4.589843109310241 2.3669454166254518 1.3148028792526378 250000.0
4.518079424190327 2.2775761829346304 1.3087297722456566 250000.0
4.44636554281959 2.182693220342302 1.2880625816915072 250000.0
4.371805500016232 2.089749447358395 1.253238562207463 250000.0
4.293186382395526 2.0057098419684203 1.2049031970051718 250000.0
4.211592485995819 1.9353786353637414 1.1435252566826488 250000.0
4.130379091939219 1.8805322383736094 1.0691887956144481 250000.0
4.054727114241021 1.8399847129329356 0.9818048936612608 250000.0
3.9908771838675596 1.8101335056924532 0.8816141246698037 250000.0
3.9450373688064104 1.785680386840383 0.7694715784660523 250000.0
3.922475008462597 1.7605484121839408 0.6469158864482416 250000.0
3.9270673059327508 1.7291099246668125 0.5168780755625739 250000.0
3.9601559489509084 1.687976526975908 0.3846466684188441 250000.0
4.018967289408387 1.6374711569794214 0.25687114885994905 250000.0
4.0969476845738955 1.5814993887183926 0.13944991521290595 250000.0
4.185661913184159 1.5263902694713978 0.03661587933637174 250000.0
4.276528709103728 1.4794768768366169 -0.04904678081815704 250000.0
4.361943318302357 1.4474215591315602 -0.11644764568157662 250000.0
4.436244336017877 1.4341847327506263 -0.16591550852852033 250000.0
4.497811573897222 1.4394154855762664 -0.19964687516395394 250000.0
4.551331283403644 1.4606299705413164 -0.22263036836005284 250000.0
4.603051845031287 1.497331745391005 -0.2414283590708875 250000.0
4.654465355032635 1.5483119492706643 -0.26110568905965065 250000.0
4.704128545899705 1.609220102797064 -0.28417804900494065 250000.0
4.749932133664549 1.6749060447577422 -0.31145218595283725 250000.0
4.78922919777175 1.74182988865892 -0.3427723537899934 250000.0
4.819317717740727 1.809115368995887 -0.3773767668049388 250000.0
4.838728982458357 1.8789519569065694 -0.41436542225979417 250000.0
4.847927151839907 1.9563338750735397 -0.45310232330752837 250000.0
4.849028383366567 2.046906025222855 -0.4928513359687997 250000.0
4.846247849887582 2.15387730994621 -0.5322678542769249 250000.0
4.846635142652709 2.2765065071763755 -0.569587543610084 250000.0
4.859712120856718 2.4099403730757336 -0.6029040378929695 250000.0
4.896040348499896 2.545118407226038 -0.6302217456460835 250000.0
4.963923332809393 2.66851255683417 -0.6499824518125674 250000.0
5.0633521368727825 2.765361224558623 -0.6620907399681389 250000.0
5.186290046642686 2.8287425423264208 -0.6663397841065016 250000.0
5.325850233429363 2.859519473322671 -0.6599318171872086 250000.0
5.475338952005801 2.859850169747071 -0.6389065437698355 250000.0
5.624136565194018 2.834072886688917 -0.6000472912102434 250000.0
5.759081913550973 2.790301710197817 -0.5418190278794515 250000.0
5.867704061431714 2.739224612873324 -0.4651078235327648 250000.0
5.941505511103587 2.6910890570222437 -0.3733316646732028 250000.0
5.978390454150266 2.6523711715549414 -0.2699901696013603 250000.0
5.981297187104439 2.6263479321198533 -0.1548886061780435 250000.0
5.954519256627115 2.616994575092164 -0.027464725598350594 250000.0
5.903981894860909 2.626542954848174 0.10731040467156247 0.0 3,1,0 coil/filament1/filament2
5.942298187992121 2.5393765773778765 0.13786992560021383 250000.0
5.875612918129909 2.5677926455750297 0.2814104308812729 250000.0
5.803123054868655 2.6018916360359277 0.4118830446088572 250000.0
5.734086557786461 2.6329464402819567 0.5257942063950929 250000.0
5.6742262267046115 2.654107080449862 0.6215935222796666 250000.0
5.624968440958225 2.662032033762482 0.6998154906724153 250000.0
5.582990836470645 2.65729134666332 0.7642139382341293 250000.0
5.5414033240174785 2.6421099019291137 0.821899946371268 250000.0
5.492975618051391 2.6190128921189695 0.8792797868899124 250000.0
5.432353792222636 2.5923845422766214 0.9389041561302528 250000.0
5.35726757639378 2.5674753449295795 1.0004793438855275 250000.0
5.269016331802799 2.547384085411394 1.062664671174698 250000.0
5.171669232302205 2.5316624099761453 1.1238131247941234 250000.0
5.070953108300259 2.5168397066062056 1.1818542391170195 250000.0
4.973170161092101 2.4978582917454895 1.234200464455335 250000.0
4.8836292220113435 2.4699389200507103 1.278056123534336 250000.0
4.804272442809922 2.429890877068398 1.3111207133191254 250000.0
4.732338598842191 2.3752766586618352 1.3321460915624606 250000.0
4.6631359296534445 2.3038682510461927 1.3402868677282604 250000.0
4.593123253493379 2.216645245824905 1.334339235076126 250000.0
4.519558578159124 2.1193465516271406 1.3131619669524515 250000.0
4.440274770619106 2.0205571364943364 1.2761379748724633 250000.0
4.354814552474547 1.9291404116802586 1.2233176206469165 250000.0
4.265518345378751 1.8520275241110755 1.1555499788315413 250000.0
4.177566736582385 1.792525048248968 1.0744860287974962 250000.0
4.097892581989391 1.7497823094683602 0.9823233560787954 250000.0
4.033589812737046 1.7197143453116737 0.8815318380222087 250000.0
3.9903712978747956 1.6966902544360762 0.7745303539983917 250000.0
3.9715998834195765 1.6749407388189477 0.6629805346390295 250000.0
3.9785625134065445 1.6490895273306103 0.5476185963354445 250000.0
4.011073056536146 1.6148345634766108 0.4300085613535618 250000.0
4.066791284419014 1.5708199980516917 0.31405933395804525 250000.0
4.140566535955283 1.5198014635068258 0.20495382218612654 250000.0
4.225294268152543 1.4678076102411184 0.10730780587094176 250000.0
4.313509898618471 1.4223230741008885 0.02420507550589832 250000.0
4.398758639132187 1.390324007991159 -0.043068481023167536 250000.0
4.476629808163627 1.3763026587731957 -0.09507287199065478 250000.0
4.546164233808575 1.3809655069067865 -0.13448845074289867 250000.0
4.610562466156269 1.4032664866810354 -0.1660521242273798 250000.0
4.672556660504916 1.443110552111073 -0.19421455997277326 250000.0
4.731443767630271 1.4981454819360065 -0.22163861988661795 250000.0
4.786263161088857 1.5631824072011 -0.25049666583941155 250000.0
4.8363362632789 1.6335438072219233 -0.282755641010686 250000.0
4.880003746459171 1.7069807065450253 -0.3194160737653956 250000.0
4.914464061514805 1.7837117834186322 -0.3600034796593229 250000.0
4.937097877986524 1.865275470575758 -0.40268149679736037 250000.0
4.94758338971613 1.9535635579260424 -0.44529466070851564 250000.0
4.9487548295949635 2.0507822951140904 -0.4865576522791818 250000.0
4.945946869094567 2.1584980491196712 -0.5260425559984483 250000.0
4.946452906841738 2.275597655111035 -0.5636219807509163 250000.0
4.958791546874819 2.396900924802334 -0.5992653391352932 250000.0
4.990737541495955 2.5131099834938997 -0.6330328751079077 250000.0
5.045908967510503 2.6131637736038007 -0.6646408247636776 250000.0
5.122677083671754 2.6904745667415946 -0.6916295139490358 250000.0
5.220666091765557 2.7448786011578954 -0.7085905461516104 250000.0
5.341307321950192 2.774728629589371 -0.7106426763147601 250000.0
5.479561599513894 2.7769678232867174 -0.6946979937711419 250000.0
5.623453455208483 2.7528487768365633 -0.6583754777022001 250000.0
5.758517934747736 2.7090285869900987 -0.600080175928323 250000.0
5.871583068460861 2.6555249312860076 -0.5196909400309059 250000.0
5.9536156269283635 2.6028123532933605 -0.41872515179936953 250000.0
6.001023149206213 2.5593687753616012 -0.29894384668738017 250000.0
6.013362160817873 2.5318796354842705 -0.16178631532879578 250000.0
5.991777001944004 2.5253545742888583 -0.012836989386893136 250000.0
5.942298187992121 2.5393765773778765 0.13786992560021383 0.0 3,1,1 coil/filament1/filament2
5.611114100692984 3.327195105016675 0.07243186692236997 250000.0
5.620643623683405 3.2544877981889626 0.20822407831415124 250000.0
5.593094969292351 3.2100664366711293 0.3411800003683459 250000.0
5.532031913640991 3.1944866724073853 0.46400494881092563 250000.0
5.443665567780618 3.202797225130321 0.5709728471215808 250000.0
5.3354019493199605 3.2266992996969206 0.6577620350094859 250000.0
5.215204571572486 3.256167659500004 0.7217073558296419 250000.0
5.090768688490969 3.2812151796790263 0.7630180356639195 250000.0
4.96873280237632 3.293779595660377 0.7855581454355702 250000.0
4.854781487088098 3.2893208322831873 0.7965930913748249 250000.0
4.754353419055153 3.2687066777396083 0.8045629048024819 250000.0
4.671145749792964 3.2396538378141635 0.8154533226089591 250000.0
4.603198911269454 3.2121113842692526 0.8328437501152798 250000.0
4.543212753594965 3.1908139393135193 0.8606725991476074 250000.0
4.482525376491273 3.1763566163690427 0.9033151334662618 250000.0
4.414648601126333 3.1685748927296142 0.9613866282135581 250000.0
4.335712916180391 3.164961067954981 1.029456532428596 250000.0
4.243925169665334 3.1589901921936856 1.0984679523957042 250000.0
4.139829916641965 3.140454266508257 1.158503931419126 250000.0
4.027706614168078 3.0980828830800364 1.1998485962629983 250000.0
3.916247732896591 3.0256807643857697 1.2144014764640512 250000.0
3.813242052884645 2.925702882212025 1.1992107435398862 250000.0
3.7211391017250466 2.8049992019802987 1.1561602494681127 250000.0
3.6397659260278123 2.672234701200213 1.0892119476783406 250000.0
3.5686858669696475 2.5379318038214613 1.003407146248144 250000.0
3.507559604742936 2.413266670413599 0.9042086287434011 250000.0
3.4561672418132536 2.307894329039539 0.7965081197447802 250000.0
3.41455946336067 2.2280216804329545 0.6836206364239054 250000.0
3.3833290097491298 2.175459639908071 0.56688220447878 250000.0
3.3638471887967163 2.1473734720776343 0.4463997369303429 250000.0
3.3581099930233376 2.13648376004018 0.3220608051619104 250000.0
3.3682885254721664 2.132953911270742 0.19409687807931753 250000.0
3.3961412594248266 2.127510198426627 0.0638046128687106 250000.0
3.4423264677183565 2.1139398069053517 -0.06632448532110422 250000.0
3.5061874203998764 2.09018818454684 -0.19317384266312276 250000.0
3.5859933946883764 2.0583787866784213 -0.31326313541513234 250000.0
3.679177938333362 2.0242606430264405 -0.42283961205721926 250000.0
3.7825850975876727 1.9960521571660086 -0.5183318147628899 250000.0
3.8926841326532 1.9827966707619318 -0.5969408926907718 250000.0
4.005250343746065 1.9923682193142507 -0.6569639652985411 250000.0
4.114892079882414 2.02856346356287 -0.6982355547917367 250000.0
4.216875587958198 2.0887580703538724 -0.72313778284499 250000.0
4.309401933909657 2.16572321709788 -0.7363605714043171 250000.0
4.3923089570159926 2.2508277311120377 -0.7431091786073782 250000.0
4.4652300629609245 2.33560779641982 -0.7477934883426168 250000.0
4.527352601698543 2.4131109751092614 -0.7534604523259102 250000.0
4.577917869868917 2.479439896023435 -0.7615444931488606 250000.0
4.617039991002536 2.5349477772191733 -0.7719773427256106 250000.0
4.646313827499643 2.5853913375207576 -0.7836991192724665 250000.0
4.667058561257912 2.641813420103527 -0.7947291935423111 250000.0
4.67947751832686 2.7139994040092135 -0.8019247627190067 250000.0
4.686204829338417 2.8068167885379225 -0.8025770164721403 250000.0
4.691901673112465 2.9222086957950832 -0.7952473734278801 250000.0
4.70184957988293 3.058232125422767 -0.7793979189407894 250000.0
4.7214369063663755 3.208079927036026 -0.7549776713436452 250000.0
4.755599196143518 3.3609587897246738 -0.7216757834418575 250000.0
4.808889523247867 3.504211996139633 -0.6777182205240084 250000.0
4.887348343848588 3.623919411550707 -0.6196455074774334 250000.0
4.9962331406723735 3.7016431518735047 -0.5477048731550199 250000.0
5.1260545130289294 3.7224566630782365 -0.46839283031573836 250000.0
5.258340974044985 3.690105595639502 -0.38321432718263654 250000.0
5.381124553825459 3.6185589422164175 -0.2881265620877599 250000.0
5.485963764452287 3.523407937770232 -0.1800301316253585 250000.0
5.564868094870794 3.4210375375114404 -0.05885452807569533 250000.0
5.611114100692984 3.327195105016675 0.07243186692236997 0.0 4,0,0 coil/filament1/filament2
5.641921683597181 3.2501246019560344 0.016655255394052527 250000.0
5.6552940951560196 3.168125603122819 0.17160555717958229 250000.0
5.6274436870244875 3.116856405344861 0.3296884534614187 250000.0
5.561048968303341 3.099847204026395 0.47819584600897724 250000.0
5.464333876474429 3.111312197894633 0.6056616177458446 250000.0
5.347541727234936 3.1399214540797593 0.7059515702035424 250000.0
5.220617515800939 3.1732934343427353 0.777408009680041 250000.0
5.092690490471484 3.2002225852127144 0.8216397579071564 250000.0
4.972001952335159 3.2121922043951865 0.8432886420997026 250000.0
4.865802792514404 3.2053345477846613 0.8497422667478518 250000.0
4.7785641517997375 3.183007563205855 0.8500546863470742 250000.0
4.708192337924356 3.154833781200083 0.8533097395525514 250000.0
4.64722932400773 3.1289256533635434 0.86662920449701 250000.0
4.587804563513967 3.1077940883690958 0.8941281642648367 250000.0
4.523414916005343 3.0920136399278197 0.9381620541819093 250000.0
4.450633451142677 3.082542454040151 0.9974907839639017 250000.0
4.368929378293367 3.077995442994104 1.065975660565249 250000.0
4.278956864031313 3.0727073780168177 1.1349104600971325 250000.0
4.18139440743254 3.0571642722066006 1.195043908903386 250000.0
4.078081860862667 3.0200922658240765 1.2369942304680257 250000.0
3.9745645403612486 2.953989449216957 1.2526049487734625 250000.0
3.8769642354543783 2.859509702808066 1.2386815738952874 250000.0
3.7876852539650234 2.742365861335771 1.1967641195023886 250000.0
3.7071416914264805 2.6108596987843087 1.1303655054272324 250000.0
3.635485558353 2.475524014705692 1.0439419348718748 250000.0
3.572803145422934 2.347697372198612 0.942207938357282 250000.0
3.519151751784066 2.2374598961514143 0.8292486476492739 250000.0
3.474818536468875 2.152054774865616 0.7080720855969711 250000.0
3.440862141220361 2.094964742041366 0.5813911741369865 250000.0
3.419521421296876 2.064560965826906 0.45291653399571985 250000.0
3.4133817952717806 2.0532601005889606 0.32640250802558535 250000.0
3.4238892633264806 2.0503743737257034 0.20354028471587685 250000.0
3.451037119698481 2.0464034945830996 0.08400726409209458 250000.0
3.4942315501403862 2.035116120343107 -0.03326864082275222 250000.0
3.5531040384188897 2.0139793065810414 -0.14855279524318782 250000.0
3.627280832378521 1.9844059913298946 -0.26012771373328836 250000.0
3.7157433801511246 1.951677182224625 -0.3645763330325784 250000.0
3.8167121756552382 1.923944368929652 -0.4580341413564385 250000.0
3.9277449856151443 1.9106094100830142 -0.5372773696196781 250000.0
4.0450400015172425 1.9203488306276242 -0.6001309573924205 250000.0
4.162330682041937 1.9579257873338645 -0.6457008260676189 250000.0
4.272749426594965 2.021063639822741 -0.6752255899181543 250000.0
4.372442105041635 2.1018465519780256 -0.6922503857686062 250000.0
4.46045389557357 2.190628641784132 -0.7014878259975131 250000.0
4.536751392972742 2.2784604662338857 -0.7075581555372265 250000.0
4.6014046350128135 2.3587110535450324 -0.7140023112669608 250000.0
4.654853084449829 2.4287496987765422 -0.7226667789611644 250000.0
4.698456268930537 2.491326521699549 -0.7336553417960906 250000.0
4.733510828485437 2.554227874527665 -0.7459430390553461 250000.0
4.758329300013073 2.6249854548398024 -0.7574938362569281 250000.0
4.772008162964976 2.706102058159653 -0.7648341745410462 250000.0
4.7788541712187165 2.800891932210593 -0.7654152683075581 250000.0
4.78450143536811 2.913567968466991 -0.7584965657981223 250000.0
4.794385835288461 3.0438292225977706 -0.7443322972332527 250000.0
4.813713469857866 3.1851895366018814 -0.7239766091687242 250000.0
4.846660561776403 3.3263344627765727 -0.6991151169520355 250000.0
4.895369150502302 3.454423049080097 -0.6712116991310635 250000.0
4.961119425428824 3.5591106288746994 -0.6385571232343216 250000.0
5.048859455296851 3.630189052944665 -0.5938002390317884 250000.0
5.159465215686532 3.653383667021422 -0.5325227466080635 250000.0
5.28105858055395 3.6253305247400323 -0.45593365435549005 250000.0
5.4005754340974255 3.5558327687042115 -0.3635393621495679 250000.0
5.507017375408524 3.4593303368957478 -0.2538597092475671 250000.0
5.590342352551753 3.352023297056233 -0.12659001958491006 250000.0
5.641921683597181 3.2501246019560344 0.016655255394052527 0.0 4,0,1 coil/filament1/filament2
5.517730455134256 3.2914960036214365 0.07018044476419463 250000.0
5.526958678705499 3.2246002383974526 0.19006189633632461 250000.0
5.504052800917164 3.181635346498539 0.3056389626423181 250000.0
5.451879264897146 3.1623501236137197 0.41357881341490255 250000.0
5.37433953279773 3.16408546004421 0.5101838668910393 250000.0
5.277846540196516 3.180991422092331 0.5899522657611191 250000.0
5.170970081329569 3.2041671837617516 0.6486371129400442 250000.0
5.062142881597997 3.2245914475362425 0.6857243351576783 250000.0
4.957277923212276 3.2360929871581248 0.7046814433338833 250000.0
4.858183482595915 3.2361959951573627 0.7119398096491918 250000.0
4.763681609640796 3.2240931509259037 0.7155538148979066 250000.0
4.673783730306245 3.1998746789822525 0.7237436743627842 250000.0
4.589783055025231 3.1688089291290424 0.7437095132583657 250000.0
4.511177377417808 3.141109512370251 0.7800301499323872 250000.0
4.435936650617233 3.124229579332348 0.8318150451361859 250000.0
4.360605870313266 3.1178112907592817 0.894286404955628 250000.0
4.281735988455334 3.1156840406612245 0.9612050426686332 250000.0
4.198104876357867 3.1092685164464586 1.0247912553870484 250000.0
4.111637787384318 3.0904601459380094 1.0766150325601984 250000.0
4.025430530958326 3.0538992966036975 1.1101678841153455 250000.0
3.940029216255311 2.995779307300456 1.121987495306252 250000.0
3.855354954609306 2.912716700163193 1.1094451455408554 250000.0
3.774044952195846 2.8062037198207284 1.0713102634767553 250000.0
3.6992128019708312 2.684173087583136 1.009691234205766 250000.0
3.6327100228768416 2.558365098518257 0.9293572446398015 250000.0
3.5753514345517448 2.4413494261315978 0.8362702254470574 250000.0
3.5275577569247174 2.3437843788647226 0.7363807659391647 250000.0
3.4898055362580105 2.271898455631149 0.6344997944957049 250000.0
3.462602947763589 2.225969475319002 0.5327589092328574 250000.0
3.4462496136884075 2.2014395596388536 0.4294675620023616 250000.0
3.4414331478044864 2.191765831989422 0.3209910396195905 250000.0
3.4501269106464454 2.1893300909573323 0.20524161118566273 250000.0
3.4751118990152063 2.185757411255546 0.08306338438584007 250000.0
3.518317082446416 2.174200631283537 -0.04195114910069433 250000.0
3.579410510183897 2.1520041292753564 -0.16458769042463067 250000.0
3.6557798503939716 2.1215604897546614 -0.27953002117353154 250000.0
3.7433295748598185 2.0892686470666675 -0.3821145958916832 250000.0
3.8371227706621087 2.0634891748824407 -0.4685533971791669 250000.0
3.9320497130736984 2.0519624481588123 -0.5363897051281615 250000.0
4.024354150675619 2.059462522261157 -0.5853162223273416 250000.0
4.113448771823126 2.0876084119777483 -0.6175410015150107 250000.0
4.200505850590426 2.1363908247525125 -0.6367482440864747 250000.0
4.284984337490787 2.203345311959715 -0.6469829513681347 250000.0
4.364609356548332 2.2822527787551508 -0.6523061031387575 250000.0
4.437055803755517 2.364717217339081 -0.6563667267682737 250000.0
4.5004737511321915 2.4429493932259594 -0.6618788155392438 250000.0
4.553088654406365 2.511785904001722 -0.6702359731335698 250000.0
4.592778879491187 2.5693531422342084 -0.6812708417104348 250000.0
4.618461688848309 2.6172374918251697 -0.6930896229237589 250000.0
4.633601953646495 2.6633526611687235 -0.7029865289773936 250000.0
4.643037761899194 2.722561023817691 -0.7091948170825112 250000.0
4.648929121830308 2.8059071979508667 -0.7097885782121185 250000.0
4.654584358982305 2.916004702535431 -0.7026788661819211 250000.0
4.665357751064327 3.0494376007433517 -0.6867102565194241 250000.0
4.687463524372179 3.1977287524454256 -0.6614968578016603 250000.0
4.727095146976879 3.347863379593032 -0.6267230087873485 250000.0
4.789545779865018 3.4831354188504275 -0.5818975678351928 250000.0
4.8762989243409445 3.5846942951027696 -0.5283257365174171 250000.0
4.979278558333176 3.6397047395916236 -0.47104865865349976 250000.0
5.0881956729283155 3.650312053889966 -0.4104112505570957 250000.0
5.199839721988036 3.6213314105277497 -0.3402292719891882 250000.0
5.30811609621247 3.5579563454668004 -0.25654982406471977 250000.0
5.403193762363407 3.4715378953809934 -0.1586145892146385 250000.0
5.475438159721948 3.377576148596428 -0.048205848680984334 250000.0
5.517730455134256 3.2914960036214365 0.07018044476419463 0.0 4,1,0 coil/filament1/filament2
5.548538038038452 3.214425500560796 0.01440383323587719 250000.0
5.561609150178114 3.138238043331309 0.15344337520175566 250000.0
5.538401518649301 3.088425315172271 0.2941474157353909 250000.0
5.480896319559496 3.0677106552327293 0.42776971061295416 250000.0
5.395007841491541 3.072600432808522 0.5448726375153031 250000.0
5.289986318111492 3.0942135764751697 0.6381418009551756 250000.0
5.176383025558022 3.121292958604483 0.7043377667904434 250000.0
5.064064683578512 3.1435988530699306 0.7443460574009152 250000.0
4.9605470731711145 3.1545055958929344 0.7624119399980156 250000.0
4.869204788022221 3.1522097106588367 0.7650889850222187 250000.0
4.78789234238538 3.1383940363921505 0.7610455964424988 250000.0
4.710830318437638 3.115054622368172 0.7616000913063765 250000.0
4.633813467763508 3.0856231982233333 0.7774949676400958 250000.0
4.555769187336811 3.0580896614258273 0.8134857150496164 250000.0
4.476826190131304 3.039886602891125 0.8666619658518334 250000.0
4.39659072032961 3.0317788520698183 0.9303905607059715 250000.0
4.31495245056831 3.0287184157003475 0.9977241708052863 250000.0
4.233136570723846 3.0229857022695907 1.0612337630884767 250000.0
4.153202278174893 3.007170151636353 1.1131550100444583 250000.0
4.075805777652915 2.9759086793477376 1.1473135183203729 250000.0
3.998346023719969 2.924087992131643 1.1601909676156634 250000.0
3.9190771371790394 2.846523520759234 1.1489159758962566 250000.0
3.840591104435823 2.7435703791762007 1.1119141335110312 250000.0
3.7665885673694994 2.622798085167232 1.0508447919546577 250000.0
3.699509714260194 2.4959573094024874 0.9698920332635323 250000.0
3.640594975231743 2.375780127916611 0.8742695350609383 250000.0
3.59054226689553 2.273349945976598 0.7691212938436583 250000.0
3.5500646093662156 2.1959315500638104 0.6589512436687707 250000.0
3.52013607923482 2.145474577452297 0.5472678788910639 250000.0
3.5019238461885673 2.1186270533881255 0.4359843590677385 250000.0
3.4967049500529295 2.1085421725382028 0.3253327424832655 250000.0
3.5057276485007596 2.1067505534122937 0.21468501782222205 250000.0
3.5300077592888606 2.104650707412018 0.10326603560922405 250000.0
3.570222164868446 2.095376944721292 -0.008895304602342335 250000.0
3.6263271282029104 2.075795251309558 -0.11996664300469573 250000.0
3.697067288084116 2.0475876944061344 -0.22639459949168755 250000.0
3.7798950166775813 2.016685186264852 -0.3238513168670423 250000.0
3.8712498487296743 1.9913813866460843 -0.4082557237727155 250000.0
3.9671105660356427 1.9797751874798948 -0.4767261820570679 250000.0
4.064143808446797 1.9874431335745304 -0.528483214421221 250000.0
4.160887373982649 2.0169707357487425 -0.5650062727908929 250000.0
4.2563796892271935 2.068696394221381 -0.588836051159639 250000.0
4.348024508622765 2.1394686468398607 -0.6028727657324238 250000.0
4.43275429510591 2.222053689427245 -0.6106847505288924 250000.0
4.508577133767335 2.307569887153147 -0.6161313939628833 250000.0
4.574525784446462 2.3885494716617304 -0.6224206744802944 250000.0
4.630023868987277 2.461095706754829 -0.6313582589458735 250000.0
4.674195157419187 2.525731886714584 -0.6429488407809149 250000.0
4.705658689834102 2.586074028832077 -0.6553335427066385 250000.0
4.7248726924016555 2.646524695904999 -0.6657511716920106 250000.0
4.73556840653731 2.714663677968131 -0.6721042289045507 250000.0
4.741578463710608 2.7999823416235374 -0.6726268300475363 250000.0
4.74718412123795 2.907363975207339 -0.6659280585521633 250000.0
4.757894006469858 3.035034697918355 -0.6516446348118874 250000.0
4.7797400878636696 3.1748383620112812 -0.6304957956267393 250000.0
4.8181565126097645 3.313239052644931 -0.6041623422975266 250000.0
4.876025407119453 3.4333464717908915 -0.5753910464422478 250000.0
4.95007000592118 3.519885512426762 -0.5472373522743053 250000.0
5.031904872957654 3.568250640662784 -0.5171440245302682 250000.0
5.121606375585918 3.581239057833151 -0.4745411668494209 250000.0
5.222557328497001 3.5565563396282798 -0.4129485991620417 250000.0
5.3275669764844364 3.4952301719545944 -0.33196262412652777 250000.0
5.424247373319644 3.4074602945065093 -0.23244416683684713 250000.0
5.500912417402907 3.3085619081412205 -0.11594134019019908 250000.0
5.548538038038452 3.214425500560796 0.01440383323587719 0.0 4,1,1 coil/filament1/filament2
