periods 0
begin filament
FOCUSADD Coils
6.893723400171166 0.4615016585305562 0.011111667567409726 111111.11111111111
6.843837997509005 0.4581184053963867 0.011097544391417536 111111.11111111111
6.793952594846843 0.45473515226221717 0.011083421215425349 111111.11111111111
6.793952594846843 0.45473515226221717 0.011083421215425349 111111.11111111111
6.793952594846843 0.45473515226221717 0.011083421215425349 111111.11111111111
6.793952594846843 0.45473515226221717 0.011083421215425349 111111.11111111111
6.793952594846843 0.45473515226221717 0.011083421215425349 111111.11111111111
6.793952594846843 0.45473515226221717 0.011083421215425349 111111.11111111111
6.793952594846843 0.45473515226221717 0.011083421215425349 111111.11111111111
6.793952594846843 0.45473515226221717 0.011083421215425349 111111.11111111111
6.793952594846843 0.45473515226221717 0.011083421215425349 111111.11111111111
6.793952594846843 0.45473515226221717 0.011083421215425349 111111.11111111111
6.793952594846843 0.45473515226221717 0.011083421215425349 111111.11111111111
6.793952594846843 0.45473515226221717 0.011083421215425349 111111.11111111111
6.793952594846843 0.45473515226221717 0.011083421215425349 111111.11111111111
6.793952594846843 0.45473515226221717 0.011083421215425349 111111.11111111111
6.793952594846843 0.45473515226221717 0.011083421215425349 111111.11111111111
6.793952594846843 0.45473515226221717 0.011083421215425349 111111.11111111111
6.793952594846843 0.45473515226221717 0.011083421215425349 111111.11111111111
6.793952594846843 0.45473515226221717 0.011083421215425349 111111.11111111111
6.793952594846843 0.45473515226221717 0.011083421215425349 111111.11111111111
6.793952594846843 0.45473515226221717 0.011083421215425349 111111.11111111111
6.793952594846843 0.45473515226221717 0.011083421215425349 111111.11111111111
6.793952594846843 0.45473515226221717 0.011083421215425349 111111.11111111111
6.793952594846843 0.45473515226221717 0.011083421215425349 111111.11111111111
6.793952594846843 0.45473515226221717 0.011083421215425349 111111.11111111111
6.793952594846843 0.45473515226221717 0.011083421215425349 111111.11111111111
6.793952594846843 0.45473515226221717 0.011083421215425349 111111.11111111111
6.793952594846843 0.45473515226221717 0.011083421215425349 111111.11111111111
6.793952594846843 0.45473515226221717 0.011083421215425349 111111.11111111111
6.793952594846843 0.45473515226221717 0.011083421215425349 111111.11111111111
6.793952594846843 0.45473515226221717 0.011083421215425349 111111.11111111111
6.793952594846843 0.45473515226221717 0.011083421215425349 111111.11111111111
6.793952594846843 0.45473515226221717 0.011083421215425349 111111.11111111111
6.793952594846843 0.45473515226221717 0.011083421215425349 111111.11111111111
6.793952594846843 0.45473515226221717 0.011083421215425349 111111.11111111111
6.793952594846843 0.45473515226221717 0.011083421215425349 111111.11111111111
6.793952594846843 0.45473515226221717 0.011083421215425349 111111.11111111111
6.793952594846843 0.45473515226221717 0.011083421215425349 111111.11111111111
6.793952594846843 0.45473515226221717 0.011083421215425349 111111.11111111111
6.793952594846843 0.45473515226221717 0.011083421215425349 111111.11111111111
6.793952594846843 0.45473515226221717 0.011083421215425349 111111.11111111111
6.793952594846843 0.45473515226221717 0.011083421215425349 111111.11111111111
6.793952594846843 0.45473515226221717 0.011083421215425349 111111.11111111111
6.793952594846843 0.45473515226221717 0.011083421215425349 111111.11111111111
6.793952594846843 0.45473515226221717 0.011083421215425349 111111.11111111111
6.793952594846843 0.45473515226221717 0.011083421215425349 111111.11111111111
6.793952594846843 0.45473515226221717 0.011083421215425349 111111.11111111111
6.793952594846843 0.45473515226221717 0.011083421215425349 111111.11111111111
6.793952594846843 0.45473515226221717 0.011083421215425349 111111.11111111111
6.793952594846843 0.45473515226221717 0.011083421215425349 111111.11111111111
6.793952594846843 0.45473515226221717 0.011083421215425349 111111.11111111111
6.793952594846843 0.45473515226221717 0.011083421215425349 111111.11111111111
6.793952594846843 0.45473515226221717 0.011083421215425349 111111.11111111111
6.793952594846843 0.45473515226221717 0.011083421215425349 111111.11111111111
6.793952594846843 0.45473515226221717 0.011083421215425349 111111.11111111111
6.793952594846843 0.45473515226221717 0.011083421215425349 111111.11111111111
6.793952594846843 0.45473515226221717 0.011083421215425349 111111.11111111111
6.793952594846843 0.45473515226221717 0.011083421215425349 111111.11111111111
6.793952594846843 0.45473515226221717 0.011083421215425349 111111.11111111111
6.793952594846843 0.45473515226221717 0.011083421215425349 111111.11111111111
6.793952594846843 0.45473515226221717 0.011083421215425349 111111.11111111111
6.793952594846843 0.45473515226221717 0.011083421215425349 111111.11111111111
6.793952594846843 0.45473515226221717 0.011083421215425349 111111.11111111111
6.893723400171166 0.4615016585305562 0.011111667567409726 0.0 0,0,0 coil/filament1/filament2
6.887025889971083 0.46566607554722594 0.15055297974966186 111111.11111111111
6.837357392860967 0.46206026894643465 0.14607653544864926 111111.11111111111
6.7876888957508505 0.45845446234564335 0.14160009114763664 111111.11111111111
6.7876888957508505 0.45845446234564335 0.14160009114763664 111111.11111111111
6.7876888957508505 0.45845446234564335 0.14160009114763664 111111.11111111111
6.7876888957508505 0.45845446234564335 0.14160009114763664 111111.11111111111
6.7876888957508505 0.45845446234564335 0.14160009114763664 111111.11111111111
6.7876888957508505 0.45845446234564335 0.14160009114763664 111111.11111111111
6.7876888957508505 0.45845446234564335 0.14160009114763664 111111.11111111111
6.7876888957508505 0.45845446234564335 0.14160009114763664 111111.11111111111
6.7876888957508505 0.45845446234564335 0.14160009114763664 111111.11111111111
6.7876888957508505 0.45845446234564335 0.14160009114763664 111111.11111111111
6.7876888957508505 0.45845446234564335 0.14160009114763664 111111.11111111111
6.7876888957508505 0.45845446234564335 0.14160009114763664 111111.11111111111
6.7876888957508505 0.45845446234564335 0.14160009114763664 111111.11111111111
6.7876888957508505 0.45845446234564335 0.14160009114763664 111111.11111111111
6.7876888957508505 0.45845446234564335 0.14160009114763664 111111.11111111111
6.7876888957508505 0.45845446234564335 0.14160009114763664 111111.11111111111
6.7876888957508505 0.45845446234564335 0.14160009114763664 111111.11111111111
6.7876888957508505 0.45845446234564335 0.14160009114763664 111111.11111111111
6.7876888957508505 0.45845446234564335 0.14160009114763664 111111.11111111111
6.7876888957508505 0.45845446234564335 0.14160009114763664 111111.11111111111
6.7876888957508505 0.45845446234564335 0.14160009114763664 111111.11111111111
6.7876888957508505 0.45845446234564335 0.14160009114763664 111111.11111111111
6.7876888957508505 0.45845446234564335 0.14160009114763664 111111.11111111111
6.7876888957508505 0.45845446234564335 0.14160009114763664 111111.11111111111
6.7876888957508505 0.45845446234564335 0.14160009114763664 111111.11111111111
6.7876888957508505 0.45845446234564335 0.14160009114763664 111111.11111111111
6.7876888957508505 0.45845446234564335 0.14160009114763664 111111.11111111111
6.7876888957508505 0.45845446234564335 0.14160009114763664 111111.11111111111
6.7876888957508505 0.45845446234564335 0.14160009114763664 111111.11111111111
6.7876888957508505 0.45845446234564335 0.14160009114763664 111111.11111111111
6.7876888957508505 0.45845446234564335 0.14160009114763664 111111.11111111111
6.7876888957508505 0.45845446234564335 0.14160009114763664 111111.11111111111
6.7876888957508505 0.45845446234564335 0.14160009114763664 111111.11111111111
6.7876888957508505 0.45845446234564335 0.14160009114763664 111111.11111111111
6.7876888957508505 0.45845446234564335 0.14160009114763664 111111.11111111111
6.7876888957508505 0.45845446234564335 0.14160009114763664 111111.11111111111
6.7876888957508505 0.45845446234564335 0.14160009114763664 111111.11111111111
6.7876888957508505 0.45845446234564335 0.14160009114763664 111111.11111111111
6.7876888957508505 0.45845446234564335 0.14160009114763664 111111.11111111111
6.7876888957508505 0.45845446234564335 0.14160009114763664 111111.11111111111
6.7876888957508505 0.45845446234564335 0.14160009114763664 111111.11111111111
6.7876888957508505 0.45845446234564335 0.14160009114763664 111111.11111111111
6.7876888957508505 0.45845446234564335 0.14160009114763664 111111.11111111111
6.7876888957508505 0.45845446234564335 0.14160009114763664 111111.11111111111
6.7876888957508505 0.45845446234564335 0.14160009114763664 111111.11111111111
6.7876888957508505 0.45845446234564335 0.14160009114763664 111111.11111111111
6.7876888957508505 0.45845446234564335 0.14160009114763664 111111.11111111111
6.7876888957508505 0.45845446234564335 0.14160009114763664 111111.11111111111
6.7876888957508505 0.45845446234564335 0.14160009114763664 111111.11111111111
6.7876888957508505 0.45845446234564335 0.14160009114763664 111111.11111111111
6.7876888957508505 0.45845446234564335 0.14160009114763664 111111.11111111111
6.7876888957508505 0.45845446234564335 0.14160009114763664 111111.11111111111
6.7876888957508505 0.45845446234564335 0.14160009114763664 111111.11111111111
6.7876888957508505 0.45845446234564335 0.14160009114763664 111111.11111111111
6.7876888957508505 0.45845446234564335 0.14160009114763664 111111.11111111111
6.7876888957508505 0.45845446234564335 0.14160009114763664 111111.11111111111
6.7876888957508505 0.45845446234564335 0.14160009114763664 111111.11111111111
6.7876888957508505 0.45845446234564335 0.14160009114763664 111111.11111111111
6.7876888957508505 0.45845446234564335 0.14160009114763664 111111.11111111111
6.7876888957508505 0.45845446234564335 0.14160009114763664 111111.11111111111
6.7876888957508505 0.45845446234564335 0.14160009114763664 111111.11111111111
6.7876888957508505 0.45845446234564335 0.14160009114763664 111111.11111111111
6.887025889971083 0.46566607554722594 0.15055297974966186 0.0 0,0,1 coil/filament1/filament2
6.86731840789778 0.4733788934247365 0.29155452156040595 111111.11111111111
6.818266460681693 0.4695250747562956 0.28266325865905256 111111.11111111111
6.769214513465606 0.46567125608785476 0.2737719957576991 111111.11111111111
6.769214513465606 0.46567125608785476 0.2737719957576991 111111.11111111111
6.769214513465606 0.46567125608785476 0.2737719957576991 111111.11111111111
6.769214513465606 0.46567125608785476 0.2737719957576991 111111.11111111111
6.769214513465606 0.46567125608785476 0.2737719957576991 111111.11111111111
6.769214513465606 0.46567125608785476 0.2737719957576991 111111.11111111111
6.769214513465606 0.46567125608785476 0.2737719957576991 111111.11111111111
6.769214513465606 0.46567125608785476 0.2737719957576991 111111.11111111111
6.769214513465606 0.46567125608785476 0.2737719957576991 111111.11111111111
6.769214513465606 0.46567125608785476 0.2737719957576991 111111.11111111111
6.769214513465606 0.46567125608785476 0.2737719957576991 111111.11111111111
6.769214513465606 0.46567125608785476 0.2737719957576991 111111.11111111111
6.769214513465606 0.46567125608785476 0.2737719957576991 111111.11111111111
6.769214513465606 0.46567125608785476 0.2737719957576991 111111.11111111111
6.769214513465606 0.46567125608785476 0.2737719957576991 111111.11111111111
6.769214513465606 0.46567125608785476 0.2737719957576991 111111.11111111111
6.769214513465606 0.46567125608785476 0.2737719957576991 111111.11111111111
6.769214513465606 0.46567125608785476 0.2737719957576991 111111.11111111111
6.769214513465606 0.46567125608785476 0.2737719957576991 111111.11111111111
6.769214513465606 0.46567125608785476 0.2737719957576991 111111.11111111111
6.769214513465606 0.46567125608785476 0.2737719957576991 111111.11111111111
6.769214513465606 0.46567125608785476 0.2737719957576991 111111.11111111111
6.769214513465606 0.46567125608785476 0.2737719957576991 111111.11111111111
6.769214513465606 0.46567125608785476 0.2737719957576991 111111.11111111111
6.769214513465606 0.46567125608785476 0.2737719957576991 111111.11111111111
6.769214513465606 0.46567125608785476 0.2737719957576991 111111.11111111111
6.769214513465606 0.46567125608785476 0.2737719957576991 111111.11111111111
6.769214513465606 0.46567125608785476 0.2737719957576991 111111.11111111111
6.769214513465606 0.46567125608785476 0.2737719957576991 111111.11111111111
6.769214513465606 0.46567125608785476 0.2737719957576991 111111.11111111111
6.769214513465606 0.46567125608785476 0.2737719957576991 111111.11111111111
6.769214513465606 0.46567125608785476 0.2737719957576991 111111.11111111111
6.769214513465606 0.46567125608785476 0.2737719957576991 111111.11111111111
6.769214513465606 0.46567125608785476 0.2737719957576991 111111.11111111111
6.769214513465606 0.46567125608785476 0.2737719957576991 111111.11111111111
6.769214513465606 0.46567125608785476 0.2737719957576991 111111.11111111111
6.769214513465606 0.46567125608785476 0.2737719957576991 111111.11111111111
6.769214513465606 0.46567125608785476 0.2737719957576991 111111.11111111111
6.769214513465606 0.46567125608785476 0.2737719957576991 111111.11111111111
6.769214513465606 0.46567125608785476 0.2737719957576991 111111.11111111111
6.769214513465606 0.46567125608785476 0.2737719957576991 111111.11111111111
6.769214513465606 0.46567125608785476 0.2737719957576991 111111.11111111111
6.769214513465606 0.46567125608785476 0.2737719957576991 111111.11111111111
6.769214513465606 0.46567125608785476 0.2737719957576991 111111.11111111111
6.769214513465606 0.46567125608785476 0.2737719957576991 111111.11111111111
6.769214513465606 0.46567125608785476 0.2737719957576991 111111.11111111111
6.769214513465606 0.46567125608785476 0.2737719957576991 111111.11111111111
6.769214513465606 0.46567125608785476 0.2737719957576991 111111.11111111111
6.769214513465606 0.46567125608785476 0.2737719957576991 111111.11111111111
6.769214513465606 0.46567125608785476 0.2737719957576991 111111.11111111111
6.769214513465606 0.46567125608785476 0.2737719957576991 111111.11111111111
6.769214513465606 0.46567125608785476 0.2737719957576991 111111.11111111111
6.769214513465606 0.46567125608785476 0.2737719957576991 111111.11111111111
6.769214513465606 0.46567125608785476 0.2737719957576991 111111.11111111111
6.769214513465606 0.46567125608785476 0.2737719957576991 111111.11111111111
6.769214513465606 0.46567125608785476 0.2737719957576991 111111.11111111111
6.769214513465606 0.46567125608785476 0.2737719957576991 111111.11111111111
6.769214513465606 0.46567125608785476 0.2737719957576991 111111.11111111111
6.769214513465606 0.46567125608785476 0.2737719957576991 111111.11111111111
6.769214513465606 0.46567125608785476 0.2737719957576991 111111.11111111111
6.769214513465606 0.46567125608785476 0.2737719957576991 111111.11111111111
6.769214513465606 0.46567125608785476 0.2737719957576991 111111.11111111111
6.86731840789778 0.4733788934247365 0.29155452156040595 0.0 0,0,2 coil/filament1/filament2
6.897106569468439 0.4116166530455284 0.011312648324553004 111111.11111111111
6.847221166806277 0.4082333999113589 0.011298525148560817 111111.11111111111
6.797335764144115 0.40485014677718933 0.01128440197256863 111111.11111111111
6.797335764144115 0.40485014677718933 0.01128440197256863 111111.11111111111
6.797335764144115 0.40485014677718933 0.01128440197256863 111111.11111111111
6.797335764144115 0.40485014677718933 0.01128440197256863 111111.11111111111
6.797335764144115 0.40485014677718933 0.01128440197256863 111111.11111111111
6.797335764144115 0.40485014677718933 0.01128440197256863 111111.11111111111
6.797335764144115 0.40485014677718933 0.01128440197256863 111111.11111111111
6.797335764144115 0.40485014677718933 0.01128440197256863 111111.11111111111
6.797335764144115 0.40485014677718933 0.01128440197256863 111111.11111111111
6.797335764144115 0.40485014677718933 0.01128440197256863 111111.11111111111
6.797335764144115 0.40485014677718933 0.01128440197256863 111111.11111111111
6.797335764144115 0.40485014677718933 0.01128440197256863 111111.11111111111
6.797335764144115 0.40485014677718933 0.01128440197256863 111111.11111111111
6.797335764144115 0.40485014677718933 0.01128440197256863 111111.11111111111
6.797335764144115 0.40485014677718933 0.01128440197256863 111111.11111111111
6.797335764144115 0.40485014677718933 0.01128440197256863 111111.11111111111
6.797335764144115 0.40485014677718933 0.01128440197256863 111111.11111111111
6.797335764144115 0.40485014677718933 0.01128440197256863 111111.11111111111
6.797335764144115 0.40485014677718933 0.01128440197256863 111111.11111111111
6.797335764144115 0.40485014677718933 0.01128440197256863 111111.11111111111
6.797335764144115 0.40485014677718933 0.01128440197256863 111111.11111111111
6.797335764144115 0.40485014677718933 0.01128440197256863 111111.11111111111
6.797335764144115 0.40485014677718933 0.01128440197256863 111111.11111111111
6.797335764144115 0.40485014677718933 0.01128440197256863 111111.11111111111
6.797335764144115 0.40485014677718933 0.01128440197256863 111111.11111111111
6.797335764144115 0.40485014677718933 0.01128440197256863 111111.11111111111
6.797335764144115 0.40485014677718933 0.01128440197256863 111111.11111111111
6.797335764144115 0.40485014677718933 0.01128440197256863 111111.11111111111
6.797335764144115 0.40485014677718933 0.01128440197256863 111111.11111111111
6.797335764144115 0.40485014677718933 0.01128440197256863 111111.11111111111
6.797335764144115 0.40485014677718933 0.01128440197256863 111111.11111111111
6.797335764144115 0.40485014677718933 0.01128440197256863 111111.11111111111
6.797335764144115 0.40485014677718933 0.01128440197256863 111111.11111111111
6.797335764144115 0.40485014677718933 0.01128440197256863 111111.11111111111
6.797335764144115 0.40485014677718933 0.01128440197256863 111111.11111111111
6.797335764144115 0.40485014677718933 0.01128440197256863 111111.11111111111
6.797335764144115 0.40485014677718933 0.01128440197256863 111111.11111111111
6.797335764144115 0.40485014677718933 0.01128440197256863 111111.11111111111
6.797335764144115 0.40485014677718933 0.01128440197256863 111111.11111111111
6.797335764144115 0.40485014677718933 0.01128440197256863 111111.11111111111
6.797335764144115 0.40485014677718933 0.01128440197256863 111111.11111111111
6.797335764144115 0.40485014677718933 0.01128440197256863 111111.11111111111
6.797335764144115 0.40485014677718933 0.01128440197256863 111111.11111111111
6.797335764144115 0.40485014677718933 0.01128440197256863 111111.11111111111
6.797335764144115 0.40485014677718933 0.01128440197256863 111111.11111111111
6.797335764144115 0.40485014677718933 0.01128440197256863 111111.11111111111
6.797335764144115 0.40485014677718933 0.01128440197256863 111111.11111111111
6.797335764144115 0.40485014677718933 0.01128440197256863 111111.11111111111
6.797335764144115 0.40485014677718933 0.01128440197256863 111111.11111111111
6.797335764144115 0.40485014677718933 0.01128440197256863 111111.11111111111
6.797335764144115 0.40485014677718933 0.01128440197256863 111111.11111111111
6.797335764144115 0.40485014677718933 0.01128440197256863 111111.11111111111
6.797335764144115 0.40485014677718933 0.01128440197256863 111111.11111111111
6.797335764144115 0.40485014677718933 0.01128440197256863 111111.11111111111
6.797335764144115 0.40485014677718933 0.01128440197256863 111111.11111111111
6.797335764144115 0.40485014677718933 0.01128440197256863 111111.11111111111
6.797335764144115 0.40485014677718933 0.01128440197256863 111111.11111111111
6.797335764144115 0.40485014677718933 0.01128440197256863 111111.11111111111
6.797335764144115 0.40485014677718933 0.01128440197256863 111111.11111111111
6.797335764144115 0.40485014677718933 0.01128440197256863 111111.11111111111
6.797335764144115 0.40485014677718933 0.01128440197256863 111111.11111111111
6.797335764144115 0.40485014677718933 0.01128440197256863 111111.11111111111
6.897106569468439 0.4116166530455284 0.011312648324553004 0.0 0,1,0 coil/filament1/filament2
6.890396150804483 0.4158544790192016 0.15328175112963585 111111.11111111111
6.840727653694366 0.4122486724184103 0.14880530682862322 111111.11111111111
6.79105915658425 0.408642865817619 0.1443288625276106 111111.11111111111
6.79105915658425 0.408642865817619 0.1443288625276106 111111.11111111111
6.79105915658425 0.408642865817619 0.1443288625276106 111111.11111111111
6.79105915658425 0.408642865817619 0.1443288625276106 111111.11111111111
6.79105915658425 0.408642865817619 0.1443288625276106 111111.11111111111
6.79105915658425 0.408642865817619 0.1443288625276106 111111.11111111111
6.79105915658425 0.408642865817619 0.1443288625276106 111111.11111111111
6.79105915658425 0.408642865817619 0.1443288625276106 111111.11111111111
6.79105915658425 0.408642865817619 0.1443288625276106 111111.11111111111
6.79105915658425 0.408642865817619 0.1443288625276106 111111.11111111111
6.79105915658425 0.408642865817619 0.1443288625276106 111111.11111111111
6.79105915658425 0.408642865817619 0.1443288625276106 111111.11111111111
6.79105915658425 0.408642865817619 0.1443288625276106 111111.11111111111
6.79105915658425 0.408642865817619 0.1443288625276106 111111.11111111111
6.79105915658425 0.408642865817619 0.1443288625276106 111111.11111111111
6.79105915658425 0.408642865817619 0.1443288625276106 111111.11111111111
6.79105915658425 0.408642865817619 0.1443288625276106 111111.11111111111
6.79105915658425 0.408642865817619 0.1443288625276106 111111.11111111111
6.79105915658425 0.408642865817619 0.1443288625276106 111111.11111111111
6.79105915658425 0.408642865817619 0.1443288625276106 111111.11111111111
6.79105915658425 0.408642865817619 0.1443288625276106 111111.11111111111
6.79105915658425 0.408642865817619 0.1443288625276106 111111.11111111111
6.79105915658425 0.408642865817619 0.1443288625276106 111111.11111111111
6.79105915658425 0.408642865817619 0.1443288625276106 111111.11111111111
6.79105915658425 0.408642865817619 0.1443288625276106 111111.11111111111
6.79105915658425 0.408642865817619 0.1443288625276106 111111.11111111111
6.79105915658425 0.408642865817619 0.1443288625276106 111111.11111111111
6.79105915658425 0.408642865817619 0.1443288625276106 111111.11111111111
6.79105915658425 0.408642865817619 0.1443288625276106 111111.11111111111
6.79105915658425 0.408642865817619 0.1443288625276106 111111.11111111111
6.79105915658425 0.408642865817619 0.1443288625276106 111111.11111111111
6.79105915658425 0.408642865817619 0.1443288625276106 111111.11111111111
6.79105915658425 0.408642865817619 0.1443288625276106 111111.11111111111
6.79105915658425 0.408642865817619 0.1443288625276106 111111.11111111111
6.79105915658425 0.408642865817619 0.1443288625276106 111111.11111111111
6.79105915658425 0.408642865817619 0.1443288625276106 111111.11111111111
6.79105915658425 0.408642865817619 0.1443288625276106 111111.11111111111
6.79105915658425 0.408642865817619 0.1443288625276106 111111.11111111111
6.79105915658425 0.408642865817619 0.1443288625276106 111111.11111111111
6.79105915658425 0.408642865817619 0.1443288625276106 111111.11111111111
6.79105915658425 0.408642865817619 0.1443288625276106 111111.11111111111
6.79105915658425 0.408642865817619 0.1443288625276106 111111.11111111111
6.79105915658425 0.408642865817619 0.1443288625276106 111111.11111111111
6.79105915658425 0.408642865817619 0.1443288625276106 111111.11111111111
6.79105915658425 0.408642865817619 0.1443288625276106 111111.11111111111
6.79105915658425 0.408642865817619 0.1443288625276106 111111.11111111111
6.79105915658425 0.408642865817619 0.1443288625276106 111111.11111111111
6.79105915658425 0.408642865817619 0.1443288625276106 111111.11111111111
6.79105915658425 0.408642865817619 0.1443288625276106 111111.11111111111
6.79105915658425 0.408642865817619 0.1443288625276106 111111.11111111111
6.79105915658425 0.408642865817619 0.1443288625276106 111111.11111111111
6.79105915658425 0.408642865817619 0.1443288625276106 111111.11111111111
6.79105915658425 0.408642865817619 0.1443288625276106 111111.11111111111
6.79105915658425 0.408642865817619 0.1443288625276106 111111.11111111111
6.79105915658425 0.408642865817619 0.1443288625276106 111111.11111111111
6.79105915658425 0.408642865817619 0.1443288625276106 111111.11111111111
6.79105915658425 0.408642865817619 0.1443288625276106 111111.11111111111
6.79105915658425 0.408642865817619 0.1443288625276106 111111.11111111111
6.79105915658425 0.408642865817619 0.1443288625276106 111111.11111111111
6.79105915658425 0.408642865817619 0.1443288625276106 111111.11111111111
6.79105915658425 0.408642865817619 0.1443288625276106 111111.11111111111
6.79105915658425 0.408642865817619 0.1443288625276106 111111.11111111111
6.890396150804483 0.4158544790192016 0.15328175112963585 0.0 0,1,1 coil/filament1/filament2
6.870632460466851 0.4235976996353908 0.2948484250922426 111111.11111111111
6.821580513250764 0.4197438809669499 0.2859571621908892 111111.11111111111
6.772528566034676 0.41589006229850906 0.27706589928953573 111111.11111111111
6.772528566034676 0.41589006229850906 0.27706589928953573 111111.11111111111
6.772528566034676 0.41589006229850906 0.27706589928953573 111111.11111111111
6.772528566034676 0.41589006229850906 0.27706589928953573 111111.11111111111
6.772528566034676 0.41589006229850906 0.27706589928953573 111111.11111111111
6.772528566034676 0.41589006229850906 0.27706589928953573 111111.11111111111
6.772528566034676 0.41589006229850906 0.27706589928953573 111111.11111111111
6.772528566034676 0.41589006229850906 0.27706589928953573 111111.11111111111
6.772528566034676 0.41589006229850906 0.27706589928953573 111111.11111111111
6.772528566034676 0.41589006229850906 0.27706589928953573 111111.11111111111
6.772528566034676 0.41589006229850906 0.27706589928953573 111111.11111111111
6.772528566034676 0.41589006229850906 0.27706589928953573 111111.11111111111
6.772528566034676 0.41589006229850906 0.27706589928953573 111111.11111111111
6.772528566034676 0.41589006229850906 0.27706589928953573 111111.11111111111
6.772528566034676 0.41589006229850906 0.27706589928953573 111111.11111111111
6.772528566034676 0.41589006229850906 0.27706589928953573 111111.11111111111
6.772528566034676 0.41589006229850906 0.27706589928953573 111111.11111111111
6.772528566034676 0.41589006229850906 0.27706589928953573 111111.11111111111
6.772528566034676 0.41589006229850906 0.27706589928953573 111111.11111111111
6.772528566034676 0.41589006229850906 0.27706589928953573 111111.11111111111
6.772528566034676 0.41589006229850906 0.27706589928953573 111111.11111111111
6.772528566034676 0.41589006229850906 0.27706589928953573 111111.11111111111
6.772528566034676 0.41589006229850906 0.27706589928953573 111111.11111111111
6.772528566034676 0.41589006229850906 0.27706589928953573 111111.11111111111
6.772528566034676 0.41589006229850906 0.27706589928953573 111111.11111111111
6.772528566034676 0.41589006229850906 0.27706589928953573 111111.11111111111
6.772528566034676 0.41589006229850906 0.27706589928953573 111111.11111111111
6.772528566034676 0.41589006229850906 0.27706589928953573 111111.11111111111
6.772528566034676 0.41589006229850906 0.27706589928953573 111111.11111111111
6.772528566034676 0.41589006229850906 0.27706589928953573 111111.11111111111
6.772528566034676 0.41589006229850906 0.27706589928953573 111111.11111111111
6.772528566034676 0.41589006229850906 0.27706589928953573 111111.11111111111
6.772528566034676 0.41589006229850906 0.27706589928953573 111111.11111111111
6.772528566034676 0.41589006229850906 0.27706589928953573 111111.11111111111
6.772528566034676 0.41589006229850906 0.27706589928953573 111111.11111111111
6.772528566034676 0.41589006229850906 0.27706589928953573 111111.11111111111
6.772528566034676 0.41589006229850906 0.27706589928953573 111111.11111111111
6.772528566034676 0.41589006229850906 0.27706589928953573 111111.11111111111
6.772528566034676 0.41589006229850906 0.27706589928953573 111111.11111111111
6.772528566034676 0.41589006229850906 0.27706589928953573 111111.11111111111
6.772528566034676 0.41589006229850906 0.27706589928953573 111111.11111111111
6.772528566034676 0.41589006229850906 0.27706589928953573 111111.11111111111
6.772528566034676 0.41589006229850906 0.27706589928953573 111111.11111111111
6.772528566034676 0.41589006229850906 0.27706589928953573 111111.11111111111
6.772528566034676 0.41589006229850906 0.27706589928953573 111111.11111111111
6.772528566034676 0.41589006229850906 0.27706589928953573 111111.11111111111
6.772528566034676 0.41589006229850906 0.27706589928953573 111111.11111111111
6.772528566034676 0.41589006229850906 0.27706589928953573 111111.11111111111
6.772528566034676 0.41589006229850906 0.27706589928953573 111111.11111111111
6.772528566034676 0.41589006229850906 0.27706589928953573 111111.11111111111
6.772528566034676 0.41589006229850906 0.27706589928953573 111111.11111111111
6.772528566034676 0.41589006229850906 0.27706589928953573 111111.11111111111
6.772528566034676 0.41589006229850906 0.27706589928953573 111111.11111111111
6.772528566034676 0.41589006229850906 0.27706589928953573 111111.11111111111
6.772528566034676 0.41589006229850906 0.27706589928953573 111111.11111111111
6.772528566034676 0.41589006229850906 0.27706589928953573 111111.11111111111
6.772528566034676 0.41589006229850906 0.27706589928953573 111111.11111111111
6.772528566034676 0.41589006229850906 0.27706589928953573 111111.11111111111
6.772528566034676 0.41589006229850906 0.27706589928953573 111111.11111111111
6.772528566034676 0.41589006229850906 0.27706589928953573 111111.11111111111
6.772528566034676 0.41589006229850906 0.27706589928953573 111111.11111111111
6.772528566034676 0.41589006229850906 0.27706589928953573 111111.11111111111
6.870632460466851 0.4235976996353908 0.2948484250922426 0.0 0,1,2 coil/filament1/filament2
6.90048973876571 0.3617316475605006 0.011513629081696284 111111.11111111111
6.850604336103548 0.35834839442633104 0.011499505905704097 111111.11111111111
6.800718933441387 0.35496514129216156 0.011485382729711908 111111.11111111111
6.800718933441387 0.35496514129216156 0.011485382729711908 111111.11111111111
6.800718933441387 0.35496514129216156 0.011485382729711908 111111.11111111111
6.800718933441387 0.35496514129216156 0.011485382729711908 111111.11111111111
6.800718933441387 0.35496514129216156 0.011485382729711908 111111.11111111111
6.800718933441387 0.35496514129216156 0.011485382729711908 111111.11111111111
6.800718933441387 0.35496514129216156 0.011485382729711908 111111.11111111111
6.800718933441387 0.35496514129216156 0.011485382729711908 111111.11111111111
6.800718933441387 0.35496514129216156 0.011485382729711908 111111.11111111111
6.800718933441387 0.35496514129216156 0.011485382729711908 111111.11111111111
6.800718933441387 0.35496514129216156 0.011485382729711908 111111.11111111111
6.800718933441387 0.35496514129216156 0.011485382729711908 111111.11111111111
6.800718933441387 0.35496514129216156 0.011485382729711908 111111.11111111111
6.800718933441387 0.35496514129216156 0.011485382729711908 111111.11111111111
6.800718933441387 0.35496514129216156 0.011485382729711908 111111.11111111111
6.800718933441387 0.35496514129216156 0.011485382729711908 111111.11111111111
6.800718933441387 0.35496514129216156 0.011485382729711908 111111.11111111111
6.800718933441387 0.35496514129216156 0.011485382729711908 111111.11111111111
6.800718933441387 0.35496514129216156 0.011485382729711908 111111.11111111111
6.800718933441387 0.35496514129216156 0.011485382729711908 111111.11111111111
6.800718933441387 0.35496514129216156 0.011485382729711908 111111.11111111111
6.800718933441387 0.35496514129216156 0.011485382729711908 111111.11111111111
6.800718933441387 0.35496514129216156 0.011485382729711908 111111.11111111111
6.800718933441387 0.35496514129216156 0.011485382729711908 111111.11111111111
6.800718933441387 0.35496514129216156 0.011485382729711908 111111.11111111111
6.800718933441387 0.35496514129216156 0.011485382729711908 111111.11111111111
6.800718933441387 0.35496514129216156 0.011485382729711908 111111.11111111111
6.800718933441387 0.35496514129216156 0.011485382729711908 111111.11111111111
6.800718933441387 0.35496514129216156 0.011485382729711908 111111.11111111111
6.800718933441387 0.35496514129216156 0.011485382729711908 111111.11111111111
6.800718933441387 0.35496514129216156 0.011485382729711908 111111.11111111111
6.800718933441387 0.35496514129216156 0.011485382729711908 111111.11111111111
6.800718933441387 0.35496514129216156 0.011485382729711908 111111.11111111111
6.800718933441387 0.35496514129216156 0.011485382729711908 111111.11111111111
6.800718933441387 0.35496514129216156 0.011485382729711908 111111.11111111111
6.800718933441387 0.35496514129216156 0.011485382729711908 111111.11111111111
6.800718933441387 0.35496514129216156 0.011485382729711908 111111.11111111111
6.800718933441387 0.35496514129216156 0.011485382729711908 111111.11111111111
6.800718933441387 0.35496514129216156 0.011485382729711908 111111.11111111111
6.800718933441387 0.35496514129216156 0.011485382729711908 111111.11111111111
6.800718933441387 0.35496514129216156 0.011485382729711908 111111.11111111111
6.800718933441387 0.35496514129216156 0.011485382729711908 111111.11111111111
6.800718933441387 0.35496514129216156 0.011485382729711908 111111.11111111111
6.800718933441387 0.35496514129216156 0.011485382729711908 111111.11111111111
6.800718933441387 0.35496514129216156 0.011485382729711908 111111.11111111111
6.800718933441387 0.35496514129216156 0.011485382729711908 111111.11111111111
6.800718933441387 0.35496514129216156 0.011485382729711908 111111.11111111111
6.800718933441387 0.35496514129216156 0.011485382729711908 111111.11111111111
6.800718933441387 0.35496514129216156 0.011485382729711908 111111.11111111111
6.800718933441387 0.35496514129216156 0.011485382729711908 111111.11111111111
6.800718933441387 0.35496514129216156 0.011485382729711908 111111.11111111111
6.800718933441387 0.35496514129216156 0.011485382729711908 111111.11111111111
6.800718933441387 0.35496514129216156 0.011485382729711908 111111.11111111111
6.800718933441387 0.35496514129216156 0.011485382729711908 111111.11111111111
6.800718933441387 0.35496514129216156 0.011485382729711908 111111.11111111111
6.800718933441387 0.35496514129216156 0.011485382729711908 111111.11111111111
6.800718933441387 0.35496514129216156 0.011485382729711908 111111.11111111111
6.800718933441387 0.35496514129216156 0.011485382729711908 111111.11111111111
6.800718933441387 0.35496514129216156 0.011485382729711908 111111.11111111111
6.800718933441387 0.35496514129216156 0.011485382729711908 111111.11111111111
6.800718933441387 0.35496514129216156 0.011485382729711908 111111.11111111111
6.800718933441387 0.35496514129216156 0.011485382729711908 111111.11111111111
6.90048973876571 0.3617316475605006 0.011513629081696284 0.0 0,2,0 coil/filament1/filament2
6.893766411637882 0.3660428824911772 0.1560105225096098 111111.11111111111
6.844097914527766 0.36243707589038593 0.15153407820859718 111111.11111111111
6.79442941741765 0.35883126928959463 0.14705763390758458 111111.11111111111
6.79442941741765 0.35883126928959463 0.14705763390758458 111111.11111111111
6.79442941741765 0.35883126928959463 0.14705763390758458 111111.11111111111
6.79442941741765 0.35883126928959463 0.14705763390758458 111111.11111111111
6.79442941741765 0.35883126928959463 0.14705763390758458 111111.11111111111
6.79442941741765 0.35883126928959463 0.14705763390758458 111111.11111111111
6.79442941741765 0.35883126928959463 0.14705763390758458 111111.11111111111
6.79442941741765 0.35883126928959463 0.14705763390758458 111111.11111111111
6.79442941741765 0.35883126928959463 0.14705763390758458 111111.11111111111
6.79442941741765 0.35883126928959463 0.14705763390758458 111111.11111111111
6.79442941741765 0.35883126928959463 0.14705763390758458 111111.11111111111
6.79442941741765 0.35883126928959463 0.14705763390758458 111111.11111111111
6.79442941741765 0.35883126928959463 0.14705763390758458 111111.11111111111
6.79442941741765 0.35883126928959463 0.14705763390758458 111111.11111111111
6.79442941741765 0.35883126928959463 0.14705763390758458 111111.11111111111
6.79442941741765 0.35883126928959463 0.14705763390758458 111111.11111111111
6.79442941741765 0.35883126928959463 0.14705763390758458 111111.11111111111
6.79442941741765 0.35883126928959463 0.14705763390758458 111111.11111111111
6.79442941741765 0.35883126928959463 0.14705763390758458 111111.11111111111
6.79442941741765 0.35883126928959463 0.14705763390758458 111111.11111111111
6.79442941741765 0.35883126928959463 0.14705763390758458 111111.11111111111
6.79442941741765 0.35883126928959463 0.14705763390758458 111111.11111111111
6.79442941741765 0.35883126928959463 0.14705763390758458 111111.11111111111
6.79442941741765 0.35883126928959463 0.14705763390758458 111111.11111111111
6.79442941741765 0.35883126928959463 0.14705763390758458 111111.11111111111
6.79442941741765 0.35883126928959463 0.14705763390758458 111111.11111111111
6.79442941741765 0.35883126928959463 0.14705763390758458 111111.11111111111
6.79442941741765 0.35883126928959463 0.14705763390758458 111111.11111111111
6.79442941741765 0.35883126928959463 0.14705763390758458 111111.11111111111
6.79442941741765 0.35883126928959463 0.14705763390758458 111111.11111111111
6.79442941741765 0.35883126928959463 0.14705763390758458 111111.11111111111
6.79442941741765 0.35883126928959463 0.14705763390758458 111111.11111111111
6.79442941741765 0.35883126928959463 0.14705763390758458 111111.11111111111
6.79442941741765 0.35883126928959463 0.14705763390758458 111111.11111111111
6.79442941741765 0.35883126928959463 0.14705763390758458 111111.11111111111
6.79442941741765 0.35883126928959463 0.14705763390758458 111111.11111111111
6.79442941741765 0.35883126928959463 0.14705763390758458 111111.11111111111
6.79442941741765 0.35883126928959463 0.14705763390758458 111111.11111111111
6.79442941741765 0.35883126928959463 0.14705763390758458 111111.11111111111
6.79442941741765 0.35883126928959463 0.14705763390758458 111111.11111111111
6.79442941741765 0.35883126928959463 0.14705763390758458 111111.11111111111
6.79442941741765 0.35883126928959463 0.14705763390758458 111111.11111111111
6.79442941741765 0.35883126928959463 0.14705763390758458 111111.11111111111
6.79442941741765 0.35883126928959463 0.14705763390758458 111111.11111111111
6.79442941741765 0.35883126928959463 0.14705763390758458 111111.11111111111
6.79442941741765 0.35883126928959463 0.14705763390758458 111111.11111111111
6.79442941741765 0.35883126928959463 0.14705763390758458 111111.11111111111
6.79442941741765 0.35883126928959463 0.14705763390758458 111111.11111111111
6.79442941741765 0.35883126928959463 0.14705763390758458 111111.11111111111
6.79442941741765 0.35883126928959463 0.14705763390758458 111111.11111111111
6.79442941741765 0.35883126928959463 0.14705763390758458 111111.11111111111
6.79442941741765 0.35883126928959463 0.14705763390758458 111111.11111111111
6.79442941741765 0.35883126928959463 0.14705763390758458 111111.11111111111
6.79442941741765 0.35883126928959463 0.14705763390758458 111111.11111111111
6.79442941741765 0.35883126928959463 0.14705763390758458 111111.11111111111
6.79442941741765 0.35883126928959463 0.14705763390758458 111111.11111111111
6.79442941741765 0.35883126928959463 0.14705763390758458 111111.11111111111
6.79442941741765 0.35883126928959463 0.14705763390758458 111111.11111111111
6.79442941741765 0.35883126928959463 0.14705763390758458 111111.11111111111
6.79442941741765 0.35883126928959463 0.14705763390758458 111111.11111111111
6.79442941741765 0.35883126928959463 0.14705763390758458 111111.11111111111
6.79442941741765 0.35883126928959463 0.14705763390758458 111111.11111111111
6.893766411637882 0.3660428824911772 0.1560105225096098 0.0 0,2,1 coil/filament1/filament2
6.873946513035921 0.3738165058460451 0.29814232862407924 111111.11111111111
6.824894565819834 0.3699626871776042 0.2892510657227258 111111.11111111111
6.775842618603748 0.36610886850916335 0.2803598028213724 111111.11111111111
6.775842618603748 0.36610886850916335 0.2803598028213724 111111.11111111111
6.775842618603748 0.36610886850916335 0.2803598028213724 111111.11111111111
6.775842618603748 0.36610886850916335 0.2803598028213724 111111.11111111111
6.775842618603748 0.36610886850916335 0.2803598028213724 111111.11111111111
6.775842618603748 0.36610886850916335 0.2803598028213724 111111.11111111111
6.775842618603748 0.36610886850916335 0.2803598028213724 111111.11111111111
6.775842618603748 0.36610886850916335 0.2803598028213724 111111.11111111111
6.775842618603748 0.36610886850916335 0.2803598028213724 111111.11111111111
6.775842618603748 0.36610886850916335 0.2803598028213724 111111.11111111111
6.775842618603748 0.36610886850916335 0.2803598028213724 111111.11111111111
6.775842618603748 0.36610886850916335 0.2803598028213724 111111.11111111111
6.775842618603748 0.36610886850916335 0.2803598028213724 111111.11111111111
6.775842618603748 0.36610886850916335 0.2803598028213724 111111.11111111111
6.775842618603748 0.36610886850916335 0.2803598028213724 111111.11111111111
6.775842618603748 0.36610886850916335 0.2803598028213724 111111.11111111111
6.775842618603748 0.36610886850916335 0.2803598028213724 111111.11111111111
6.775842618603748 0.36610886850916335 0.2803598028213724 111111.11111111111
6.775842618603748 0.36610886850916335 0.2803598028213724 111111.11111111111
6.775842618603748 0.36610886850916335 0.2803598028213724 111111.11111111111
6.775842618603748 0.36610886850916335 0.2803598028213724 111111.11111111111
6.775842618603748 0.36610886850916335 0.2803598028213724 111111.11111111111
6.775842618603748 0.36610886850916335 0.2803598028213724 111111.11111111111
6.775842618603748 0.36610886850916335 0.2803598028213724 111111.11111111111
6.775842618603748 0.36610886850916335 0.2803598028213724 111111.11111111111
6.775842618603748 0.36610886850916335 0.2803598028213724 111111.11111111111
6.775842618603748 0.36610886850916335 0.2803598028213724 111111.11111111111
6.775842618603748 0.36610886850916335 0.2803598028213724 111111.11111111111
6.775842618603748 0.36610886850916335 0.2803598028213724 111111.11111111111
6.775842618603748 0.36610886850916335 0.2803598028213724 111111.11111111111
6.775842618603748 0.36610886850916335 0.2803598028213724 111111.11111111111
6.775842618603748 0.36610886850916335 0.2803598028213724 111111.11111111111
6.775842618603748 0.36610886850916335 0.2803598028213724 111111.11111111111
6.775842618603748 0.36610886850916335 0.2803598028213724 111111.11111111111
6.775842618603748 0.36610886850916335 0.2803598028213724 111111.11111111111
6.775842618603748 0.36610886850916335 0.2803598028213724 111111.11111111111
6.775842618603748 0.36610886850916335 0.2803598028213724 111111.11111111111
6.775842618603748 0.36610886850916335 0.2803598028213724 111111.11111111111
6.775842618603748 0.36610886850916335 0.2803598028213724 111111.11111111111
6.775842618603748 0.36610886850916335 0.2803598028213724 111111.11111111111
6.775842618603748 0.36610886850916335 0.2803598028213724 111111.11111111111
6.775842618603748 0.36610886850916335 0.2803598028213724 111111.11111111111
6.775842618603748 0.36610886850916335 0.2803598028213724 111111.11111111111
6.775842618603748 0.36610886850916335 0.2803598028213724 111111.11111111111
6.775842618603748 0.36610886850916335 0.2803598028213724 111111.11111111111
6.775842618603748 0.36610886850916335 0.2803598028213724 111111.11111111111
6.775842618603748 0.36610886850916335 0.2803598028213724 111111.11111111111
6.775842618603748 0.36610886850916335 0.2803598028213724 111111.11111111111
6.775842618603748 0.36610886850916335 0.2803598028213724 111111.11111111111
6.775842618603748 0.36610886850916335 0.2803598028213724 111111.11111111111
6.775842618603748 0.36610886850916335 0.2803598028213724 111111.11111111111
6.775842618603748 0.36610886850916335 0.2803598028213724 111111.11111111111
6.775842618603748 0.36610886850916335 0.2803598028213724 111111.11111111111
6.775842618603748 0.36610886850916335 0.2803598028213724 111111.11111111111
6.775842618603748 0.36610886850916335 0.2803598028213724 111111.11111111111
6.775842618603748 0.36610886850916335 0.2803598028213724 111111.11111111111
6.775842618603748 0.36610886850916335 0.2803598028213724 111111.11111111111
6.775842618603748 0.36610886850916335 0.2803598028213724 111111.11111111111
6.775842618603748 0.36610886850916335 0.2803598028213724 111111.11111111111
6.775842618603748 0.36610886850916335 0.2803598028213724 111111.11111111111
6.775842618603748 0.36610886850916335 0.2803598028213724 111111.11111111111
6.775842618603748 0.36610886850916335 0.2803598028213724 111111.11111111111
6.873946513035921 0.3738165058460451 0.29814232862407924 0.0 0,2,2 coil/filament1/filament2
6.6732944196121045 1.4477461061935488 0.010449390004969248 111111.11111111111
6.626000101209698 1.4319437432681426 0.0067706982775315415 111111.11111111111
6.57870578280729 1.4161413803427363 0.0030920065500938346 111111.11111111111
6.57870578280729 1.4161413803427363 0.0030920065500938346 111111.11111111111
6.57870578280729 1.4161413803427363 0.0030920065500938346 111111.11111111111
6.57870578280729 1.4161413803427363 0.0030920065500938346 111111.11111111111
6.57870578280729 1.4161413803427363 0.0030920065500938346 111111.11111111111
6.57870578280729 1.4161413803427363 0.0030920065500938346 111111.11111111111
6.57870578280729 1.4161413803427363 0.0030920065500938346 111111.11111111111
6.57870578280729 1.4161413803427363 0.0030920065500938346 111111.11111111111
6.57870578280729 1.4161413803427363 0.0030920065500938346 111111.11111111111
6.57870578280729 1.4161413803427363 0.0030920065500938346 111111.11111111111
6.57870578280729 1.4161413803427363 0.0030920065500938346 111111.11111111111
6.57870578280729 1.4161413803427363 0.0030920065500938346 111111.11111111111
6.57870578280729 1.4161413803427363 0.0030920065500938346 111111.11111111111
6.57870578280729 1.4161413803427363 0.0030920065500938346 111111.11111111111
6.57870578280729 1.4161413803427363 0.0030920065500938346 111111.11111111111
6.57870578280729 1.4161413803427363 0.0030920065500938346 111111.11111111111
6.57870578280729 1.4161413803427363 0.0030920065500938346 111111.11111111111
6.57870578280729 1.4161413803427363 0.0030920065500938346 111111.11111111111
6.57870578280729 1.4161413803427363 0.0030920065500938346 111111.11111111111
6.57870578280729 1.4161413803427363 0.0030920065500938346 111111.11111111111
6.57870578280729 1.4161413803427363 0.0030920065500938346 111111.11111111111
6.57870578280729 1.4161413803427363 0.0030920065500938346 111111.11111111111
6.57870578280729 1.4161413803427363 0.0030920065500938346 111111.11111111111
6.57870578280729 1.4161413803427363 0.0030920065500938346 111111.11111111111
6.57870578280729 1.4161413803427363 0.0030920065500938346 111111.11111111111
6.57870578280729 1.4161413803427363 0.0030920065500938346 111111.11111111111
6.57870578280729 1.4161413803427363 0.0030920065500938346 111111.11111111111
6.57870578280729 1.4161413803427363 0.0030920065500938346 111111.11111111111
6.57870578280729 1.4161413803427363 0.0030920065500938346 111111.11111111111
6.57870578280729 1.4161413803427363 0.0030920065500938346 111111.11111111111
6.57870578280729 1.4161413803427363 0.0030920065500938346 111111.11111111111
6.57870578280729 1.4161413803427363 0.0030920065500938346 111111.11111111111
6.57870578280729 1.4161413803427363 0.0030920065500938346 111111.11111111111
6.57870578280729 1.4161413803427363 0.0030920065500938346 111111.11111111111
6.57870578280729 1.4161413803427363 0.0030920065500938346 111111.11111111111
6.57870578280729 1.4161413803427363 0.0030920065500938346 111111.11111111111
6.57870578280729 1.4161413803427363 0.0030920065500938346 111111.11111111111
6.57870578280729 1.4161413803427363 0.0030920065500938346 111111.11111111111
6.57870578280729 1.4161413803427363 0.0030920065500938346 111111.11111111111
6.57870578280729 1.4161413803427363 0.0030920065500938346 111111.11111111111
6.57870578280729 1.4161413803427363 0.0030920065500938346 111111.11111111111
6.57870578280729 1.4161413803427363 0.0030920065500938346 111111.11111111111
6.57870578280729 1.4161413803427363 0.0030920065500938346 111111.11111111111
6.57870578280729 1.4161413803427363 0.0030920065500938346 111111.11111111111
6.57870578280729 1.4161413803427363 0.0030920065500938346 111111.11111111111
6.57870578280729 1.4161413803427363 0.0030920065500938346 111111.11111111111
6.57870578280729 1.4161413803427363 0.0030920065500938346 111111.11111111111
6.57870578280729 1.4161413803427363 0.0030920065500938346 111111.11111111111
6.57870578280729 1.4161413803427363 0.0030920065500938346 111111.11111111111
6.57870578280729 1.4161413803427363 0.0030920065500938346 111111.11111111111
6.57870578280729 1.4161413803427363 0.0030920065500938346 111111.11111111111
6.57870578280729 1.4161413803427363 0.0030920065500938346 111111.11111111111
6.57870578280729 1.4161413803427363 0.0030920065500938346 111111.11111111111
6.57870578280729 1.4161413803427363 0.0030920065500938346 111111.11111111111
6.57870578280729 1.4161413803427363 0.0030920065500938346 111111.11111111111
6.57870578280729 1.4161413803427363 0.0030920065500938346 111111.11111111111
6.57870578280729 1.4161413803427363 0.0030920065500938346 111111.11111111111
6.57870578280729 1.4161413803427363 0.0030920065500938346 111111.11111111111
6.57870578280729 1.4161413803427363 0.0030920065500938346 111111.11111111111
6.57870578280729 1.4161413803427363 0.0030920065500938346 111111.11111111111
6.57870578280729 1.4161413803427363 0.0030920065500938346 111111.11111111111
6.57870578280729 1.4161413803427363 0.0030920065500938346 111111.11111111111
6.6732944196121045 1.4477461061935488 0.010449390004969248 0.0 1,0,0 coil/filament1/filament2
6.669165453017489 1.414449499600587 0.1447254727600535 111111.11111111111
6.621962588063338 1.3994449801664466 0.13788778772264987 111111.11111111111
6.574759723109188 1.384440460732306 0.13105010268524622 111111.11111111111
6.574759723109188 1.384440460732306 0.13105010268524622 111111.11111111111
6.574759723109188 1.384440460732306 0.13105010268524622 111111.11111111111
6.574759723109188 1.384440460732306 0.13105010268524622 111111.11111111111
6.574759723109188 1.384440460732306 0.13105010268524622 111111.11111111111
6.574759723109188 1.384440460732306 0.13105010268524622 111111.11111111111
6.574759723109188 1.384440460732306 0.13105010268524622 111111.11111111111
6.574759723109188 1.384440460732306 0.13105010268524622 111111.11111111111
6.574759723109188 1.384440460732306 0.13105010268524622 111111.11111111111
6.574759723109188 1.384440460732306 0.13105010268524622 111111.11111111111
6.574759723109188 1.384440460732306 0.13105010268524622 111111.11111111111
6.574759723109188 1.384440460732306 0.13105010268524622 111111.11111111111
6.574759723109188 1.384440460732306 0.13105010268524622 111111.11111111111
6.574759723109188 1.384440460732306 0.13105010268524622 111111.11111111111
6.574759723109188 1.384440460732306 0.13105010268524622 111111.11111111111
6.574759723109188 1.384440460732306 0.13105010268524622 111111.11111111111
6.574759723109188 1.384440460732306 0.13105010268524622 111111.11111111111
6.574759723109188 1.384440460732306 0.13105010268524622 111111.11111111111
6.574759723109188 1.384440460732306 0.13105010268524622 111111.11111111111
6.574759723109188 1.384440460732306 0.13105010268524622 111111.11111111111
6.574759723109188 1.384440460732306 0.13105010268524622 111111.11111111111
6.574759723109188 1.384440460732306 0.13105010268524622 111111.11111111111
6.574759723109188 1.384440460732306 0.13105010268524622 111111.11111111111
6.574759723109188 1.384440460732306 0.13105010268524622 111111.11111111111
6.574759723109188 1.384440460732306 0.13105010268524622 111111.11111111111
6.574759723109188 1.384440460732306 0.13105010268524622 111111.11111111111
6.574759723109188 1.384440460732306 0.13105010268524622 111111.11111111111
6.574759723109188 1.384440460732306 0.13105010268524622 111111.11111111111
6.574759723109188 1.384440460732306 0.13105010268524622 111111.11111111111
6.574759723109188 1.384440460732306 0.13105010268524622 111111.11111111111
6.574759723109188 1.384440460732306 0.13105010268524622 111111.11111111111
6.574759723109188 1.384440460732306 0.13105010268524622 111111.11111111111
6.574759723109188 1.384440460732306 0.13105010268524622 111111.11111111111
6.574759723109188 1.384440460732306 0.13105010268524622 111111.11111111111
6.574759723109188 1.384440460732306 0.13105010268524622 111111.11111111111
6.574759723109188 1.384440460732306 0.13105010268524622 111111.11111111111
6.574759723109188 1.384440460732306 0.13105010268524622 111111.11111111111
6.574759723109188 1.384440460732306 0.13105010268524622 111111.11111111111
6.574759723109188 1.384440460732306 0.13105010268524622 111111.11111111111
6.574759723109188 1.384440460732306 0.13105010268524622 111111.11111111111
6.574759723109188 1.384440460732306 0.13105010268524622 111111.11111111111
6.574759723109188 1.384440460732306 0.13105010268524622 111111.11111111111
6.574759723109188 1.384440460732306 0.13105010268524622 111111.11111111111
6.574759723109188 1.384440460732306 0.13105010268524622 111111.11111111111
6.574759723109188 1.384440460732306 0.13105010268524622 111111.11111111111
6.574759723109188 1.384440460732306 0.13105010268524622 111111.11111111111
6.574759723109188 1.384440460732306 0.13105010268524622 111111.11111111111
6.574759723109188 1.384440460732306 0.13105010268524622 111111.11111111111
6.574759723109188 1.384440460732306 0.13105010268524622 111111.11111111111
6.574759723109188 1.384440460732306 0.13105010268524622 111111.11111111111
6.574759723109188 1.384440460732306 0.13105010268524622 111111.11111111111
6.574759723109188 1.384440460732306 0.13105010268524622 111111.11111111111
6.574759723109188 1.384440460732306 0.13105010268524622 111111.11111111111
6.574759723109188 1.384440460732306 0.13105010268524622 111111.11111111111
6.574759723109188 1.384440460732306 0.13105010268524622 111111.11111111111
6.574759723109188 1.384440460732306 0.13105010268524622 111111.11111111111
6.574759723109188 1.384440460732306 0.13105010268524622 111111.11111111111
6.574759723109188 1.384440460732306 0.13105010268524622 111111.11111111111
6.574759723109188 1.384440460732306 0.13105010268524622 111111.11111111111
6.574759723109188 1.384440460732306 0.13105010268524622 111111.11111111111
6.574759723109188 1.384440460732306 0.13105010268524622 111111.11111111111
6.574759723109188 1.384440460732306 0.13105010268524622 111111.11111111111
6.669165453017489 1.414449499600587 0.1447254727600535 0.0 1,0,1 coil/filament1/filament2
6.655759586106025 1.3808892274618634 0.2778640948723969 111111.11111111111
6.6089188733489115 1.366468085200849 0.2679656968053731 111111.11111111111
6.562078160591799 1.3520469429398347 0.2580672987383493 111111.11111111111
6.562078160591799 1.3520469429398347 0.2580672987383493 111111.11111111111
6.562078160591799 1.3520469429398347 0.2580672987383493 111111.11111111111
6.562078160591799 1.3520469429398347 0.2580672987383493 111111.11111111111
6.562078160591799 1.3520469429398347 0.2580672987383493 111111.11111111111
6.562078160591799 1.3520469429398347 0.2580672987383493 111111.11111111111
6.562078160591799 1.3520469429398347 0.2580672987383493 111111.11111111111
6.562078160591799 1.3520469429398347 0.2580672987383493 111111.11111111111
6.562078160591799 1.3520469429398347 0.2580672987383493 111111.11111111111
6.562078160591799 1.3520469429398347 0.2580672987383493 111111.11111111111
6.562078160591799 1.3520469429398347 0.2580672987383493 111111.11111111111
6.562078160591799 1.3520469429398347 0.2580672987383493 111111.11111111111
6.562078160591799 1.3520469429398347 0.2580672987383493 111111.11111111111
6.562078160591799 1.3520469429398347 0.2580672987383493 111111.11111111111
6.562078160591799 1.3520469429398347 0.2580672987383493 111111.11111111111
6.562078160591799 1.3520469429398347 0.2580672987383493 111111.11111111111
6.562078160591799 1.3520469429398347 0.2580672987383493 111111.11111111111
6.562078160591799 1.3520469429398347 0.2580672987383493 111111.11111111111
6.562078160591799 1.3520469429398347 0.2580672987383493 111111.11111111111
6.562078160591799 1.3520469429398347 0.2580672987383493 111111.11111111111
6.562078160591799 1.3520469429398347 0.2580672987383493 111111.11111111111
6.562078160591799 1.3520469429398347 0.2580672987383493 111111.11111111111
6.562078160591799 1.3520469429398347 0.2580672987383493 111111.11111111111
6.562078160591799 1.3520469429398347 0.2580672987383493 111111.11111111111
6.562078160591799 1.3520469429398347 0.2580672987383493 111111.11111111111
6.562078160591799 1.3520469429398347 0.2580672987383493 111111.11111111111
6.562078160591799 1.3520469429398347 0.2580672987383493 111111.11111111111
6.562078160591799 1.3520469429398347 0.2580672987383493 111111.11111111111
6.562078160591799 1.3520469429398347 0.2580672987383493 111111.11111111111
6.562078160591799 1.3520469429398347 0.2580672987383493 111111.11111111111
6.562078160591799 1.3520469429398347 0.2580672987383493 111111.11111111111
6.562078160591799 1.3520469429398347 0.2580672987383493 111111.11111111111
6.562078160591799 1.3520469429398347 0.2580672987383493 111111.11111111111
6.562078160591799 1.3520469429398347 0.2580672987383493 111111.11111111111
6.562078160591799 1.3520469429398347 0.2580672987383493 111111.11111111111
6.562078160591799 1.3520469429398347 0.2580672987383493 111111.11111111111
6.562078160591799 1.3520469429398347 0.2580672987383493 111111.11111111111
6.562078160591799 1.3520469429398347 0.2580672987383493 111111.11111111111
6.562078160591799 1.3520469429398347 0.2580672987383493 111111.11111111111
6.562078160591799 1.3520469429398347 0.2580672987383493 111111.11111111111
6.562078160591799 1.3520469429398347 0.2580672987383493 111111.11111111111
6.562078160591799 1.3520469429398347 0.2580672987383493 111111.11111111111
6.562078160591799 1.3520469429398347 0.2580672987383493 111111.11111111111
6.562078160591799 1.3520469429398347 0.2580672987383493 111111.11111111111
6.562078160591799 1.3520469429398347 0.2580672987383493 111111.11111111111
6.562078160591799 1.3520469429398347 0.2580672987383493 111111.11111111111
6.562078160591799 1.3520469429398347 0.2580672987383493 111111.11111111111
6.562078160591799 1.3520469429398347 0.2580672987383493 111111.11111111111
6.562078160591799 1.3520469429398347 0.2580672987383493 111111.11111111111
6.562078160591799 1.3520469429398347 0.2580672987383493 111111.11111111111
6.562078160591799 1.3520469429398347 0.2580672987383493 111111.11111111111
6.562078160591799 1.3520469429398347 0.2580672987383493 111111.11111111111
6.562078160591799 1.3520469429398347 0.2580672987383493 111111.11111111111
6.562078160591799 1.3520469429398347 0.2580672987383493 111111.11111111111
6.562078160591799 1.3520469429398347 0.2580672987383493 111111.11111111111
6.562078160591799 1.3520469429398347 0.2580672987383493 111111.11111111111
6.562078160591799 1.3520469429398347 0.2580672987383493 111111.11111111111
6.562078160591799 1.3520469429398347 0.2580672987383493 111111.11111111111
6.562078160591799 1.3520469429398347 0.2580672987383493 111111.11111111111
6.562078160591799 1.3520469429398347 0.2580672987383493 111111.11111111111
6.562078160591799 1.3520469429398347 0.2580672987383493 111111.11111111111
6.562078160591799 1.3520469429398347 0.2580672987383493 111111.11111111111
6.655759586106025 1.3808892274618634 0.2778640948723969 0.0 1,0,2 coil/filament1/filament2
6.689519321048451 1.4016866008963864 -0.0002872083931038539 111111.11111111111
6.642225002646044 1.3858842379709801 -0.003965900120541561 111111.11111111111
6.5949306842436375 1.3700818750455739 -0.007644591847979268 111111.11111111111
6.5949306842436375 1.3700818750455739 -0.007644591847979268 111111.11111111111
6.5949306842436375 1.3700818750455739 -0.007644591847979268 111111.11111111111
6.5949306842436375 1.3700818750455739 -0.007644591847979268 111111.11111111111
6.5949306842436375 1.3700818750455739 -0.007644591847979268 111111.11111111111
6.5949306842436375 1.3700818750455739 -0.007644591847979268 111111.11111111111
6.5949306842436375 1.3700818750455739 -0.007644591847979268 111111.11111111111
6.5949306842436375 1.3700818750455739 -0.007644591847979268 111111.11111111111
6.5949306842436375 1.3700818750455739 -0.007644591847979268 111111.11111111111
6.5949306842436375 1.3700818750455739 -0.007644591847979268 111111.11111111111
6.5949306842436375 1.3700818750455739 -0.007644591847979268 111111.11111111111
6.5949306842436375 1.3700818750455739 -0.007644591847979268 111111.11111111111
6.5949306842436375 1.3700818750455739 -0.007644591847979268 111111.11111111111
6.5949306842436375 1.3700818750455739 -0.007644591847979268 111111.11111111111
6.5949306842436375 1.3700818750455739 -0.007644591847979268 111111.11111111111
6.5949306842436375 1.3700818750455739 -0.007644591847979268 111111.11111111111
6.5949306842436375 1.3700818750455739 -0.007644591847979268 111111.11111111111
6.5949306842436375 1.3700818750455739 -0.007644591847979268 111111.11111111111
6.5949306842436375 1.3700818750455739 -0.007644591847979268 111111.11111111111
6.5949306842436375 1.3700818750455739 -0.007644591847979268 111111.11111111111
6.5949306842436375 1.3700818750455739 -0.007644591847979268 111111.11111111111
6.5949306842436375 1.3700818750455739 -0.007644591847979268 111111.11111111111
6.5949306842436375 1.3700818750455739 -0.007644591847979268 111111.11111111111
6.5949306842436375 1.3700818750455739 -0.007644591847979268 111111.11111111111
6.5949306842436375 1.3700818750455739 -0.007644591847979268 111111.11111111111
6.5949306842436375 1.3700818750455739 -0.007644591847979268 111111.11111111111
6.5949306842436375 1.3700818750455739 -0.007644591847979268 111111.11111111111
6.5949306842436375 1.3700818750455739 -0.007644591847979268 111111.11111111111
6.5949306842436375 1.3700818750455739 -0.007644591847979268 111111.11111111111
6.5949306842436375 1.3700818750455739 -0.007644591847979268 111111.11111111111
6.5949306842436375 1.3700818750455739 -0.007644591847979268 111111.11111111111
6.5949306842436375 1.3700818750455739 -0.007644591847979268 111111.11111111111
