periods 0
begin filament
FOCUSADD Coils
6.879950410568864 0.47115754352890254 0.055817770109922886 1620000.0000002247
6.8004031008689845 0.4626897658689157 0.05654044639462456 1620000.0000002247
6.8004031008689845 0.4626897658689157 0.05654044639462456 1620000.0000002247
6.8004031008689845 0.4626897658689157 0.05654044639462456 1620000.0000002247
6.8004031008689845 0.4626897658689157 0.05654044639462456 1620000.0000002247
6.8004031008689845 0.4626897658689157 0.05654044639462456 1620000.0000002247
6.8004031008689845 0.4626897658689157 0.05654044639462456 1620000.0000002247
6.8004031008689845 0.4626897658689157 0.05654044639462456 1620000.0000002247
6.8004031008689845 0.4626897658689157 0.05654044639462456 1620000.0000002247
6.8004031008689845 0.4626897658689157 0.05654044639462456 1620000.0000002247
6.8004031008689845 0.4626897658689157 0.05654044639462456 1620000.0000002247
6.8004031008689845 0.4626897658689157 0.05654044639462456 1620000.0000002247
6.8004031008689845 0.4626897658689157 0.05654044639462456 1620000.0000002247
6.8004031008689845 0.4626897658689157 0.05654044639462456 1620000.0000002247
6.8004031008689845 0.4626897658689157 0.05654044639462456 1620000.0000002247
6.8004031008689845 0.4626897658689157 0.05654044639462456 1620000.0000002247
6.8004031008689845 0.4626897658689157 0.05654044639462456 1620000.0000002247
6.8004031008689845 0.4626897658689157 0.05654044639462456 1620000.0000002247
6.8004031008689845 0.4626897658689157 0.05654044639462456 1620000.0000002247
6.8004031008689845 0.4626897658689157 0.05654044639462456 1620000.0000002247
6.8004031008689845 0.4626897658689157 0.05654044639462456 1620000.0000002247
6.8004031008689845 0.4626897658689157 0.05654044639462456 1620000.0000002247
6.8004031008689845 0.4626897658689157 0.05654044639462456 1620000.0000002247
6.8004031008689845 0.4626897658689157 0.05654044639462456 1620000.0000002247
6.8004031008689845 0.4626897658689157 0.05654044639462456 1620000.0000002247
6.8004031008689845 0.4626897658689157 0.05654044639462456 1620000.0000002247
6.8004031008689845 0.4626897658689157 0.05654044639462456 1620000.0000002247
6.8004031008689845 0.4626897658689157 0.05654044639462456 1620000.0000002247
6.8004031008689845 0.4626897658689157 0.05654044639462456 1620000.0000002247
6.8004031008689845 0.4626897658689157 0.05654044639462456 1620000.0000002247
6.8004031008689845 0.4626897658689157 0.05654044639462456 1620000.0000002247
6.8004031008689845 0.4626897658689157 0.05654044639462456 1620000.0000002247
6.8004031008689845 0.4626897658689157 0.05654044639462456 1620000.0000002247
6.8004031008689845 0.4626897658689157 0.05654044639462456 1620000.0000002247
6.8004031008689845 0.4626897658689157 0.05654044639462456 1620000.0000002247
6.8004031008689845 0.4626897658689157 0.05654044639462456 1620000.0000002247
6.8004031008689845 0.4626897658689157 0.05654044639462456 1620000.0000002247
6.8004031008689845 0.4626897658689157 0.05654044639462456 1620000.0000002247
6.8004031008689845 0.4626897658689157 0.05654044639462456 1620000.0000002247
6.8004031008689845 0.4626897658689157 0.05654044639462456 1620000.0000002247
6.8004031008689845 0.4626897658689157 0.05654044639462456 1620000.0000002247
6.8004031008689845 0.4626897658689157 0.05654044639462456 1620000.0000002247
6.8004031008689845 0.4626897658689157 0.05654044639462456 1620000.0000002247
6.8004031008689845 0.4626897658689157 0.05654044639462456 1620000.0000002247
6.8004031008689845 0.4626897658689157 0.05654044639462456 1620000.0000002247
6.8004031008689845 0.4626897658689157 0.05654044639462456 1620000.0000002247
6.8004031008689845 0.4626897658689157 0.05654044639462456 1620000.0000002247
6.8004031008689845 0.4626897658689157 0.05654044639462456 1620000.0000002247
6.8004031008689845 0.4626897658689157 0.05654044639462456 1620000.0000002247
6.8004031008689845 0.4626897658689157 0.05654044639462456 1620000.0000002247
6.8004031008689845 0.4626897658689157 0.05654044639462456 1620000.0000002247
6.8004031008689845 0.4626897658689157 0.05654044639462456 1620000.0000002247
6.8004031008689845 0.4626897658689157 0.05654044639462456 1620000.0000002247
6.8004031008689845 0.4626897658689157 0.05654044639462456 1620000.0000002247
6.8004031008689845 0.4626897658689157 0.05654044639462456 1620000.0000002247
6.8004031008689845 0.4626897658689157 0.05654044639462456 1620000.0000002247
6.8004031008689845 0.4626897658689157 0.05654044639462456 1620000.0000002247
6.8004031008689845 0.4626897658689157 0.05654044639462456 1620000.0000002247
6.8004031008689845 0.4626897658689157 0.05654044639462456 1620000.0000002247
6.8004031008689845 0.4626897658689157 0.05654044639462456 1620000.0000002247
6.8004031008689845 0.4626897658689157 0.05654044639462456 1620000.0000002247
6.8004031008689845 0.4626897658689157 0.05654044639462456 1620000.0000002247
6.8004031008689845 0.4626897658689157 0.05654044639462456 1620000.0000002247
6.8004031008689845 0.4626897658689157 0.05654044639462456 1620000.0000002247
6.879950410568864 0.47115754352890254 0.055817770109922886 0.0 0,0,0 coil/filament1/filament2
6.877540177074037 0.4682590230788865 0.15437061224248674 1620000.0000002247
6.7981426765268695 0.46000665343829883 0.14908522652546735 1620000.0000002247
6.7981426765268695 0.46000665343829883 0.14908522652546735 1620000.0000002247
6.7981426765268695 0.46000665343829883 0.14908522652546735 1620000.0000002247
6.7981426765268695 0.46000665343829883 0.14908522652546735 1620000.0000002247
6.7981426765268695 0.46000665343829883 0.14908522652546735 1620000.0000002247
6.7981426765268695 0.46000665343829883 0.14908522652546735 1620000.0000002247
6.7981426765268695 0.46000665343829883 0.14908522652546735 1620000.0000002247
6.7981426765268695 0.46000665343829883 0.14908522652546735 1620000.0000002247
6.7981426765268695 0.46000665343829883 0.14908522652546735 1620000.0000002247
6.7981426765268695 0.46000665343829883 0.14908522652546735 1620000.0000002247
6.7981426765268695 0.46000665343829883 0.14908522652546735 1620000.0000002247
6.7981426765268695 0.46000665343829883 0.14908522652546735 1620000.0000002247
6.7981426765268695 0.46000665343829883 0.14908522652546735 1620000.0000002247
6.7981426765268695 0.46000665343829883 0.14908522652546735 1620000.0000002247
6.7981426765268695 0.46000665343829883 0.14908522652546735 1620000.0000002247
6.7981426765268695 0.46000665343829883 0.14908522652546735 1620000.0000002247
6.7981426765268695 0.46000665343829883 0.14908522652546735 1620000.0000002247
6.7981426765268695 0.46000665343829883 0.14908522652546735 1620000.0000002247
6.7981426765268695 0.46000665343829883 0.14908522652546735 1620000.0000002247
6.7981426765268695 0.46000665343829883 0.14908522652546735 1620000.0000002247
6.7981426765268695 0.46000665343829883 0.14908522652546735 1620000.0000002247
6.7981426765268695 0.46000665343829883 0.14908522652546735 1620000.0000002247
6.7981426765268695 0.46000665343829883 0.14908522652546735 1620000.0000002247
6.7981426765268695 0.46000665343829883 0.14908522652546735 1620000.0000002247
6.7981426765268695 0.46000665343829883 0.14908522652546735 1620000.0000002247
6.7981426765268695 0.46000665343829883 0.14908522652546735 1620000.0000002247
6.7981426765268695 0.46000665343829883 0.14908522652546735 1620000.0000002247
6.7981426765268695 0.46000665343829883 0.14908522652546735 1620000.0000002247
6.7981426765268695 0.46000665343829883 0.14908522652546735 1620000.0000002247
6.7981426765268695 0.46000665343829883 0.14908522652546735 1620000.0000002247
6.7981426765268695 0.46000665343829883 0.14908522652546735 1620000.0000002247
6.7981426765268695 0.46000665343829883 0.14908522652546735 1620000.0000002247
6.7981426765268695 0.46000665343829883 0.14908522652546735 1620000.0000002247
6.7981426765268695 0.46000665343829883 0.14908522652546735 1620000.0000002247
6.7981426765268695 0.46000665343829883 0.14908522652546735 1620000.0000002247
6.7981426765268695 0.46000665343829883 0.14908522652546735 1620000.0000002247
6.7981426765268695 0.46000665343829883 0.14908522652546735 1620000.0000002247
6.7981426765268695 0.46000665343829883 0.14908522652546735 1620000.0000002247
6.7981426765268695 0.46000665343829883 0.14908522652546735 1620000.0000002247
6.7981426765268695 0.46000665343829883 0.14908522652546735 1620000.0000002247
6.7981426765268695 0.46000665343829883 0.14908522652546735 1620000.0000002247
6.7981426765268695 0.46000665343829883 0.14908522652546735 1620000.0000002247
6.7981426765268695 0.46000665343829883 0.14908522652546735 1620000.0000002247
6.7981426765268695 0.46000665343829883 0.14908522652546735 1620000.0000002247
6.7981426765268695 0.46000665343829883 0.14908522652546735 1620000.0000002247
6.7981426765268695 0.46000665343829883 0.14908522652546735 1620000.0000002247
6.7981426765268695 0.46000665343829883 0.14908522652546735 1620000.0000002247
6.7981426765268695 0.46000665343829883 0.14908522652546735 1620000.0000002247
6.7981426765268695 0.46000665343829883 0.14908522652546735 1620000.0000002247
6.7981426765268695 0.46000665343829883 0.14908522652546735 1620000.0000002247
6.7981426765268695 0.46000665343829883 0.14908522652546735 1620000.0000002247
6.7981426765268695 0.46000665343829883 0.14908522652546735 1620000.0000002247
6.7981426765268695 0.46000665343829883 0.14908522652546735 1620000.0000002247
6.7981426765268695 0.46000665343829883 0.14908522652546735 1620000.0000002247
6.7981426765268695 0.46000665343829883 0.14908522652546735 1620000.0000002247
6.7981426765268695 0.46000665343829883 0.14908522652546735 1620000.0000002247
6.7981426765268695 0.46000665343829883 0.14908522652546735 1620000.0000002247
6.7981426765268695 0.46000665343829883 0.14908522652546735 1620000.0000002247
6.7981426765268695 0.46000665343829883 0.14908522652546735 1620000.0000002247
6.7981426765268695 0.46000665343829883 0.14908522652546735 1620000.0000002247
6.7981426765268695 0.46000665343829883 0.14908522652546735 1620000.0000002247
6.7981426765268695 0.46000665343829883 0.14908522652546735 1620000.0000002247
6.7981426765268695 0.46000665343829883 0.14908522652546735 1620000.0000002247
6.877540177074037 0.4682590230788865 0.15437061224248674 0.0 0,0,1 coil/filament1/filament2
6.888398972214955 0.39162781905972593 0.053908651997008186 1620000.0000002247
6.8088516625150755 0.3831600413997391 0.054631328281709864 1620000.0000002247
6.8088516625150755 0.3831600413997391 0.054631328281709864 1620000.0000002247
6.8088516625150755 0.3831600413997391 0.054631328281709864 1620000.0000002247
6.8088516625150755 0.3831600413997391 0.054631328281709864 1620000.0000002247
6.8088516625150755 0.3831600413997391 0.054631328281709864 1620000.0000002247
6.8088516625150755 0.3831600413997391 0.054631328281709864 1620000.0000002247
6.8088516625150755 0.3831600413997391 0.054631328281709864 1620000.0000002247
6.8088516625150755 0.3831600413997391 0.054631328281709864 1620000.0000002247
6.8088516625150755 0.3831600413997391 0.054631328281709864 1620000.0000002247
6.8088516625150755 0.3831600413997391 0.054631328281709864 1620000.0000002247
6.8088516625150755 0.3831600413997391 0.054631328281709864 1620000.0000002247
6.8088516625150755 0.3831600413997391 0.054631328281709864 1620000.0000002247
6.8088516625150755 0.3831600413997391 0.054631328281709864 1620000.0000002247
6.8088516625150755 0.3831600413997391 0.054631328281709864 1620000.0000002247
6.8088516625150755 0.3831600413997391 0.054631328281709864 1620000.0000002247
6.8088516625150755 0.3831600413997391 0.054631328281709864 1620000.0000002247
6.8088516625150755 0.3831600413997391 0.054631328281709864 1620000.0000002247
6.8088516625150755 0.3831600413997391 0.054631328281709864 1620000.0000002247
6.8088516625150755 0.3831600413997391 0.054631328281709864 1620000.0000002247
6.8088516625150755 0.3831600413997391 0.054631328281709864 1620000.0000002247
6.8088516625150755 0.3831600413997391 0.054631328281709864 1620000.0000002247
6.8088516625150755 0.3831600413997391 0.054631328281709864 1620000.0000002247
6.8088516625150755 0.3831600413997391 0.054631328281709864 1620000.0000002247
6.8088516625150755 0.3831600413997391 0.054631328281709864 1620000.0000002247
6.8088516625150755 0.3831600413997391 0.054631328281709864 1620000.0000002247
6.8088516625150755 0.3831600413997391 0.054631328281709864 1620000.0000002247
6.8088516625150755 0.3831600413997391 0.054631328281709864 1620000.0000002247
6.8088516625150755 0.3831600413997391 0.054631328281709864 1620000.0000002247
6.8088516625150755 0.3831600413997391 0.054631328281709864 1620000.0000002247
6.8088516625150755 0.3831600413997391 0.054631328281709864 1620000.0000002247
6.8088516625150755 0.3831600413997391 0.054631328281709864 1620000.0000002247
6.8088516625150755 0.3831600413997391 0.054631328281709864 1620000.0000002247
6.8088516625150755 0.3831600413997391 0.054631328281709864 1620000.0000002247
6.8088516625150755 0.3831600413997391 0.054631328281709864 1620000.0000002247
6.8088516625150755 0.3831600413997391 0.054631328281709864 1620000.0000002247
6.8088516625150755 0.3831600413997391 0.054631328281709864 1620000.0000002247
6.8088516625150755 0.3831600413997391 0.054631328281709864 1620000.0000002247
6.8088516625150755 0.3831600413997391 0.054631328281709864 1620000.0000002247
6.8088516625150755 0.3831600413997391 0.054631328281709864 1620000.0000002247
6.8088516625150755 0.3831600413997391 0.054631328281709864 1620000.0000002247
6.8088516625150755 0.3831600413997391 0.054631328281709864 1620000.0000002247
6.8088516625150755 0.3831600413997391 0.054631328281709864 1620000.0000002247
6.8088516625150755 0.3831600413997391 0.054631328281709864 1620000.0000002247
6.8088516625150755 0.3831600413997391 0.054631328281709864 1620000.0000002247
6.8088516625150755 0.3831600413997391 0.054631328281709864 1620000.0000002247
6.8088516625150755 0.3831600413997391 0.054631328281709864 1620000.0000002247
6.8088516625150755 0.3831600413997391 0.054631328281709864 1620000.0000002247
6.8088516625150755 0.3831600413997391 0.054631328281709864 1620000.0000002247
6.8088516625150755 0.3831600413997391 0.054631328281709864 1620000.0000002247
6.8088516625150755 0.3831600413997391 0.054631328281709864 1620000.0000002247
6.8088516625150755 0.3831600413997391 0.054631328281709864 1620000.0000002247
6.8088516625150755 0.3831600413997391 0.054631328281709864 1620000.0000002247
6.8088516625150755 0.3831600413997391 0.054631328281709864 1620000.0000002247
6.8088516625150755 0.3831600413997391 0.054631328281709864 1620000.0000002247
6.8088516625150755 0.3831600413997391 0.054631328281709864 1620000.0000002247
6.8088516625150755 0.3831600413997391 0.054631328281709864 1620000.0000002247
6.8088516625150755 0.3831600413997391 0.054631328281709864 1620000.0000002247
6.8088516625150755 0.3831600413997391 0.054631328281709864 1620000.0000002247
6.8088516625150755 0.3831600413997391 0.054631328281709864 1620000.0000002247
6.8088516625150755 0.3831600413997391 0.054631328281709864 1620000.0000002247
6.8088516625150755 0.3831600413997391 0.054631328281709864 1620000.0000002247
6.8088516625150755 0.3831600413997391 0.054631328281709864 1620000.0000002247
6.8088516625150755 0.3831600413997391 0.054631328281709864 1620000.0000002247
6.888398972214955 0.39162781905972593 0.053908651997008186 0.0 0,1,0 coil/filament1/filament2
6.885958124582758 0.38873615323150723 0.15207903397038264 1620000.0000002247
6.8065606240355905 0.38048378359091956 0.14679364825336325 1620000.0000002247
6.8065606240355905 0.38048378359091956 0.14679364825336325 1620000.0000002247
6.8065606240355905 0.38048378359091956 0.14679364825336325 1620000.0000002247
6.8065606240355905 0.38048378359091956 0.14679364825336325 1620000.0000002247
6.8065606240355905 0.38048378359091956 0.14679364825336325 1620000.0000002247
6.8065606240355905 0.38048378359091956 0.14679364825336325 1620000.0000002247
6.8065606240355905 0.38048378359091956 0.14679364825336325 1620000.0000002247
6.8065606240355905 0.38048378359091956 0.14679364825336325 1620000.0000002247
6.8065606240355905 0.38048378359091956 0.14679364825336325 1620000.0000002247
6.8065606240355905 0.38048378359091956 0.14679364825336325 1620000.0000002247
6.8065606240355905 0.38048378359091956 0.14679364825336325 1620000.0000002247
6.8065606240355905 0.38048378359091956 0.14679364825336325 1620000.0000002247
6.8065606240355905 0.38048378359091956 0.14679364825336325 1620000.0000002247
6.8065606240355905 0.38048378359091956 0.14679364825336325 1620000.0000002247
6.8065606240355905 0.38048378359091956 0.14679364825336325 1620000.0000002247
6.8065606240355905 0.38048378359091956 0.14679364825336325 1620000.0000002247
6.8065606240355905 0.38048378359091956 0.14679364825336325 1620000.0000002247
6.8065606240355905 0.38048378359091956 0.14679364825336325 1620000.0000002247
6.8065606240355905 0.38048378359091956 0.14679364825336325 1620000.0000002247
6.8065606240355905 0.38048378359091956 0.14679364825336325 1620000.0000002247
6.8065606240355905 0.38048378359091956 0.14679364825336325 1620000.0000002247
6.8065606240355905 0.38048378359091956 0.14679364825336325 1620000.0000002247
6.8065606240355905 0.38048378359091956 0.14679364825336325 1620000.0000002247
6.8065606240355905 0.38048378359091956 0.14679364825336325 1620000.0000002247
6.8065606240355905 0.38048378359091956 0.14679364825336325 1620000.0000002247
6.8065606240355905 0.38048378359091956 0.14679364825336325 1620000.0000002247
6.8065606240355905 0.38048378359091956 0.14679364825336325 1620000.0000002247
6.8065606240355905 0.38048378359091956 0.14679364825336325 1620000.0000002247
6.8065606240355905 0.38048378359091956 0.14679364825336325 1620000.0000002247
6.8065606240355905 0.38048378359091956 0.14679364825336325 1620000.0000002247
6.8065606240355905 0.38048378359091956 0.14679364825336325 1620000.0000002247
6.8065606240355905 0.38048378359091956 0.14679364825336325 1620000.0000002247
6.8065606240355905 0.38048378359091956 0.14679364825336325 1620000.0000002247
6.8065606240355905 0.38048378359091956 0.14679364825336325 1620000.0000002247
6.8065606240355905 0.38048378359091956 0.14679364825336325 1620000.0000002247
6.8065606240355905 0.38048378359091956 0.14679364825336325 1620000.0000002247
6.8065606240355905 0.38048378359091956 0.14679364825336325 1620000.0000002247
6.8065606240355905 0.38048378359091956 0.14679364825336325 1620000.0000002247
6.8065606240355905 0.38048378359091956 0.14679364825336325 1620000.0000002247
6.8065606240355905 0.38048378359091956 0.14679364825336325 1620000.0000002247
6.8065606240355905 0.38048378359091956 0.14679364825336325 1620000.0000002247
6.8065606240355905 0.38048378359091956 0.14679364825336325 1620000.0000002247
6.8065606240355905 0.38048378359091956 0.14679364825336325 1620000.0000002247
6.8065606240355905 0.38048378359091956 0.14679364825336325 1620000.0000002247
6.8065606240355905 0.38048378359091956 0.14679364825336325 1620000.0000002247
6.8065606240355905 0.38048378359091956 0.14679364825336325 1620000.0000002247
6.8065606240355905 0.38048378359091956 0.14679364825336325 1620000.0000002247
6.8065606240355905 0.38048378359091956 0.14679364825336325 1620000.0000002247
6.8065606240355905 0.38048378359091956 0.14679364825336325 1620000.0000002247
6.8065606240355905 0.38048378359091956 0.14679364825336325 1620000.0000002247
6.8065606240355905 0.38048378359091956 0.14679364825336325 1620000.0000002247
6.8065606240355905 0.38048378359091956 0.14679364825336325 1620000.0000002247
6.8065606240355905 0.38048378359091956 0.14679364825336325 1620000.0000002247
6.8065606240355905 0.38048378359091956 0.14679364825336325 1620000.0000002247
6.8065606240355905 0.38048378359091956 0.14679364825336325 1620000.0000002247
6.8065606240355905 0.38048378359091956 0.14679364825336325 1620000.0000002247
6.8065606240355905 0.38048378359091956 0.14679364825336325 1620000.0000002247
6.8065606240355905 0.38048378359091956 0.14679364825336325 1620000.0000002247
6.8065606240355905 0.38048378359091956 0.14679364825336325 1620000.0000002247
6.8065606240355905 0.38048378359091956 0.14679364825336325 1620000.0000002247
6.8065606240355905 0.38048378359091956 0.14679364825336325 1620000.0000002247
6.8065606240355905 0.38048378359091956 0.14679364825336325 1620000.0000002247
6.8065606240355905 0.38048378359091956 0.14679364825336325 1620000.0000002247
6.885958124582758 0.38873615323150723 0.15207903397038264 0.0 0,1,1 coil/filament1/filament2
6.654916289161338 1.397338062832464 0.20635561761610174 1620000.0000001155
6.580444843407338 1.3750793980581946 0.1874200529354334 1620000.0000001155
6.580444843407338 1.3750793980581946 0.1874200529354334 1620000.0000001155
6.580444843407338 1.3750793980581946 0.1874200529354334 1620000.0000001155
6.580444843407338 1.3750793980581946 0.1874200529354334 1620000.0000001155
6.580444843407338 1.3750793980581946 0.1874200529354334 1620000.0000001155
6.580444843407338 1.3750793980581946 0.1874200529354334 1620000.0000001155
6.580444843407338 1.3750793980581946 0.1874200529354334 1620000.0000001155
6.580444843407338 1.3750793980581946 0.1874200529354334 1620000.0000001155
6.580444843407338 1.3750793980581946 0.1874200529354334 1620000.0000001155
6.580444843407338 1.3750793980581946 0.1874200529354334 1620000.0000001155
6.580444843407338 1.3750793980581946 0.1874200529354334 1620000.0000001155
6.580444843407338 1.3750793980581946 0.1874200529354334 1620000.0000001155
6.580444843407338 1.3750793980581946 0.1874200529354334 1620000.0000001155
6.580444843407338 1.3750793980581946 0.1874200529354334 1620000.0000001155
6.580444843407338 1.3750793980581946 0.1874200529354334 1620000.0000001155
6.580444843407338 1.3750793980581946 0.1874200529354334 1620000.0000001155
6.580444843407338 1.3750793980581946 0.1874200529354334 1620000.0000001155
6.580444843407338 1.3750793980581946 0.1874200529354334 1620000.0000001155
6.580444843407338 1.3750793980581946 0.1874200529354334 1620000.0000001155
6.580444843407338 1.3750793980581946 0.1874200529354334 1620000.0000001155
6.580444843407338 1.3750793980581946 0.1874200529354334 1620000.0000001155
6.580444843407338 1.3750793980581946 0.1874200529354334 1620000.0000001155
6.580444843407338 1.3750793980581946 0.1874200529354334 1620000.0000001155
6.580444843407338 1.3750793980581946 0.1874200529354334 1620000.0000001155
6.580444843407338 1.3750793980581946 0.1874200529354334 1620000.0000001155
6.580444843407338 1.3750793980581946 0.1874200529354334 1620000.0000001155
6.580444843407338 1.3750793980581946 0.1874200529354334 1620000.0000001155
6.580444843407338 1.3750793980581946 0.1874200529354334 1620000.0000001155
6.580444843407338 1.3750793980581946 0.1874200529354334 1620000.0000001155
6.580444843407338 1.3750793980581946 0.1874200529354334 1620000.0000001155
6.580444843407338 1.3750793980581946 0.1874200529354334 1620000.0000001155
6.580444843407338 1.3750793980581946 0.1874200529354334 1620000.0000001155
6.580444843407338 1.3750793980581946 0.1874200529354334 1620000.0000001155
6.580444843407338 1.3750793980581946 0.1874200529354334 1620000.0000001155
6.580444843407338 1.3750793980581946 0.1874200529354334 1620000.0000001155
6.580444843407338 1.3750793980581946 0.1874200529354334 1620000.0000001155
6.580444843407338 1.3750793980581946 0.1874200529354334 1620000.0000001155
6.580444843407338 1.3750793980581946 0.1874200529354334 1620000.0000001155
6.580444843407338 1.3750793980581946 0.1874200529354334 1620000.0000001155
6.580444843407338 1.3750793980581946 0.1874200529354334 1620000.0000001155
6.580444843407338 1.3750793980581946 0.1874200529354334 1620000.0000001155
6.580444843407338 1.3750793980581946 0.1874200529354334 1620000.0000001155
6.580444843407338 1.3750793980581946 0.1874200529354334 1620000.0000001155
6.580444843407338 1.3750793980581946 0.1874200529354334 1620000.0000001155
6.580444843407338 1.3750793980581946 0.1874200529354334 1620000.0000001155
6.580444843407338 1.3750793980581946 0.1874200529354334 1620000.0000001155
6.580444843407338 1.3750793980581946 0.1874200529354334 1620000.0000001155
6.580444843407338 1.3750793980581946 0.1874200529354334 1620000.0000001155
6.580444843407338 1.3750793980581946 0.1874200529354334 1620000.0000001155
6.580444843407338 1.3750793980581946 0.1874200529354334 1620000.0000001155
6.580444843407338 1.3750793980581946 0.1874200529354334 1620000.0000001155
6.580444843407338 1.3750793980581946 0.1874200529354334 1620000.0000001155
6.580444843407338 1.3750793980581946 0.1874200529354334 1620000.0000001155
6.580444843407338 1.3750793980581946 0.1874200529354334 1620000.0000001155
6.580444843407338 1.3750793980581946 0.1874200529354334 1620000.0000001155
6.580444843407338 1.3750793980581946 0.1874200529354334 1620000.0000001155
6.580444843407338 1.3750793980581946 0.1874200529354334 1620000.0000001155
6.580444843407338 1.3750793980581946 0.1874200529354334 1620000.0000001155
6.580444843407338 1.3750793980581946 0.1874200529354334 1620000.0000001155
6.580444843407338 1.3750793980581946 0.1874200529354334 1620000.0000001155
6.580444843407338 1.3750793980581946 0.1874200529354334 1620000.0000001155
6.580444843407338 1.3750793980581946 0.1874200529354334 1620000.0000001155
6.580444843407338 1.3750793980581946 0.1874200529354334 1620000.0000001155
6.654916289161338 1.397338062832464 0.20635561761610174 0.0 1,0,0 coil/filament1/filament2
6.639284621520054 1.3679035844447804 0.29510702356685375 1620000.0000001155
6.565412080964448 1.3456278289049273 0.2739732007468086 1620000.0000001155
6.565412080964448 1.3456278289049273 0.2739732007468086 1620000.0000001155
6.565412080964448 1.3456278289049273 0.2739732007468086 1620000.0000001155
6.565412080964448 1.3456278289049273 0.2739732007468086 1620000.0000001155
6.565412080964448 1.3456278289049273 0.2739732007468086 1620000.0000001155
6.565412080964448 1.3456278289049273 0.2739732007468086 1620000.0000001155
6.565412080964448 1.3456278289049273 0.2739732007468086 1620000.0000001155
6.565412080964448 1.3456278289049273 0.2739732007468086 1620000.0000001155
6.565412080964448 1.3456278289049273 0.2739732007468086 1620000.0000001155
6.565412080964448 1.3456278289049273 0.2739732007468086 1620000.0000001155
6.565412080964448 1.3456278289049273 0.2739732007468086 1620000.0000001155
6.565412080964448 1.3456278289049273 0.2739732007468086 1620000.0000001155
6.565412080964448 1.3456278289049273 0.2739732007468086 1620000.0000001155
6.565412080964448 1.3456278289049273 0.2739732007468086 1620000.0000001155
6.565412080964448 1.3456278289049273 0.2739732007468086 1620000.0000001155
6.565412080964448 1.3456278289049273 0.2739732007468086 1620000.0000001155
6.565412080964448 1.3456278289049273 0.2739732007468086 1620000.0000001155
6.565412080964448 1.3456278289049273 0.2739732007468086 1620000.0000001155
6.565412080964448 1.3456278289049273 0.2739732007468086 1620000.0000001155
6.565412080964448 1.3456278289049273 0.2739732007468086 1620000.0000001155
6.565412080964448 1.3456278289049273 0.2739732007468086 1620000.0000001155
6.565412080964448 1.3456278289049273 0.2739732007468086 1620000.0000001155
6.565412080964448 1.3456278289049273 0.2739732007468086 1620000.0000001155
6.565412080964448 1.3456278289049273 0.2739732007468086 1620000.0000001155
6.565412080964448 1.3456278289049273 0.2739732007468086 1620000.0000001155
6.565412080964448 1.3456278289049273 0.2739732007468086 1620000.0000001155
6.565412080964448 1.3456278289049273 0.2739732007468086 1620000.0000001155
6.565412080964448 1.3456278289049273 0.2739732007468086 1620000.0000001155
6.565412080964448 1.3456278289049273 0.2739732007468086 1620000.0000001155
6.565412080964448 1.3456278289049273 0.2739732007468086 1620000.0000001155
6.565412080964448 1.3456278289049273 0.2739732007468086 1620000.0000001155
6.565412080964448 1.3456278289049273 0.2739732007468086 1620000.0000001155
6.565412080964448 1.3456278289049273 0.2739732007468086 1620000.0000001155
6.565412080964448 1.3456278289049273 0.2739732007468086 1620000.0000001155
6.565412080964448 1.3456278289049273 0.2739732007468086 1620000.0000001155
6.565412080964448 1.3456278289049273 0.2739732007468086 1620000.0000001155
6.565412080964448 1.3456278289049273 0.2739732007468086 1620000.0000001155
6.565412080964448 1.3456278289049273 0.2739732007468086 1620000.0000001155
6.565412080964448 1.3456278289049273 0.2739732007468086 1620000.0000001155
6.565412080964448 1.3456278289049273 0.2739732007468086 1620000.0000001155
6.565412080964448 1.3456278289049273 0.2739732007468086 1620000.0000001155
6.565412080964448 1.3456278289049273 0.2739732007468086 1620000.0000001155
6.565412080964448 1.3456278289049273 0.2739732007468086 1620000.0000001155
6.565412080964448 1.3456278289049273 0.2739732007468086 1620000.0000001155
6.565412080964448 1.3456278289049273 0.2739732007468086 1620000.0000001155
6.565412080964448 1.3456278289049273 0.2739732007468086 1620000.0000001155
6.565412080964448 1.3456278289049273 0.2739732007468086 1620000.0000001155
6.565412080964448 1.3456278289049273 0.2739732007468086 1620000.0000001155
6.565412080964448 1.3456278289049273 0.2739732007468086 1620000.0000001155
6.565412080964448 1.3456278289049273 0.2739732007468086 1620000.0000001155
6.565412080964448 1.3456278289049273 0.2739732007468086 1620000.0000001155
6.565412080964448 1.3456278289049273 0.2739732007468086 1620000.0000001155
6.565412080964448 1.3456278289049273 0.2739732007468086 1620000.0000001155
6.565412080964448 1.3456278289049273 0.2739732007468086 1620000.0000001155
6.565412080964448 1.3456278289049273 0.2739732007468086 1620000.0000001155
6.565412080964448 1.3456278289049273 0.2739732007468086 1620000.0000001155
6.565412080964448 1.3456278289049273 0.2739732007468086 1620000.0000001155
6.565412080964448 1.3456278289049273 0.2739732007468086 1620000.0000001155
6.565412080964448 1.3456278289049273 0.2739732007468086 1620000.0000001155
6.565412080964448 1.3456278289049273 0.2739732007468086 1620000.0000001155
6.565412080964448 1.3456278289049273 0.2739732007468086 1620000.0000001155
6.565412080964448 1.3456278289049273 0.2739732007468086 1620000.0000001155
6.565412080964448 1.3456278289049273 0.2739732007468086 1620000.0000001155
6.639284621520054 1.3679035844447804 0.29510702356685375 0.0 1,0,1 coil/filament1/filament2
6.681865966059584 1.3249819427712877 0.18541983951322932 1620000.0000001155
6.607394520305584 1.3027232779970181 0.16648427483256098 1620000.0000001155
6.607394520305584 1.3027232779970181 0.16648427483256098 1620000.0000001155
6.607394520305584 1.3027232779970181 0.16648427483256098 1620000.0000001155
6.607394520305584 1.3027232779970181 0.16648427483256098 1620000.0000001155
6.607394520305584 1.3027232779970181 0.16648427483256098 1620000.0000001155
6.607394520305584 1.3027232779970181 0.16648427483256098 1620000.0000001155
6.607394520305584 1.3027232779970181 0.16648427483256098 1620000.0000001155
6.607394520305584 1.3027232779970181 0.16648427483256098 1620000.0000001155
6.607394520305584 1.3027232779970181 0.16648427483256098 1620000.0000001155
6.607394520305584 1.3027232779970181 0.16648427483256098 1620000.0000001155
6.607394520305584 1.3027232779970181 0.16648427483256098 1620000.0000001155
6.607394520305584 1.3027232779970181 0.16648427483256098 1620000.0000001155
6.607394520305584 1.3027232779970181 0.16648427483256098 1620000.0000001155
6.607394520305584 1.3027232779970181 0.16648427483256098 1620000.0000001155
6.607394520305584 1.3027232779970181 0.16648427483256098 1620000.0000001155
6.607394520305584 1.3027232779970181 0.16648427483256098 1620000.0000001155
6.607394520305584 1.3027232779970181 0.16648427483256098 1620000.0000001155
6.607394520305584 1.3027232779970181 0.16648427483256098 1620000.0000001155
6.607394520305584 1.3027232779970181 0.16648427483256098 1620000.0000001155
6.607394520305584 1.3027232779970181 0.16648427483256098 1620000.0000001155
6.607394520305584 1.3027232779970181 0.16648427483256098 1620000.0000001155
6.607394520305584 1.3027232779970181 0.16648427483256098 1620000.0000001155
6.607394520305584 1.3027232779970181 0.16648427483256098 1620000.0000001155
6.607394520305584 1.3027232779970181 0.16648427483256098 1620000.0000001155
6.607394520305584 1.3027232779970181 0.16648427483256098 1620000.0000001155
6.607394520305584 1.3027232779970181 0.16648427483256098 1620000.0000001155
6.607394520305584 1.3027232779970181 0.16648427483256098 1620000.0000001155
6.607394520305584 1.3027232779970181 0.16648427483256098 1620000.0000001155
6.607394520305584 1.3027232779970181 0.16648427483256098 1620000.0000001155
6.607394520305584 1.3027232779970181 0.16648427483256098 1620000.0000001155
6.607394520305584 1.3027232779970181 0.16648427483256098 1620000.0000001155
6.607394520305584 1.3027232779970181 0.16648427483256098 1620000.0000001155
6.607394520305584 1.3027232779970181 0.16648427483256098 1620000.0000001155
6.607394520305584 1.3027232779970181 0.16648427483256098 1620000.0000001155
6.607394520305584 1.3027232779970181 0.16648427483256098 1620000.0000001155
6.607394520305584 1.3027232779970181 0.16648427483256098 1620000.0000001155
6.607394520305584 1.3027232779970181 0.16648427483256098 1620000.0000001155
6.607394520305584 1.3027232779970181 0.16648427483256098 1620000.0000001155
6.607394520305584 1.3027232779970181 0.16648427483256098 1620000.0000001155
6.607394520305584 1.3027232779970181 0.16648427483256098 1620000.0000001155
6.607394520305584 1.3027232779970181 0.16648427483256098 1620000.0000001155
6.607394520305584 1.3027232779970181 0.16648427483256098 1620000.0000001155
6.607394520305584 1.3027232779970181 0.16648427483256098 1620000.0000001155
6.607394520305584 1.3027232779970181 0.16648427483256098 1620000.0000001155
6.607394520305584 1.3027232779970181 0.16648427483256098 1620000.0000001155
6.607394520305584 1.3027232779970181 0.16648427483256098 1620000.0000001155
6.607394520305584 1.3027232779970181 0.16648427483256098 1620000.0000001155
6.607394520305584 1.3027232779970181 0.16648427483256098 1620000.0000001155
6.607394520305584 1.3027232779970181 0.16648427483256098 1620000.0000001155
6.607394520305584 1.3027232779970181 0.16648427483256098 1620000.0000001155
6.607394520305584 1.3027232779970181 0.16648427483256098 1620000.0000001155
6.607394520305584 1.3027232779970181 0.16648427483256098 1620000.0000001155
6.607394520305584 1.3027232779970181 0.16648427483256098 1620000.0000001155
6.607394520305584 1.3027232779970181 0.16648427483256098 1620000.0000001155
6.607394520305584 1.3027232779970181 0.16648427483256098 1620000.0000001155
6.607394520305584 1.3027232779970181 0.16648427483256098 1620000.0000001155
6.607394520305584 1.3027232779970181 0.16648427483256098 1620000.0000001155
6.607394520305584 1.3027232779970181 0.16648427483256098 1620000.0000001155
6.607394520305584 1.3027232779970181 0.16648427483256098 1620000.0000001155
6.607394520305584 1.3027232779970181 0.16648427483256098 1620000.0000001155
6.607394520305584 1.3027232779970181 0.16648427483256098 1620000.0000001155
6.607394520305584 1.3027232779970181 0.16648427483256098 1620000.0000001155
6.607394520305584 1.3027232779970181 0.16648427483256098 1620000.0000001155
6.681865966059584 1.3249819427712877 0.18541983951322932 0.0 1,1,0 coil/filament1/filament2
6.666464119693751 1.2948472059916467 0.27710590009251285 1620000.0000001155
6.592591579138145 1.2725714504517935 0.2559720772724677 1620000.0000001155
6.592591579138145 1.2725714504517935 0.2559720772724677 1620000.0000001155
6.592591579138145 1.2725714504517935 0.2559720772724677 1620000.0000001155
6.592591579138145 1.2725714504517935 0.2559720772724677 1620000.0000001155
6.592591579138145 1.2725714504517935 0.2559720772724677 1620000.0000001155
6.592591579138145 1.2725714504517935 0.2559720772724677 1620000.0000001155
6.592591579138145 1.2725714504517935 0.2559720772724677 1620000.0000001155
6.592591579138145 1.2725714504517935 0.2559720772724677 1620000.0000001155
6.592591579138145 1.2725714504517935 0.2559720772724677 1620000.0000001155
6.592591579138145 1.2725714504517935 0.2559720772724677 1620000.0000001155
6.592591579138145 1.2725714504517935 0.2559720772724677 1620000.0000001155
6.592591579138145 1.2725714504517935 0.2559720772724677 1620000.0000001155
6.592591579138145 1.2725714504517935 0.2559720772724677 1620000.0000001155
6.592591579138145 1.2725714504517935 0.2559720772724677 1620000.0000001155
6.592591579138145 1.2725714504517935 0.2559720772724677 1620000.0000001155
6.592591579138145 1.2725714504517935 0.2559720772724677 1620000.0000001155
6.592591579138145 1.2725714504517935 0.2559720772724677 1620000.0000001155
6.592591579138145 1.2725714504517935 0.2559720772724677 1620000.0000001155
6.592591579138145 1.2725714504517935 0.2559720772724677 1620000.0000001155
6.592591579138145 1.2725714504517935 0.2559720772724677 1620000.0000001155
6.592591579138145 1.2725714504517935 0.2559720772724677 1620000.0000001155
6.592591579138145 1.2725714504517935 0.2559720772724677 1620000.0000001155
6.592591579138145 1.2725714504517935 0.2559720772724677 1620000.0000001155
6.592591579138145 1.2725714504517935 0.2559720772724677 1620000.0000001155
6.592591579138145 1.2725714504517935 0.2559720772724677 1620000.0000001155
6.592591579138145 1.2725714504517935 0.2559720772724677 1620000.0000001155
6.592591579138145 1.2725714504517935 0.2559720772724677 1620000.0000001155
6.592591579138145 1.2725714504517935 0.2559720772724677 1620000.0000001155
6.592591579138145 1.2725714504517935 0.2559720772724677 1620000.0000001155
6.592591579138145 1.2725714504517935 0.2559720772724677 1620000.0000001155
6.592591579138145 1.2725714504517935 0.2559720772724677 1620000.0000001155
6.592591579138145 1.2725714504517935 0.2559720772724677 1620000.0000001155
6.592591579138145 1.2725714504517935 0.2559720772724677 1620000.0000001155
6.592591579138145 1.2725714504517935 0.2559720772724677 1620000.0000001155
6.592591579138145 1.2725714504517935 0.2559720772724677 1620000.0000001155
6.592591579138145 1.2725714504517935 0.2559720772724677 1620000.0000001155
6.592591579138145 1.2725714504517935 0.2559720772724677 1620000.0000001155
6.592591579138145 1.2725714504517935 0.2559720772724677 1620000.0000001155
6.592591579138145 1.2725714504517935 0.2559720772724677 1620000.0000001155
6.592591579138145 1.2725714504517935 0.2559720772724677 1620000.0000001155
6.592591579138145 1.2725714504517935 0.2559720772724677 1620000.0000001155
6.592591579138145 1.2725714504517935 0.2559720772724677 1620000.0000001155
6.592591579138145 1.2725714504517935 0.2559720772724677 1620000.0000001155
6.592591579138145 1.2725714504517935 0.2559720772724677 1620000.0000001155
6.592591579138145 1.2725714504517935 0.2559720772724677 1620000.0000001155
6.592591579138145 1.2725714504517935 0.2559720772724677 1620000.0000001155
6.592591579138145 1.2725714504517935 0.2559720772724677 1620000.0000001155
6.592591579138145 1.2725714504517935 0.2559720772724677 1620000.0000001155
6.592591579138145 1.2725714504517935 0.2559720772724677 1620000.0000001155
6.592591579138145 1.2725714504517935 0.2559720772724677 1620000.0000001155
6.592591579138145 1.2725714504517935 0.2559720772724677 1620000.0000001155
6.592591579138145 1.2725714504517935 0.2559720772724677 1620000.0000001155
6.592591579138145 1.2725714504517935 0.2559720772724677 1620000.0000001155
6.592591579138145 1.2725714504517935 0.2559720772724677 1620000.0000001155
6.592591579138145 1.2725714504517935 0.2559720772724677 1620000.0000001155
6.592591579138145 1.2725714504517935 0.2559720772724677 1620000.0000001155
6.592591579138145 1.2725714504517935 0.2559720772724677 1620000.0000001155
6.592591579138145 1.2725714504517935 0.2559720772724677 1620000.0000001155
6.592591579138145 1.2725714504517935 0.2559720772724677 1620000.0000001155
6.592591579138145 1.2725714504517935 0.2559720772724677 1620000.0000001155
6.592591579138145 1.2725714504517935 0.2559720772724677 1620000.0000001155
6.592591579138145 1.2725714504517935 0.2559720772724677 1620000.0000001155
6.592591579138145 1.2725714504517935 0.2559720772724677 1620000.0000001155
6.666464119693751 1.2948472059916467 0.27710590009251285 0.0 1,1,1 coil/filament1/filament2
6.299626982986064 2.234123947822947 0.2607040805669974 1619999.9999999916
6.23464982059832 2.1890822548949744 0.2484887514179739 1619999.9999999916
6.23464982059832 2.1890822548949744 0.2484887514179739 1619999.9999999916
6.23464982059832 2.1890822548949744 0.2484887514179739 1619999.9999999916
6.23464982059832 2.1890822548949744 0.2484887514179739 1619999.9999999916
6.23464982059832 2.1890822548949744 0.2484887514179739 1619999.9999999916
6.23464982059832 2.1890822548949744 0.2484887514179739 1619999.9999999916
6.23464982059832 2.1890822548949744 0.2484887514179739 1619999.9999999916
6.23464982059832 2.1890822548949744 0.2484887514179739 1619999.9999999916
6.23464982059832 2.1890822548949744 0.2484887514179739 1619999.9999999916
6.23464982059832 2.1890822548949744 0.2484887514179739 1619999.9999999916
6.23464982059832 2.1890822548949744 0.2484887514179739 1619999.9999999916
6.23464982059832 2.1890822548949744 0.2484887514179739 1619999.9999999916
6.23464982059832 2.1890822548949744 0.2484887514179739 1619999.9999999916
6.23464982059832 2.1890822548949744 0.2484887514179739 1619999.9999999916
6.23464982059832 2.1890822548949744 0.2484887514179739 1619999.9999999916
6.23464982059832 2.1890822548949744 0.2484887514179739 1619999.9999999916
6.23464982059832 2.1890822548949744 0.2484887514179739 1619999.9999999916
6.23464982059832 2.1890822548949744 0.2484887514179739 1619999.9999999916
6.23464982059832 2.1890822548949744 0.2484887514179739 1619999.9999999916
6.23464982059832 2.1890822548949744 0.2484887514179739 1619999.9999999916
6.23464982059832 2.1890822548949744 0.2484887514179739 1619999.9999999916
6.23464982059832 2.1890822548949744 0.2484887514179739 1619999.9999999916
6.23464982059832 2.1890822548949744 0.2484887514179739 1619999.9999999916
6.23464982059832 2.1890822548949744 0.2484887514179739 1619999.9999999916
6.23464982059832 2.1890822548949744 0.2484887514179739 1619999.9999999916
6.23464982059832 2.1890822548949744 0.2484887514179739 1619999.9999999916
6.23464982059832 2.1890822548949744 0.2484887514179739 1619999.9999999916
6.23464982059832 2.1890822548949744 0.2484887514179739 1619999.9999999916
6.23464982059832 2.1890822548949744 0.2484887514179739 1619999.9999999916
6.23464982059832 2.1890822548949744 0.2484887514179739 1619999.9999999916
6.23464982059832 2.1890822548949744 0.2484887514179739 1619999.9999999916
6.23464982059832 2.1890822548949744 0.2484887514179739 1619999.9999999916
6.23464982059832 2.1890822548949744 0.2484887514179739 1619999.9999999916
6.23464982059832 2.1890822548949744 0.2484887514179739 1619999.9999999916
6.23464982059832 2.1890822548949744 0.2484887514179739 1619999.9999999916
6.23464982059832 2.1890822548949744 0.2484887514179739 1619999.9999999916
6.23464982059832 2.1890822548949744 0.2484887514179739 1619999.9999999916
6.23464982059832 2.1890822548949744 0.2484887514179739 1619999.9999999916
6.23464982059832 2.1890822548949744 0.2484887514179739 1619999.9999999916
6.23464982059832 2.1890822548949744 0.2484887514179739 1619999.9999999916
6.23464982059832 2.1890822548949744 0.2484887514179739 1619999.9999999916
6.23464982059832 2.1890822548949744 0.2484887514179739 1619999.9999999916
6.23464982059832 2.1890822548949744 0.2484887514179739 1619999.9999999916
6.23464982059832 2.1890822548949744 0.2484887514179739 1619999.9999999916
6.23464982059832 2.1890822548949744 0.2484887514179739 1619999.9999999916
6.23464982059832 2.1890822548949744 0.2484887514179739 1619999.9999999916
6.23464982059832 2.1890822548949744 0.2484887514179739 1619999.9999999916
6.23464982059832 2.1890822548949744 0.2484887514179739 1619999.9999999916
6.23464982059832 2.1890822548949744 0.2484887514179739 1619999.9999999916
6.23464982059832 2.1890822548949744 0.2484887514179739 1619999.9999999916
6.23464982059832 2.1890822548949744 0.2484887514179739 1619999.9999999916
6.23464982059832 2.1890822548949744 0.2484887514179739 1619999.9999999916
6.23464982059832 2.1890822548949744 0.2484887514179739 1619999.9999999916
6.23464982059832 2.1890822548949744 0.2484887514179739 1619999.9999999916
6.23464982059832 2.1890822548949744 0.2484887514179739 1619999.9999999916
6.23464982059832 2.1890822548949744 0.2484887514179739 1619999.9999999916
6.23464982059832 2.1890822548949744 0.2484887514179739 1619999.9999999916
6.23464982059832 2.1890822548949744 0.2484887514179739 1619999.9999999916
6.23464982059832 2.1890822548949744 0.2484887514179739 1619999.9999999916
6.23464982059832 2.1890822548949744 0.2484887514179739 1619999.9999999916
6.23464982059832 2.1890822548949744 0.2484887514179739 1619999.9999999916
6.23464982059832 2.1890822548949744 0.2484887514179739 1619999.9999999916
6.23464982059832 2.1890822548949744 0.2484887514179739 1619999.9999999916
6.299626982986064 2.234123947822947 0.2607040805669974 0.0 2,0,0 coil/filament1/filament2
6.26141227000364 2.2462072064770378 0.378232300604624 1619999.9999999916
6.198594628833472 2.201560494672463 0.3567703556122593 1619999.9999999916
6.198594628833472 2.201560494672463 0.3567703556122593 1619999.9999999916
6.198594628833472 2.201560494672463 0.3567703556122593 1619999.9999999916
6.198594628833472 2.201560494672463 0.3567703556122593 1619999.9999999916
6.198594628833472 2.201560494672463 0.3567703556122593 1619999.9999999916
6.198594628833472 2.201560494672463 0.3567703556122593 1619999.9999999916
6.198594628833472 2.201560494672463 0.3567703556122593 1619999.9999999916
6.198594628833472 2.201560494672463 0.3567703556122593 1619999.9999999916
6.198594628833472 2.201560494672463 0.3567703556122593 1619999.9999999916
6.198594628833472 2.201560494672463 0.3567703556122593 1619999.9999999916
6.198594628833472 2.201560494672463 0.3567703556122593 1619999.9999999916
6.198594628833472 2.201560494672463 0.3567703556122593 1619999.9999999916
6.198594628833472 2.201560494672463 0.3567703556122593 1619999.9999999916
6.198594628833472 2.201560494672463 0.3567703556122593 1619999.9999999916
6.198594628833472 2.201560494672463 0.3567703556122593 1619999.9999999916
6.198594628833472 2.201560494672463 0.3567703556122593 1619999.9999999916
6.198594628833472 2.201560494672463 0.3567703556122593 1619999.9999999916
6.198594628833472 2.201560494672463 0.3567703556122593 1619999.9999999916
6.198594628833472 2.201560494672463 0.3567703556122593 1619999.9999999916
6.198594628833472 2.201560494672463 0.3567703556122593 1619999.9999999916
6.198594628833472 2.201560494672463 0.3567703556122593 1619999.9999999916
6.198594628833472 2.201560494672463 0.3567703556122593 1619999.9999999916
6.198594628833472 2.201560494672463 0.3567703556122593 1619999.9999999916
6.198594628833472 2.201560494672463 0.3567703556122593 1619999.9999999916
6.198594628833472 2.201560494672463 0.3567703556122593 1619999.9999999916
6.198594628833472 2.201560494672463 0.3567703556122593 1619999.9999999916
6.198594628833472 2.201560494672463 0.3567703556122593 1619999.9999999916
6.198594628833472 2.201560494672463 0.3567703556122593 1619999.9999999916
6.198594628833472 2.201560494672463 0.3567703556122593 1619999.9999999916
6.198594628833472 2.201560494672463 0.3567703556122593 1619999.9999999916
6.198594628833472 2.201560494672463 0.3567703556122593 1619999.9999999916
6.198594628833472 2.201560494672463 0.3567703556122593 1619999.9999999916
6.198594628833472 2.201560494672463 0.3567703556122593 1619999.9999999916
6.198594628833472 2.201560494672463 0.3567703556122593 1619999.9999999916
6.198594628833472 2.201560494672463 0.3567703556122593 1619999.9999999916
6.198594628833472 2.201560494672463 0.3567703556122593 1619999.9999999916
6.198594628833472 2.201560494672463 0.3567703556122593 1619999.9999999916
6.198594628833472 2.201560494672463 0.3567703556122593 1619999.9999999916
6.198594628833472 2.201560494672463 0.3567703556122593 1619999.9999999916
6.198594628833472 2.201560494672463 0.3567703556122593 1619999.9999999916
6.198594628833472 2.201560494672463 0.3567703556122593 1619999.9999999916
6.198594628833472 2.201560494672463 0.3567703556122593 1619999.9999999916
6.198594628833472 2.201560494672463 0.3567703556122593 1619999.9999999916
6.198594628833472 2.201560494672463 0.3567703556122593 1619999.9999999916
6.198594628833472 2.201560494672463 0.3567703556122593 1619999.9999999916
6.198594628833472 2.201560494672463 0.3567703556122593 1619999.9999999916
6.198594628833472 2.201560494672463 0.3567703556122593 1619999.9999999916
6.198594628833472 2.201560494672463 0.3567703556122593 1619999.9999999916
6.198594628833472 2.201560494672463 0.3567703556122593 1619999.9999999916
6.198594628833472 2.201560494672463 0.3567703556122593 1619999.9999999916
6.198594628833472 2.201560494672463 0.3567703556122593 1619999.9999999916
6.198594628833472 2.201560494672463 0.3567703556122593 1619999.9999999916
6.198594628833472 2.201560494672463 0.3567703556122593 1619999.9999999916
6.198594628833472 2.201560494672463 0.3567703556122593 1619999.9999999916
6.198594628833472 2.201560494672463 0.3567703556122593 1619999.9999999916
6.198594628833472 2.201560494672463 0.3567703556122593 1619999.9999999916
6.198594628833472 2.201560494672463 0.3567703556122593 1619999.9999999916
6.198594628833472 2.201560494672463 0.3567703556122593 1619999.9999999916
6.198594628833472 2.201560494672463 0.3567703556122593 1619999.9999999916
6.198594628833472 2.201560494672463 0.3567703556122593 1619999.9999999916
6.198594628833472 2.201560494672463 0.3567703556122593 1619999.9999999916
6.198594628833472 2.201560494672463 0.3567703556122593 1619999.9999999916
6.198594628833472 2.201560494672463 0.3567703556122593 1619999.9999999916
6.26141227000364 2.2462072064770378 0.378232300604624 0.0 2,0,1 coil/filament1/filament2
6.339892390595295 2.1694304192338887 0.28506479296953513 1619999.9999999916
6.274915228207551 2.124388726305916 0.2728494638205116 1619999.9999999916
6.274915228207551 2.124388726305916 0.2728494638205116 1619999.9999999916
6.274915228207551 2.124388726305916 0.2728494638205116 1619999.9999999916
6.274915228207551 2.124388726305916 0.2728494638205116 1619999.9999999916
6.274915228207551 2.124388726305916 0.2728494638205116 1619999.9999999916
6.274915228207551 2.124388726305916 0.2728494638205116 1619999.9999999916
6.274915228207551 2.124388726305916 0.2728494638205116 1619999.9999999916
6.274915228207551 2.124388726305916 0.2728494638205116 1619999.9999999916
6.274915228207551 2.124388726305916 0.2728494638205116 1619999.9999999916
6.274915228207551 2.124388726305916 0.2728494638205116 1619999.9999999916
6.274915228207551 2.124388726305916 0.2728494638205116 1619999.9999999916
6.274915228207551 2.124388726305916 0.2728494638205116 1619999.9999999916
6.274915228207551 2.124388726305916 0.2728494638205116 1619999.9999999916
6.274915228207551 2.124388726305916 0.2728494638205116 1619999.9999999916
6.274915228207551 2.124388726305916 0.2728494638205116 1619999.9999999916
6.274915228207551 2.124388726305916 0.2728494638205116 1619999.9999999916
6.274915228207551 2.124388726305916 0.2728494638205116 1619999.9999999916
6.274915228207551 2.124388726305916 0.2728494638205116 1619999.9999999916
6.274915228207551 2.124388726305916 0.2728494638205116 1619999.9999999916
6.274915228207551 2.124388726305916 0.2728494638205116 1619999.9999999916
6.274915228207551 2.124388726305916 0.2728494638205116 1619999.9999999916
6.274915228207551 2.124388726305916 0.2728494638205116 1619999.9999999916
6.274915228207551 2.124388726305916 0.2728494638205116 1619999.9999999916
6.274915228207551 2.124388726305916 0.2728494638205116 1619999.9999999916
6.274915228207551 2.124388726305916 0.2728494638205116 1619999.9999999916
6.274915228207551 2.124388726305916 0.2728494638205116 1619999.9999999916
6.274915228207551 2.124388726305916 0.2728494638205116 1619999.9999999916
6.274915228207551 2.124388726305916 0.2728494638205116 1619999.9999999916
6.274915228207551 2.124388726305916 0.2728494638205116 1619999.9999999916
6.274915228207551 2.124388726305916 0.2728494638205116 1619999.9999999916
6.274915228207551 2.124388726305916 0.2728494638205116 1619999.9999999916
6.274915228207551 2.124388726305916 0.2728494638205116 1619999.9999999916
6.274915228207551 2.124388726305916 0.2728494638205116 1619999.9999999916
6.274915228207551 2.124388726305916 0.2728494638205116 1619999.9999999916
6.274915228207551 2.124388726305916 0.2728494638205116 1619999.9999999916
6.274915228207551 2.124388726305916 0.2728494638205116 1619999.9999999916
6.274915228207551 2.124388726305916 0.2728494638205116 1619999.9999999916
6.274915228207551 2.124388726305916 0.2728494638205116 1619999.9999999916
6.274915228207551 2.124388726305916 0.2728494638205116 1619999.9999999916
6.274915228207551 2.124388726305916 0.2728494638205116 1619999.9999999916
6.274915228207551 2.124388726305916 0.2728494638205116 1619999.9999999916
6.274915228207551 2.124388726305916 0.2728494638205116 1619999.9999999916
6.274915228207551 2.124388726305916 0.2728494638205116 1619999.9999999916
6.274915228207551 2.124388726305916 0.2728494638205116 1619999.9999999916
6.274915228207551 2.124388726305916 0.2728494638205116 1619999.9999999916
6.274915228207551 2.124388726305916 0.2728494638205116 1619999.9999999916
6.274915228207551 2.124388726305916 0.2728494638205116 1619999.9999999916
6.274915228207551 2.124388726305916 0.2728494638205116 1619999.9999999916
6.274915228207551 2.124388726305916 0.2728494638205116 1619999.9999999916
6.274915228207551 2.124388726305916 0.2728494638205116 1619999.9999999916
6.274915228207551 2.124388726305916 0.2728494638205116 1619999.9999999916
6.274915228207551 2.124388726305916 0.2728494638205116 1619999.9999999916
6.274915228207551 2.124388726305916 0.2728494638205116 1619999.9999999916
6.274915228207551 2.124388726305916 0.2728494638205116 1619999.9999999916
6.274915228207551 2.124388726305916 0.2728494638205116 1619999.9999999916
6.274915228207551 2.124388726305916 0.2728494638205116 1619999.9999999916
6.274915228207551 2.124388726305916 0.2728494638205116 1619999.9999999916
6.274915228207551 2.124388726305916 0.2728494638205116 1619999.9999999916
6.274915228207551 2.124388726305916 0.2728494638205116 1619999.9999999916
6.274915228207551 2.124388726305916 0.2728494638205116 1619999.9999999916
6.274915228207551 2.124388726305916 0.2728494638205116 1619999.9999999916
6.274915228207551 2.124388726305916 0.2728494638205116 1619999.9999999916
6.274915228207551 2.124388726305916 0.2728494638205116 1619999.9999999916
6.339892390595295 2.1694304192338887 0.28506479296953513 0.0 2,1,0 coil/filament1/filament2
6.303078554063088 2.1798406971428244 0.39433842401993263 1619999.9999999916
6.2402609128929205 2.13519398533825 0.37287647902756793 1619999.9999999916
6.2402609128929205 2.13519398533825 0.37287647902756793 1619999.9999999916
6.2402609128929205 2.13519398533825 0.37287647902756793 1619999.9999999916
6.2402609128929205 2.13519398533825 0.37287647902756793 1619999.9999999916
6.2402609128929205 2.13519398533825 0.37287647902756793 1619999.9999999916
6.2402609128929205 2.13519398533825 0.37287647902756793 1619999.9999999916
6.2402609128929205 2.13519398533825 0.37287647902756793 1619999.9999999916
6.2402609128929205 2.13519398533825 0.37287647902756793 1619999.9999999916
6.2402609128929205 2.13519398533825 0.37287647902756793 1619999.9999999916
6.2402609128929205 2.13519398533825 0.37287647902756793 1619999.9999999916
6.2402609128929205 2.13519398533825 0.37287647902756793 1619999.9999999916
6.2402609128929205 2.13519398533825 0.37287647902756793 1619999.9999999916
6.2402609128929205 2.13519398533825 0.37287647902756793 1619999.9999999916
6.2402609128929205 2.13519398533825 0.37287647902756793 1619999.9999999916
6.2402609128929205 2.13519398533825 0.37287647902756793 1619999.9999999916
6.2402609128929205 2.13519398533825 0.37287647902756793 1619999.9999999916
6.2402609128929205 2.13519398533825 0.37287647902756793 1619999.9999999916
6.2402609128929205 2.13519398533825 0.37287647902756793 1619999.9999999916
6.2402609128929205 2.13519398533825 0.37287647902756793 1619999.9999999916
6.2402609128929205 2.13519398533825 0.37287647902756793 1619999.9999999916
6.2402609128929205 2.13519398533825 0.37287647902756793 1619999.9999999916
6.2402609128929205 2.13519398533825 0.37287647902756793 1619999.9999999916
6.2402609128929205 2.13519398533825 0.37287647902756793 1619999.9999999916
6.2402609128929205 2.13519398533825 0.37287647902756793 1619999.9999999916
6.2402609128929205 2.13519398533825 0.37287647902756793 1619999.9999999916
6.2402609128929205 2.13519398533825 0.37287647902756793 1619999.9999999916
6.2402609128929205 2.13519398533825 0.37287647902756793 1619999.9999999916
6.2402609128929205 2.13519398533825 0.37287647902756793 1619999.9999999916
6.2402609128929205 2.13519398533825 0.37287647902756793 1619999.9999999916
6.2402609128929205 2.13519398533825 0.37287647902756793 1619999.9999999916
6.2402609128929205 2.13519398533825 0.37287647902756793 1619999.9999999916
6.2402609128929205 2.13519398533825 0.37287647902756793 1619999.9999999916
6.2402609128929205 2.13519398533825 0.37287647902756793 1619999.9999999916
6.2402609128929205 2.13519398533825 0.37287647902756793 1619999.9999999916
6.2402609128929205 2.13519398533825 0.37287647902756793 1619999.9999999916
6.2402609128929205 2.13519398533825 0.37287647902756793 1619999.9999999916
6.2402609128929205 2.13519398533825 0.37287647902756793 1619999.9999999916
6.2402609128929205 2.13519398533825 0.37287647902756793 1619999.9999999916
6.2402609128929205 2.13519398533825 0.37287647902756793 1619999.9999999916
6.2402609128929205 2.13519398533825 0.37287647902756793 1619999.9999999916
6.2402609128929205 2.13519398533825 0.37287647902756793 1619999.9999999916
6.2402609128929205 2.13519398533825 0.37287647902756793 1619999.9999999916
6.2402609128929205 2.13519398533825 0.37287647902756793 1619999.9999999916
6.2402609128929205 2.13519398533825 0.37287647902756793 1619999.9999999916
6.2402609128929205 2.13519398533825 0.37287647902756793 1619999.9999999916
6.2402609128929205 2.13519398533825 0.37287647902756793 1619999.9999999916
6.2402609128929205 2.13519398533825 0.37287647902756793 1619999.9999999916
6.2402609128929205 2.13519398533825 0.37287647902756793 1619999.9999999916
6.2402609128929205 2.13519398533825 0.37287647902756793 1619999.9999999916
6.2402609128929205 2.13519398533825 0.37287647902756793 1619999.9999999916
6.2402609128929205 2.13519398533825 0.37287647902756793 1619999.9999999916
6.2402609128929205 2.13519398533825 0.37287647902756793 1619999.9999999916
6.2402609128929205 2.13519398533825 0.37287647902756793 1619999.9999999916
6.2402609128929205 2.13519398533825 0.37287647902756793 1619999.9999999916
6.2402609128929205 2.13519398533825 0.37287647902756793 1619999.9999999916
6.2402609128929205 2.13519398533825 0.37287647902756793 1619999.9999999916
6.2402609128929205 2.13519398533825 0.37287647902756793 1619999.9999999916
6.2402609128929205 2.13519398533825 0.37287647902756793 1619999.9999999916
6.2402609128929205 2.13519398533825 0.37287647902756793 1619999.9999999916
6.2402609128929205 2.13519398533825 0.37287647902756793 1619999.9999999916
6.2402609128929205 2.13519398533825 0.37287647902756793 1619999.9999999916
6.2402609128929205 2.13519398533825 0.37287647902756793 1619999.9999999916
6.2402609128929205 2.13519398533825 0.37287647902756793 1619999.9999999916
6.303078554063088 2.1798406971428244 0.39433842401993263 0.0 2,1,1 coil/filament1/filament2
6.086369243321665 2.6782054957214023 0.06099719284270586 1619999.9999998754
6.019662027965635 2.639772456344846 0.039247505403012604 1619999.9999998754
6.019662027965635 2.639772456344846 0.039247505403012604 1619999.9999998754
6.019662027965635 2.639772456344846 0.039247505403012604 1619999.9999998754
6.019662027965635 2.639772456344846 0.039247505403012604 1619999.9999998754
6.019662027965635 2.639772456344846 0.039247505403012604 1619999.9999998754
6.019662027965635 2.639772456344846 0.039247505403012604 1619999.9999998754
6.019662027965635 2.639772456344846 0.039247505403012604 1619999.9999998754
6.019662027965635 2.639772456344846 0.039247505403012604 1619999.9999998754
6.019662027965635 2.639772456344846 0.039247505403012604 1619999.9999998754
6.019662027965635 2.639772456344846 0.039247505403012604 1619999.9999998754
6.019662027965635 2.639772456344846 0.039247505403012604 1619999.9999998754
6.019662027965635 2.639772456344846 0.039247505403012604 1619999.9999998754
6.019662027965635 2.639772456344846 0.039247505403012604 1619999.9999998754
6.019662027965635 2.639772456344846 0.039247505403012604 1619999.9999998754
6.019662027965635 2.639772456344846 0.039247505403012604 1619999.9999998754
6.019662027965635 2.639772456344846 0.039247505403012604 1619999.9999998754
6.019662027965635 2.639772456344846 0.039247505403012604 1619999.9999998754
6.019662027965635 2.639772456344846 0.039247505403012604 1619999.9999998754
6.019662027965635 2.639772456344846 0.039247505403012604 1619999.9999998754
6.019662027965635 2.639772456344846 0.039247505403012604 1619999.9999998754
6.019662027965635 2.639772456344846 0.039247505403012604 1619999.9999998754
6.019662027965635 2.639772456344846 0.039247505403012604 1619999.9999998754
6.019662027965635 2.639772456344846 0.039247505403012604 1619999.9999998754
6.019662027965635 2.639772456344846 0.039247505403012604 1619999.9999998754
6.019662027965635 2.639772456344846 0.039247505403012604 1619999.9999998754
6.019662027965635 2.639772456344846 0.039247505403012604 1619999.9999998754
6.019662027965635 2.639772456344846 0.039247505403012604 1619999.9999998754
6.019662027965635 2.639772456344846 0.039247505403012604 1619999.9999998754
6.019662027965635 2.639772456344846 0.039247505403012604 1619999.9999998754
6.019662027965635 2.639772456344846 0.039247505403012604 1619999.9999998754
6.019662027965635 2.639772456344846 0.039247505403012604 1619999.9999998754
6.019662027965635 2.639772456344846 0.039247505403012604 1619999.9999998754
6.019662027965635 2.639772456344846 0.039247505403012604 1619999.9999998754
6.019662027965635 2.639772456344846 0.039247505403012604 1619999.9999998754
6.019662027965635 2.639772456344846 0.039247505403012604 1619999.9999998754
6.019662027965635 2.639772456344846 0.039247505403012604 1619999.9999998754
6.019662027965635 2.639772456344846 0.039247505403012604 1619999.9999998754
6.019662027965635 2.639772456344846 0.039247505403012604 1619999.9999998754
6.019662027965635 2.639772456344846 0.039247505403012604 1619999.9999998754
6.019662027965635 2.639772456344846 0.039247505403012604 1619999.9999998754
6.019662027965635 2.639772456344846 0.039247505403012604 1619999.9999998754
6.019662027965635 2.639772456344846 0.039247505403012604 1619999.9999998754
6.019662027965635 2.639772456344846 0.039247505403012604 1619999.9999998754
6.019662027965635 2.639772456344846 0.039247505403012604 1619999.9999998754
6.019662027965635 2.639772456344846 0.039247505403012604 1619999.9999998754
6.019662027965635 2.639772456344846 0.039247505403012604 1619999.9999998754
6.019662027965635 2.639772456344846 0.039247505403012604 1619999.9999998754
6.019662027965635 2.639772456344846 0.039247505403012604 1619999.9999998754
6.019662027965635 2.639772456344846 0.039247505403012604 1619999.9999998754
6.019662027965635 2.639772456344846 0.039247505403012604 1619999.9999998754
6.019662027965635 2.639772456344846 0.039247505403012604 1619999.9999998754
6.019662027965635 2.639772456344846 0.039247505403012604 1619999.9999998754
6.019662027965635 2.639772456344846 0.039247505403012604 1619999.9999998754
6.019662027965635 2.639772456344846 0.039247505403012604 1619999.9999998754
6.019662027965635 2.639772456344846 0.039247505403012604 1619999.9999998754
6.019662027965635 2.639772456344846 0.039247505403012604 1619999.9999998754
6.019662027965635 2.639772456344846 0.039247505403012604 1619999.9999998754
6.019662027965635 2.639772456344846 0.039247505403012604 1619999.9999998754
6.019662027965635 2.639772456344846 0.039247505403012604 1619999.9999998754
6.019662027965635 2.639772456344846 0.039247505403012604 1619999.9999998754
6.019662027965635 2.639772456344846 0.039247505403012604 1619999.9999998754
6.019662027965635 2.639772456344846 0.039247505403012604 1619999.9999998754
6.019662027965635 2.639772456344846 0.039247505403012604 1619999.9999998754
6.086369243321665 2.6782054957214023 0.06099719284270586 0.0 3,0,0 coil/filament1/filament2
6.00122643256843 2.718094994490914 0.22420141518325576 1619999.9999998754
5.937710311470284 2.676394119896203 0.1991666509806152 1619999.9999998754
5.937710311470284 2.676394119896203 0.1991666509806152 1619999.9999998754
5.937710311470284 2.676394119896203 0.1991666509806152 1619999.9999998754
5.937710311470284 2.676394119896203 0.1991666509806152 1619999.9999998754
5.937710311470284 2.676394119896203 0.1991666509806152 1619999.9999998754
5.937710311470284 2.676394119896203 0.1991666509806152 1619999.9999998754
5.937710311470284 2.676394119896203 0.1991666509806152 1619999.9999998754
5.937710311470284 2.676394119896203 0.1991666509806152 1619999.9999998754
5.937710311470284 2.676394119896203 0.1991666509806152 1619999.9999998754
5.937710311470284 2.676394119896203 0.1991666509806152 1619999.9999998754
5.937710311470284 2.676394119896203 0.1991666509806152 1619999.9999998754
5.937710311470284 2.676394119896203 0.1991666509806152 1619999.9999998754
5.937710311470284 2.676394119896203 0.1991666509806152 1619999.9999998754
5.937710311470284 2.676394119896203 0.1991666509806152 1619999.9999998754
5.937710311470284 2.676394119896203 0.1991666509806152 1619999.9999998754
5.937710311470284 2.676394119896203 0.1991666509806152 1619999.9999998754
5.937710311470284 2.676394119896203 0.1991666509806152 1619999.9999998754
5.937710311470284 2.676394119896203 0.1991666509806152 1619999.9999998754
5.937710311470284 2.676394119896203 0.1991666509806152 1619999.9999998754
5.937710311470284 2.676394119896203 0.1991666509806152 1619999.9999998754
5.937710311470284 2.676394119896203 0.1991666509806152 1619999.9999998754
5.937710311470284 2.676394119896203 0.1991666509806152 1619999.9999998754
5.937710311470284 2.676394119896203 0.1991666509806152 1619999.9999998754
5.937710311470284 2.676394119896203 0.1991666509806152 1619999.9999998754
5.937710311470284 2.676394119896203 0.1991666509806152 1619999.9999998754
5.937710311470284 2.676394119896203 0.1991666509806152 1619999.9999998754
5.937710311470284 2.676394119896203 0.1991666509806152 1619999.9999998754
5.937710311470284 2.676394119896203 0.1991666509806152 1619999.9999998754
5.937710311470284 2.676394119896203 0.1991666509806152 1619999.9999998754
5.937710311470284 2.676394119896203 0.1991666509806152 1619999.9999998754
5.937710311470284 2.676394119896203 0.1991666509806152 1619999.9999998754
5.937710311470284 2.676394119896203 0.1991666509806152 1619999.9999998754
5.937710311470284 2.676394119896203 0.1991666509806152 1619999.9999998754
5.937710311470284 2.676394119896203 0.1991666509806152 1619999.9999998754
5.937710311470284 2.676394119896203 0.1991666509806152 1619999.9999998754
5.937710311470284 2.676394119896203 0.1991666509806152 1619999.9999998754
5.937710311470284 2.676394119896203 0.1991666509806152 1619999.9999998754
5.937710311470284 2.676394119896203 0.1991666509806152 1619999.9999998754
5.937710311470284 2.676394119896203 0.1991666509806152 1619999.9999998754
5.937710311470284 2.676394119896203 0.1991666509806152 1619999.9999998754
5.937710311470284 2.676394119896203 0.1991666509806152 1619999.9999998754
5.937710311470284 2.676394119896203 0.1991666509806152 1619999.9999998754
5.937710311470284 2.676394119896203 0.1991666509806152 1619999.9999998754
5.937710311470284 2.676394119896203 0.1991666509806152 1619999.9999998754
5.937710311470284 2.676394119896203 0.1991666509806152 1619999.9999998754
5.937710311470284 2.676394119896203 0.1991666509806152 1619999.9999998754
5.937710311470284 2.676394119896203 0.1991666509806152 1619999.9999998754
5.937710311470284 2.676394119896203 0.1991666509806152 1619999.9999998754
5.937710311470284 2.676394119896203 0.1991666509806152 1619999.9999998754
5.937710311470284 2.676394119896203 0.1991666509806152 1619999.9999998754
5.937710311470284 2.676394119896203 0.1991666509806152 1619999.9999998754
5.937710311470284 2.676394119896203 0.1991666509806152 1619999.9999998754
5.937710311470284 2.676394119896203 0.1991666509806152 1619999.9999998754
5.937710311470284 2.676394119896203 0.1991666509806152 1619999.9999998754
5.937710311470284 2.676394119896203 0.1991666509806152 1619999.9999998754
5.937710311470284 2.676394119896203 0.1991666509806152 1619999.9999998754
5.937710311470284 2.676394119896203 0.1991666509806152 1619999.9999998754
5.937710311470284 2.676394119896203 0.1991666509806152 1619999.9999998754
5.937710311470284 2.676394119896203 0.1991666509806152 1619999.9999998754
5.937710311470284 2.676394119896203 0.1991666509806152 1619999.9999998754
5.937710311470284 2.676394119896203 0.1991666509806152 1619999.9999998754
5.937710311470284 2.676394119896203 0.1991666509806152 1619999.9999998754
5.937710311470284 2.676394119896203 0.1991666509806152 1619999.9999998754
6.00122643256843 2.718094994490914 0.22420141518325576 0.0 3,0,1 coil/filament1/filament2
6.116669980812574 2.6097078698495126 0.08910307403191015 1619999.9999998754
6.049962765456544 2.5712748304729565 0.06735338659221689 1619999.9999998754
6.049962765456544 2.5712748304729565 0.06735338659221689 1619999.9999998754
6.049962765456544 2.5712748304729565 0.06735338659221689 1619999.9999998754
6.049962765456544 2.5712748304729565 0.06735338659221689 1619999.9999998754
6.049962765456544 2.5712748304729565 0.06735338659221689 1619999.9999998754
6.049962765456544 2.5712748304729565 0.06735338659221689 1619999.9999998754
6.049962765456544 2.5712748304729565 0.06735338659221689 1619999.9999998754
6.049962765456544 2.5712748304729565 0.06735338659221689 1619999.9999998754
6.049962765456544 2.5712748304729565 0.06735338659221689 1619999.9999998754
6.049962765456544 2.5712748304729565 0.06735338659221689 1619999.9999998754
6.049962765456544 2.5712748304729565 0.06735338659221689 1619999.9999998754
6.049962765456544 2.5712748304729565 0.06735338659221689 1619999.9999998754
6.049962765456544 2.5712748304729565 0.06735338659221689 1619999.9999998754
6.049962765456544 2.5712748304729565 0.06735338659221689 1619999.9999998754
6.049962765456544 2.5712748304729565 0.06735338659221689 1619999.9999998754
6.049962765456544 2.5712748304729565 0.06735338659221689 1619999.9999998754
6.049962765456544 2.5712748304729565 0.06735338659221689 1619999.9999998754
6.049962765456544 2.5712748304729565 0.06735338659221689 1619999.9999998754
6.049962765456544 2.5712748304729565 0.06735338659221689 1619999.9999998754
6.049962765456544 2.5712748304729565 0.06735338659221689 1619999.9999998754
6.049962765456544 2.5712748304729565 0.06735338659221689 1619999.9999998754
6.049962765456544 2.5712748304729565 0.06735338659221689 1619999.9999998754
6.049962765456544 2.5712748304729565 0.06735338659221689 1619999.9999998754
6.049962765456544 2.5712748304729565 0.06735338659221689 1619999.9999998754
6.049962765456544 2.5712748304729565 0.06735338659221689 1619999.9999998754
6.049962765456544 2.5712748304729565 0.06735338659221689 1619999.9999998754
6.049962765456544 2.5712748304729565 0.06735338659221689 1619999.9999998754
6.049962765456544 2.5712748304729565 0.06735338659221689 1619999.9999998754
6.049962765456544 2.5712748304729565 0.06735338659221689 1619999.9999998754
6.049962765456544 2.5712748304729565 0.06735338659221689 1619999.9999998754
6.049962765456544 2.5712748304729565 0.06735338659221689 1619999.9999998754
6.049962765456544 2.5712748304729565 0.06735338659221689 1619999.9999998754
6.049962765456544 2.5712748304729565 0.06735338659221689 1619999.9999998754
6.049962765456544 2.5712748304729565 0.06735338659221689 1619999.9999998754
6.049962765456544 2.5712748304729565 0.06735338659221689 1619999.9999998754
6.049962765456544 2.5712748304729565 0.06735338659221689 1619999.9999998754
6.049962765456544 2.5712748304729565 0.06735338659221689 1619999.9999998754
6.049962765456544 2.5712748304729565 0.06735338659221689 1619999.9999998754
6.049962765456544 2.5712748304729565 0.06735338659221689 1619999.9999998754
6.049962765456544 2.5712748304729565 0.06735338659221689 1619999.9999998754
6.049962765456544 2.5712748304729565 0.06735338659221689 1619999.9999998754
6.049962765456544 2.5712748304729565 0.06735338659221689 1619999.9999998754
6.049962765456544 2.5712748304729565 0.06735338659221689 1619999.9999998754
6.049962765456544 2.5712748304729565 0.06735338659221689 1619999.9999998754
6.049962765456544 2.5712748304729565 0.06735338659221689 1619999.9999998754
6.049962765456544 2.5712748304729565 0.06735338659221689 1619999.9999998754
6.049962765456544 2.5712748304729565 0.06735338659221689 1619999.9999998754
6.049962765456544 2.5712748304729565 0.06735338659221689 1619999.9999998754
6.049962765456544 2.5712748304729565 0.06735338659221689 1619999.9999998754
6.049962765456544 2.5712748304729565 0.06735338659221689 1619999.9999998754
6.049962765456544 2.5712748304729565 0.06735338659221689 1619999.9999998754
6.049962765456544 2.5712748304729565 0.06735338659221689 1619999.9999998754
6.049962765456544 2.5712748304729565 0.06735338659221689 1619999.9999998754
6.049962765456544 2.5712748304729565 0.06735338659221689 1619999.9999998754
6.049962765456544 2.5712748304729565 0.06735338659221689 1619999.9999998754
6.049962765456544 2.5712748304729565 0.06735338659221689 1619999.9999998754
6.049962765456544 2.5712748304729565 0.06735338659221689 1619999.9999998754
6.049962765456544 2.5712748304729565 0.06735338659221689 1619999.9999998754
6.049962765456544 2.5712748304729565 0.06735338659221689 1619999.9999998754
6.049962765456544 2.5712748304729565 0.06735338659221689 1619999.9999998754
6.049962765456544 2.5712748304729565 0.06735338659221689 1619999.9999998754
6.049962765456544 2.5712748304729565 0.06735338659221689 1619999.9999998754
6.049962765456544 2.5712748304729565 0.06735338659221689 1619999.9999998754
6.116669980812574 2.6097078698495126 0.08910307403191015 0.0 3,1,0 coil/filament1/filament2
6.031016282271728 2.6521918921210115 0.25839711597556375 1619999.9999998754
5.967500161173582 2.6104910175263005 0.2333623517729232 1619999.9999998754
5.967500161173582 2.6104910175263005 0.2333623517729232 1619999.9999998754
5.967500161173582 2.6104910175263005 0.2333623517729232 1619999.9999998754
5.967500161173582 2.6104910175263005 0.2333623517729232 1619999.9999998754
5.967500161173582 2.6104910175263005 0.2333623517729232 1619999.9999998754
5.967500161173582 2.6104910175263005 0.2333623517729232 1619999.9999998754
5.967500161173582 2.6104910175263005 0.2333623517729232 1619999.9999998754
5.967500161173582 2.6104910175263005 0.2333623517729232 1619999.9999998754
5.967500161173582 2.6104910175263005 0.2333623517729232 1619999.9999998754
5.967500161173582 2.6104910175263005 0.2333623517729232 1619999.9999998754
5.967500161173582 2.6104910175263005 0.2333623517729232 1619999.9999998754
5.967500161173582 2.6104910175263005 0.2333623517729232 1619999.9999998754
5.967500161173582 2.6104910175263005 0.2333623517729232 1619999.9999998754
5.967500161173582 2.6104910175263005 0.2333623517729232 1619999.9999998754
5.967500161173582 2.6104910175263005 0.2333623517729232 1619999.9999998754
5.967500161173582 2.6104910175263005 0.2333623517729232 1619999.9999998754
5.967500161173582 2.6104910175263005 0.2333623517729232 1619999.9999998754
5.967500161173582 2.6104910175263005 0.2333623517729232 1619999.9999998754
5.967500161173582 2.6104910175263005 0.2333623517729232 1619999.9999998754
5.967500161173582 2.6104910175263005 0.2333623517729232 1619999.9999998754
5.967500161173582 2.6104910175263005 0.2333623517729232 1619999.9999998754
5.967500161173582 2.6104910175263005 0.2333623517729232 1619999.9999998754
5.967500161173582 2.6104910175263005 0.2333623517729232 1619999.9999998754
5.967500161173582 2.6104910175263005 0.2333623517729232 1619999.9999998754
5.967500161173582 2.6104910175263005 0.2333623517729232 1619999.9999998754
5.967500161173582 2.6104910175263005 0.2333623517729232 1619999.9999998754
5.967500161173582 2.6104910175263005 0.2333623517729232 1619999.9999998754
5.967500161173582 2.6104910175263005 0.2333623517729232 1619999.9999998754
5.967500161173582 2.6104910175263005 0.2333623517729232 1619999.9999998754
5.967500161173582 2.6104910175263005 0.2333623517729232 1619999.9999998754
5.967500161173582 2.6104910175263005 0.2333623517729232 1619999.9999998754
5.967500161173582 2.6104910175263005 0.2333623517729232 1619999.9999998754
5.967500161173582 2.6104910175263005 0.2333623517729232 1619999.9999998754
5.967500161173582 2.6104910175263005 0.2333623517729232 1619999.9999998754
5.967500161173582 2.6104910175263005 0.2333623517729232 1619999.9999998754
5.967500161173582 2.6104910175263005 0.2333623517729232 1619999.9999998754
5.967500161173582 2.6104910175263005 0.2333623517729232 1619999.9999998754
5.967500161173582 2.6104910175263005 0.2333623517729232 1619999.9999998754
5.967500161173582 2.6104910175263005 0.2333623517729232 1619999.9999998754
5.967500161173582 2.6104910175263005 0.2333623517729232 1619999.9999998754
5.967500161173582 2.6104910175263005 0.2333623517729232 1619999.9999998754
5.967500161173582 2.6104910175263005 0.2333623517729232 1619999.9999998754
5.967500161173582 2.6104910175263005 0.2333623517729232 1619999.9999998754
5.967500161173582 2.6104910175263005 0.2333623517729232 1619999.9999998754
5.967500161173582 2.6104910175263005 0.2333623517729232 1619999.9999998754
5.967500161173582 2.6104910175263005 0.2333623517729232 1619999.9999998754
5.967500161173582 2.6104910175263005 0.2333623517729232 1619999.9999998754
5.967500161173582 2.6104910175263005 0.2333623517729232 1619999.9999998754
5.967500161173582 2.6104910175263005 0.2333623517729232 1619999.9999998754
5.967500161173582 2.6104910175263005 0.2333623517729232 1619999.9999998754
5.967500161173582 2.6104910175263005 0.2333623517729232 1619999.9999998754
5.967500161173582 2.6104910175263005 0.2333623517729232 1619999.9999998754
5.967500161173582 2.6104910175263005 0.2333623517729232 1619999.9999998754
5.967500161173582 2.6104910175263005 0.2333623517729232 1619999.9999998754
5.967500161173582 2.6104910175263005 0.2333623517729232 1619999.9999998754
5.967500161173582 2.6104910175263005 0.2333623517729232 1619999.9999998754
5.967500161173582 2.6104910175263005 0.2333623517729232 1619999.9999998754
5.967500161173582 2.6104910175263005 0.2333623517729232 1619999.9999998754
5.967500161173582 2.6104910175263005 0.2333623517729232 1619999.9999998754
5.967500161173582 2.6104910175263005 0.2333623517729232 1619999.9999998754
5.967500161173582 2.6104910175263005 0.2333623517729232 1619999.9999998754
5.967500161173582 2.6104910175263005 0.2333623517729232 1619999.9999998754
5.967500161173582 2.6104910175263005 0.2333623517729232 1619999.9999998754
6.031016282271728 2.6521918921210115 0.25839711597556375 0.0 3,1,1 coil/filament1/filament2
5.750822830499199 3.3816069293424107 0.007915544064501852 1619999.999999792
5.676929992199147 3.3512917839274317 0.012480673463659067 1619999.999999792
5.676929992199147 3.3512917839274317 0.012480673463659067 1619999.999999792
5.676929992199147 3.3512917839274317 0.012480673463659067 1619999.999999792
5.676929992199147 3.3512917839274317 0.012480673463659067 1619999.999999792
5.676929992199147 3.3512917839274317 0.012480673463659067 1619999.999999792
5.676929992199147 3.3512917839274317 0.012480673463659067 1619999.999999792
5.676929992199147 3.3512917839274317 0.012480673463659067 1619999.999999792
5.676929992199147 3.3512917839274317 0.012480673463659067 1619999.999999792
5.676929992199147 3.3512917839274317 0.012480673463659067 1619999.999999792
5.676929992199147 3.3512917839274317 0.012480673463659067 1619999.999999792
5.676929992199147 3.3512917839274317 0.012480673463659067 1619999.999999792
5.676929992199147 3.3512917839274317 0.012480673463659067 1619999.999999792
5.676929992199147 3.3512917839274317 0.012480673463659067 1619999.999999792
5.676929992199147 3.3512917839274317 0.012480673463659067 1619999.999999792
5.676929992199147 3.3512917839274317 0.012480673463659067 1619999.999999792
5.676929992199147 3.3512917839274317 0.012480673463659067 1619999.999999792
5.676929992199147 3.3512917839274317 0.012480673463659067 1619999.999999792
5.676929992199147 3.3512917839274317 0.012480673463659067 1619999.999999792
5.676929992199147 3.3512917839274317 0.012480673463659067 1619999.999999792
5.676929992199147 3.3512917839274317 0.012480673463659067 1619999.999999792
5.676929992199147 3.3512917839274317 0.012480673463659067 1619999.999999792
5.676929992199147 3.3512917839274317 0.012480673463659067 1619999.999999792
5.676929992199147 3.3512917839274317 0.012480673463659067 1619999.999999792
5.676929992199147 3.3512917839274317 0.012480673463659067 1619999.999999792
5.676929992199147 3.3512917839274317 0.012480673463659067 1619999.999999792
5.676929992199147 3.3512917839274317 0.012480673463659067 1619999.999999792
5.676929992199147 3.3512917839274317 0.012480673463659067 1619999.999999792
5.676929992199147 3.3512917839274317 0.012480673463659067 1619999.999999792
5.676929992199147 3.3512917839274317 0.012480673463659067 1619999.999999792
5.676929992199147 3.3512917839274317 0.012480673463659067 1619999.999999792
5.676929992199147 3.3512917839274317 0.012480673463659067 1619999.999999792
5.676929992199147 3.3512917839274317 0.012480673463659067 1619999.999999792
5.676929992199147 3.3512917839274317 0.012480673463659067 1619999.999999792
5.676929992199147 3.3512917839274317 0.012480673463659067 1619999.999999792
5.676929992199147 3.3512917839274317 0.012480673463659067 1619999.999999792
5.676929992199147 3.3512917839274317 0.012480673463659067 1619999.999999792
5.676929992199147 3.3512917839274317 0.012480673463659067 1619999.999999792
5.676929992199147 3.3512917839274317 0.012480673463659067 1619999.999999792
5.676929992199147 3.3512917839274317 0.012480673463659067 1619999.999999792
5.676929992199147 3.3512917839274317 0.012480673463659067 1619999.999999792
5.676929992199147 3.3512917839274317 0.012480673463659067 1619999.999999792
5.676929992199147 3.3512917839274317 0.012480673463659067 1619999.999999792
5.676929992199147 3.3512917839274317 0.012480673463659067 1619999.999999792
5.676929992199147 3.3512917839274317 0.012480673463659067 1619999.999999792
5.676929992199147 3.3512917839274317 0.012480673463659067 1619999.999999792
5.676929992199147 3.3512917839274317 0.012480673463659067 1619999.999999792
5.676929992199147 3.3512917839274317 0.012480673463659067 1619999.999999792
5.676929992199147 3.3512917839274317 0.012480673463659067 1619999.999999792
5.676929992199147 3.3512917839274317 0.012480673463659067 1619999.999999792
5.676929992199147 3.3512917839274317 0.012480673463659067 1619999.999999792
5.676929992199147 3.3512917839274317 0.012480673463659067 1619999.999999792
5.676929992199147 3.3512917839274317 0.012480673463659067 1619999.999999792
5.676929992199147 3.3512917839274317 0.012480673463659067 1619999.999999792
5.676929992199147 3.3512917839274317 0.012480673463659067 1619999.999999792
5.676929992199147 3.3512917839274317 0.012480673463659067 1619999.999999792
5.676929992199147 3.3512917839274317 0.012480673463659067 1619999.999999792
5.676929992199147 3.3512917839274317 0.012480673463659067 1619999.999999792
5.676929992199147 3.3512917839274317 0.012480673463659067 1619999.999999792
5.676929992199147 3.3512917839274317 0.012480673463659067 1619999.999999792
5.676929992199147 3.3512917839274317 0.012480673463659067 1619999.999999792
5.676929992199147 3.3512917839274317 0.012480673463659067 1619999.999999792
5.676929992199147 3.3512917839274317 0.012480673463659067 1619999.999999792
5.676929992199147 3.3512917839274317 0.012480673463659067 1619999.999999792
5.750822830499199 3.3816069293424107 0.007915544064501852 0.0 4,0,0 coil/filament1/filament2
5.7735233148704195 3.294981373920568 0.12859534338460082 1619999.999999792
5.6971363860849005 3.2746317262382783 0.11631002898394889 1619999.999999792
5.6971363860849005 3.2746317262382783 0.11631002898394889 1619999.999999792
5.6971363860849005 3.2746317262382783 0.11631002898394889 1619999.999999792
5.6971363860849005 3.2746317262382783 0.11631002898394889 1619999.999999792
5.6971363860849005 3.2746317262382783 0.11631002898394889 1619999.999999792
5.6971363860849005 3.2746317262382783 0.11631002898394889 1619999.999999792
5.6971363860849005 3.2746317262382783 0.11631002898394889 1619999.999999792
5.6971363860849005 3.2746317262382783 0.11631002898394889 1619999.999999792
5.6971363860849005 3.2746317262382783 0.11631002898394889 1619999.999999792
5.6971363860849005 3.2746317262382783 0.11631002898394889 1619999.999999792
5.6971363860849005 3.2746317262382783 0.11631002898394889 1619999.999999792
5.6971363860849005 3.2746317262382783 0.11631002898394889 1619999.999999792
5.6971363860849005 3.2746317262382783 0.11631002898394889 1619999.999999792
5.6971363860849005 3.2746317262382783 0.11631002898394889 1619999.999999792
5.6971363860849005 3.2746317262382783 0.11631002898394889 1619999.999999792
5.6971363860849005 3.2746317262382783 0.11631002898394889 1619999.999999792
5.6971363860849005 3.2746317262382783 0.11631002898394889 1619999.999999792
5.6971363860849005 3.2746317262382783 0.11631002898394889 1619999.999999792
5.6971363860849005 3.2746317262382783 0.11631002898394889 1619999.999999792
5.6971363860849005 3.2746317262382783 0.11631002898394889 1619999.999999792
5.6971363860849005 3.2746317262382783 0.11631002898394889 1619999.999999792
5.6971363860849005 3.2746317262382783 0.11631002898394889 1619999.999999792
5.6971363860849005 3.2746317262382783 0.11631002898394889 1619999.999999792
5.6971363860849005 3.2746317262382783 0.11631002898394889 1619999.999999792
5.6971363860849005 3.2746317262382783 0.11631002898394889 1619999.999999792
5.6971363860849005 3.2746317262382783 0.11631002898394889 1619999.999999792
5.6971363860849005 3.2746317262382783 0.11631002898394889 1619999.999999792
5.6971363860849005 3.2746317262382783 0.11631002898394889 1619999.999999792
5.6971363860849005 3.2746317262382783 0.11631002898394889 1619999.999999792
5.6971363860849005 3.2746317262382783 0.11631002898394889 1619999.999999792
5.6971363860849005 3.2746317262382783 0.11631002898394889 1619999.999999792
5.6971363860849005 3.2746317262382783 0.11631002898394889 1619999.999999792
5.6971363860849005 3.2746317262382783 0.11631002898394889 1619999.999999792
5.6971363860849005 3.2746317262382783 0.11631002898394889 1619999.999999792
5.6971363860849005 3.2746317262382783 0.11631002898394889 1619999.999999792
5.6971363860849005 3.2746317262382783 0.11631002898394889 1619999.999999792
5.6971363860849005 3.2746317262382783 0.11631002898394889 1619999.999999792
5.6971363860849005 3.2746317262382783 0.11631002898394889 1619999.999999792
5.6971363860849005 3.2746317262382783 0.11631002898394889 1619999.999999792
5.6971363860849005 3.2746317262382783 0.11631002898394889 1619999.999999792
5.6971363860849005 3.2746317262382783 0.11631002898394889 1619999.999999792
5.6971363860849005 3.2746317262382783 0.11631002898394889 1619999.999999792
5.6971363860849005 3.2746317262382783 0.11631002898394889 1619999.999999792
5.6971363860849005 3.2746317262382783 0.11631002898394889 1619999.999999792
5.6971363860849005 3.2746317262382783 0.11631002898394889 1619999.999999792
5.6971363860849005 3.2746317262382783 0.11631002898394889 1619999.999999792
5.6971363860849005 3.2746317262382783 0.11631002898394889 1619999.999999792
5.6971363860849005 3.2746317262382783 0.11631002898394889 1619999.999999792
5.6971363860849005 3.2746317262382783 0.11631002898394889 1619999.999999792
5.6971363860849005 3.2746317262382783 0.11631002898394889 1619999.999999792
5.6971363860849005 3.2746317262382783 0.11631002898394889 1619999.999999792
5.6971363860849005 3.2746317262382783 0.11631002898394889 1619999.999999792
5.6971363860849005 3.2746317262382783 0.11631002898394889 1619999.999999792
5.6971363860849005 3.2746317262382783 0.11631002898394889 1619999.999999792
5.6971363860849005 3.2746317262382783 0.11631002898394889 1619999.999999792
5.6971363860849005 3.2746317262382783 0.11631002898394889 1619999.999999792
5.6971363860849005 3.2746317262382783 0.11631002898394889 1619999.999999792
5.6971363860849005 3.2746317262382783 0.11631002898394889 1619999.999999792
5.6971363860849005 3.2746317262382783 0.11631002898394889 1619999.999999792
5.6971363860849005 3.2746317262382783 0.11631002898394889 1619999.999999792
5.6971363860849005 3.2746317262382783 0.11631002898394889 1619999.999999792
5.6971363860849005 3.2746317262382783 0.11631002898394889 1619999.999999792
5.6971363860849005 3.2746317262382783 0.11631002898394889 1619999.999999792
5.7735233148704195 3.294981373920568 0.12859534338460082 0.0 4,0,1 coil/filament1/filament2
5.7705388388286885 3.325492566129497 -0.04558639287950686 1619999.999999792
5.696646000528637 3.295177420714518 -0.041021263480349644 1619999.999999792
5.696646000528637 3.295177420714518 -0.041021263480349644 1619999.999999792
5.696646000528637 3.295177420714518 -0.041021263480349644 1619999.999999792
5.696646000528637 3.295177420714518 -0.041021263480349644 1619999.999999792
5.696646000528637 3.295177420714518 -0.041021263480349644 1619999.999999792
5.696646000528637 3.295177420714518 -0.041021263480349644 1619999.999999792
5.696646000528637 3.295177420714518 -0.041021263480349644 1619999.999999792
5.696646000528637 3.295177420714518 -0.041021263480349644 1619999.999999792
5.696646000528637 3.295177420714518 -0.041021263480349644 1619999.999999792
5.696646000528637 3.295177420714518 -0.041021263480349644 1619999.999999792
5.696646000528637 3.295177420714518 -0.041021263480349644 1619999.999999792
5.696646000528637 3.295177420714518 -0.041021263480349644 1619999.999999792
5.696646000528637 3.295177420714518 -0.041021263480349644 1619999.999999792
5.696646000528637 3.295177420714518 -0.041021263480349644 1619999.999999792
5.696646000528637 3.295177420714518 -0.041021263480349644 1619999.999999792
5.696646000528637 3.295177420714518 -0.041021263480349644 1619999.999999792
5.696646000528637 3.295177420714518 -0.041021263480349644 1619999.999999792
5.696646000528637 3.295177420714518 -0.041021263480349644 1619999.999999792
5.696646000528637 3.295177420714518 -0.041021263480349644 1619999.999999792
5.696646000528637 3.295177420714518 -0.041021263480349644 1619999.999999792
5.696646000528637 3.295177420714518 -0.041021263480349644 1619999.999999792
5.696646000528637 3.295177420714518 -0.041021263480349644 1619999.999999792
5.696646000528637 3.295177420714518 -0.041021263480349644 1619999.999999792
5.696646000528637 3.295177420714518 -0.041021263480349644 1619999.999999792
5.696646000528637 3.295177420714518 -0.041021263480349644 1619999.999999792
5.696646000528637 3.295177420714518 -0.041021263480349644 1619999.999999792
5.696646000528637 3.295177420714518 -0.041021263480349644 1619999.999999792
5.696646000528637 3.295177420714518 -0.041021263480349644 1619999.999999792
5.696646000528637 3.295177420714518 -0.041021263480349644 1619999.999999792
5.696646000528637 3.295177420714518 -0.041021263480349644 1619999.999999792
5.696646000528637 3.295177420714518 -0.041021263480349644 1619999.999999792
5.696646000528637 3.295177420714518 -0.041021263480349644 1619999.999999792
5.696646000528637 3.295177420714518 -0.041021263480349644 1619999.999999792
5.696646000528637 3.295177420714518 -0.041021263480349644 1619999.999999792
5.696646000528637 3.295177420714518 -0.041021263480349644 1619999.999999792
5.696646000528637 3.295177420714518 -0.041021263480349644 1619999.999999792
5.696646000528637 3.295177420714518 -0.041021263480349644 1619999.999999792
5.696646000528637 3.295177420714518 -0.041021263480349644 1619999.999999792
5.696646000528637 3.295177420714518 -0.041021263480349644 1619999.999999792
5.696646000528637 3.295177420714518 -0.041021263480349644 1619999.999999792
5.696646000528637 3.295177420714518 -0.041021263480349644 1619999.999999792
5.696646000528637 3.295177420714518 -0.041021263480349644 1619999.999999792
5.696646000528637 3.295177420714518 -0.041021263480349644 1619999.999999792
5.696646000528637 3.295177420714518 -0.041021263480349644 1619999.999999792
5.696646000528637 3.295177420714518 -0.041021263480349644 1619999.999999792
5.696646000528637 3.295177420714518 -0.041021263480349644 1619999.999999792
5.696646000528637 3.295177420714518 -0.041021263480349644 1619999.999999792
5.696646000528637 3.295177420714518 -0.041021263480349644 1619999.999999792
5.696646000528637 3.295177420714518 -0.041021263480349644 1619999.999999792
5.696646000528637 3.295177420714518 -0.041021263480349644 1619999.999999792
5.696646000528637 3.295177420714518 -0.041021263480349644 1619999.999999792
5.696646000528637 3.295177420714518 -0.041021263480349644 1619999.999999792
5.696646000528637 3.295177420714518 -0.041021263480349644 1619999.999999792
5.696646000528637 3.295177420714518 -0.041021263480349644 1619999.999999792
5.696646000528637 3.295177420714518 -0.041021263480349644 1619999.999999792
5.696646000528637 3.295177420714518 -0.041021263480349644 1619999.999999792
5.696646000528637 3.295177420714518 -0.041021263480349644 1619999.999999792
5.696646000528637 3.295177420714518 -0.041021263480349644 1619999.999999792
5.696646000528637 3.295177420714518 -0.041021263480349644 1619999.999999792
5.696646000528637 3.295177420714518 -0.041021263480349644 1619999.999999792
5.696646000528637 3.295177420714518 -0.041021263480349644 1619999.999999792
5.696646000528637 3.295177420714518 -0.041021263480349644 1619999.999999792
5.696646000528637 3.295177420714518 -0.041021263480349644 1619999.999999792
5.7705388388286885 3.325492566129497 -0.04558639287950686 0.0 4,1,0 coil/filament1/filament2
5.797288844270466 3.2304474315683316 0.08772273768330262 1619999.999999792
5.720901915484947 3.210097783886042 0.0754374232826507 1619999.999999792
5.720901915484947 3.210097783886042 0.0754374232826507 1619999.999999792
5.720901915484947 3.210097783886042 0.0754374232826507 1619999.999999792
5.720901915484947 3.210097783886042 0.0754374232826507 1619999.999999792
5.720901915484947 3.210097783886042 0.0754374232826507 1619999.999999792
5.720901915484947 3.210097783886042 0.0754374232826507 1619999.999999792
5.720901915484947 3.210097783886042 0.0754374232826507 1619999.999999792
5.720901915484947 3.210097783886042 0.0754374232826507 1619999.999999792
5.720901915484947 3.210097783886042 0.0754374232826507 1619999.999999792
5.720901915484947 3.210097783886042 0.0754374232826507 1619999.999999792
5.720901915484947 3.210097783886042 0.0754374232826507 1619999.999999792
5.720901915484947 3.210097783886042 0.0754374232826507 1619999.999999792
5.720901915484947 3.210097783886042 0.0754374232826507 1619999.999999792
5.720901915484947 3.210097783886042 0.0754374232826507 1619999.999999792
5.720901915484947 3.210097783886042 0.0754374232826507 1619999.999999792
5.720901915484947 3.210097783886042 0.0754374232826507 1619999.999999792
5.720901915484947 3.210097783886042 0.0754374232826507 1619999.999999792
5.720901915484947 3.210097783886042 0.0754374232826507 1619999.999999792
5.720901915484947 3.210097783886042 0.0754374232826507 1619999.999999792
5.720901915484947 3.210097783886042 0.0754374232826507 1619999.999999792
5.720901915484947 3.210097783886042 0.0754374232826507 1619999.999999792
5.720901915484947 3.210097783886042 0.0754374232826507 1619999.999999792
5.720901915484947 3.210097783886042 0.0754374232826507 1619999.999999792
5.720901915484947 3.210097783886042 0.0754374232826507 1619999.999999792
5.720901915484947 3.210097783886042 0.0754374232826507 1619999.999999792
5.720901915484947 3.210097783886042 0.0754374232826507 1619999.999999792
5.720901915484947 3.210097783886042 0.0754374232826507 1619999.999999792
5.720901915484947 3.210097783886042 0.0754374232826507 1619999.999999792
5.720901915484947 3.210097783886042 0.0754374232826507 1619999.999999792
5.720901915484947 3.210097783886042 0.0754374232826507 1619999.999999792
5.720901915484947 3.210097783886042 0.0754374232826507 1619999.999999792
5.720901915484947 3.210097783886042 0.0754374232826507 1619999.999999792
5.720901915484947 3.210097783886042 0.0754374232826507 1619999.999999792
5.720901915484947 3.210097783886042 0.0754374232826507 1619999.999999792
5.720901915484947 3.210097783886042 0.0754374232826507 1619999.999999792
5.720901915484947 3.210097783886042 0.0754374232826507 1619999.999999792
5.720901915484947 3.210097783886042 0.0754374232826507 1619999.999999792
5.720901915484947 3.210097783886042 0.0754374232826507 1619999.999999792
5.720901915484947 3.210097783886042 0.0754374232826507 1619999.999999792
5.720901915484947 3.210097783886042 0.0754374232826507 1619999.999999792
5.720901915484947 3.210097783886042 0.0754374232826507 1619999.999999792
5.720901915484947 3.210097783886042 0.0754374232826507 1619999.999999792
5.720901915484947 3.210097783886042 0.0754374232826507 1619999.999999792
5.720901915484947 3.210097783886042 0.0754374232826507 1619999.999999792
5.720901915484947 3.210097783886042 0.0754374232826507 1619999.999999792
5.720901915484947 3.210097783886042 0.0754374232826507 1619999.999999792
5.720901915484947 3.210097783886042 0.0754374232826507 1619999.999999792
5.720901915484947 3.210097783886042 0.0754374232826507 1619999.999999792
5.720901915484947 3.210097783886042 0.0754374232826507 1619999.999999792
5.720901915484947 3.210097783886042 0.0754374232826507 1619999.999999792
5.720901915484947 3.210097783886042 0.0754374232826507 1619999.999999792
5.720901915484947 3.210097783886042 0.0754374232826507 1619999.999999792
5.720901915484947 3.210097783886042 0.0754374232826507 1619999.999999792
5.720901915484947 3.210097783886042 0.0754374232826507 1619999.999999792
5.720901915484947 3.210097783886042 0.0754374232826507 1619999.999999792
5.720901915484947 3.210097783886042 0.0754374232826507 1619999.999999792
5.720901915484947 3.210097783886042 0.0754374232826507 1619999.999999792
5.720901915484947 3.210097783886042 0.0754374232826507 1619999.999999792
5.720901915484947 3.210097783886042 0.0754374232826507 1619999.999999792
5.720901915484947 3.210097783886042 0.0754374232826507 1619999.999999792
5.720901915484947 3.210097783886042 0.0754374232826507 1619999.999999792
5.720901915484947 3.210097783886042 0.0754374232826507 1619999.999999792
5.720901915484947 3.210097783886042 0.0754374232826507 1619999.999999792
5.797288844270466 3.2304474315683316 0.08772273768330262 0.0 4,1,1 coil/filament1/filament2
