periods 0
begin filament
FOCUSADD Coils
4.3353211354039285 0.7854228634417496 0.03201305222583975 1000000.0
4.3353211354039285 0.7854228634417496 0.03201305222583975 1000000.0
4.3353211354039285 0.7854228634417496 0.03201305222583975 1000000.0
4.3353211354039285 0.7854228634417496 0.03201305222583975 1000000.0
4.3353211354039285 0.7854228634417496 0.03201305222583975 1000000.0
4.3353211354039285 0.7854228634417496 0.03201305222583975 1000000.0
4.3353211354039285 0.7854228634417496 0.03201305222583975 1000000.0
4.3353211354039285 0.7854228634417496 0.03201305222583975 1000000.0
4.3353211354039285 0.7854228634417496 0.03201305222583975 1000000.0
4.3353211354039285 0.7854228634417496 0.03201305222583975 1000000.0
4.3353211354039285 0.7854228634417496 0.03201305222583975 1000000.0
4.3353211354039285 0.7854228634417496 0.03201305222583975 1000000.0
4.3353211354039285 0.7854228634417496 0.03201305222583975 1000000.0
4.3353211354039285 0.7854228634417496 0.03201305222583975 1000000.0
4.3353211354039285 0.7854228634417496 0.03201305222583975 1000000.0
4.3353211354039285 0.7854228634417496 0.03201305222583975 1000000.0
4.3353211354039285 0.7854228634417496 0.03201305222583975 1000000.0
4.3353211354039285 0.7854228634417496 0.03201305222583975 1000000.0
4.3353211354039285 0.7854228634417496 0.03201305222583975 1000000.0
4.3353211354039285 0.7854228634417496 0.03201305222583975 1000000.0
4.3353211354039285 0.7854228634417496 0.03201305222583975 1000000.0
4.3353211354039285 0.7854228634417496 0.03201305222583975 1000000.0
4.3353211354039285 0.7854228634417496 0.03201305222583975 1000000.0
4.3353211354039285 0.7854228634417496 0.03201305222583975 1000000.0
4.3353211354039285 0.7854228634417496 0.03201305222583975 1000000.0
4.3353211354039285 0.7854228634417496 0.03201305222583975 1000000.0
4.3353211354039285 0.7854228634417496 0.03201305222583975 1000000.0
4.3353211354039285 0.7854228634417496 0.03201305222583975 1000000.0
4.3353211354039285 0.7854228634417496 0.03201305222583975 1000000.0
4.3353211354039285 0.7854228634417496 0.03201305222583975 1000000.0
4.3353211354039285 0.7854228634417496 0.03201305222583975 1000000.0
4.3353211354039285 0.7854228634417496 0.03201305222583975 1000000.0
4.3353211354039285 0.7854228634417496 0.03201305222583975 1000000.0
4.3353211354039285 0.7854228634417496 0.03201305222583975 1000000.0
4.3353211354039285 0.7854228634417496 0.03201305222583975 1000000.0
4.3353211354039285 0.7854228634417496 0.03201305222583975 1000000.0
4.3353211354039285 0.7854228634417496 0.03201305222583975 1000000.0
4.3353211354039285 0.7854228634417496 0.03201305222583975 1000000.0
4.3353211354039285 0.7854228634417496 0.03201305222583975 1000000.0
4.3353211354039285 0.7854228634417496 0.03201305222583975 1000000.0
4.3353211354039285 0.7854228634417496 0.03201305222583975 1000000.0
4.3353211354039285 0.7854228634417496 0.03201305222583975 1000000.0
4.3353211354039285 0.7854228634417496 0.03201305222583975 1000000.0
4.3353211354039285 0.7854228634417496 0.03201305222583975 1000000.0
4.3353211354039285 0.7854228634417496 0.03201305222583975 1000000.0
4.3353211354039285 0.7854228634417496 0.03201305222583975 1000000.0
4.3353211354039285 0.7854228634417496 0.03201305222583975 1000000.0
4.3353211354039285 0.7854228634417496 0.03201305222583975 1000000.0
4.3353211354039285 0.7854228634417496 0.03201305222583975 1000000.0
4.3353211354039285 0.7854228634417496 0.03201305222583975 1000000.0
4.3353211354039285 0.7854228634417496 0.03201305222583975 1000000.0
4.3353211354039285 0.7854228634417496 0.03201305222583975 1000000.0
4.3353211354039285 0.7854228634417496 0.03201305222583975 1000000.0
4.3353211354039285 0.7854228634417496 0.03201305222583975 1000000.0
4.3353211354039285 0.7854228634417496 0.03201305222583975 1000000.0
4.3353211354039285 0.7854228634417496 0.03201305222583975 1000000.0
4.3353211354039285 0.7854228634417496 0.03201305222583975 1000000.0
4.3353211354039285 0.7854228634417496 0.03201305222583975 1000000.0
4.3353211354039285 0.7854228634417496 0.03201305222583975 1000000.0
4.3353211354039285 0.7854228634417496 0.03201305222583975 1000000.0
4.3353211354039285 0.7854228634417496 0.03201305222583975 1000000.0
4.3353211354039285 0.7854228634417496 0.03201305222583975 1000000.0
4.3353211354039285 0.7854228634417496 0.03201305222583975 1000000.0
4.3353211354039285 0.7854228634417496 0.03201305222583975 1000000.0
4.3353211354039285 0.7854228634417496 0.03201305222583975 0.0 0,0,0 coil/filament1/filament2
3.7808008517184843 2.3078824722338918 -0.11750778883543488 1000000.0
3.7808008517184843 2.3078824722338918 -0.11750778883543488 1000000.0
3.7808008517184843 2.3078824722338918 -0.11750778883543488 1000000.0
3.7808008517184843 2.3078824722338918 -0.11750778883543488 1000000.0
3.7808008517184843 2.3078824722338918 -0.11750778883543488 1000000.0
3.7808008517184843 2.3078824722338918 -0.11750778883543488 1000000.0
3.7808008517184843 2.3078824722338918 -0.11750778883543488 1000000.0
3.7808008517184843 2.3078824722338918 -0.11750778883543488 1000000.0
3.7808008517184843 2.3078824722338918 -0.11750778883543488 1000000.0
3.7808008517184843 2.3078824722338918 -0.11750778883543488 1000000.0
3.7808008517184843 2.3078824722338918 -0.11750778883543488 1000000.0
3.7808008517184843 2.3078824722338918 -0.11750778883543488 1000000.0
3.7808008517184843 2.3078824722338918 -0.11750778883543488 1000000.0
3.7808008517184843 2.3078824722338918 -0.11750778883543488 1000000.0
3.7808008517184843 2.3078824722338918 -0.11750778883543488 1000000.0
3.7808008517184843 2.3078824722338918 -0.11750778883543488 1000000.0
3.7808008517184843 2.3078824722338918 -0.11750778883543488 1000000.0
3.7808008517184843 2.3078824722338918 -0.11750778883543488 1000000.0
3.7808008517184843 2.3078824722338918 -0.11750778883543488 1000000.0
3.7808008517184843 2.3078824722338918 -0.11750778883543488 1000000.0
3.7808008517184843 2.3078824722338918 -0.11750778883543488 1000000.0
3.7808008517184843 2.3078824722338918 -0.11750778883543488 1000000.0
3.7808008517184843 2.3078824722338918 -0.11750778883543488 1000000.0
3.7808008517184843 2.3078824722338918 -0.11750778883543488 1000000.0
3.7808008517184843 2.3078824722338918 -0.11750778883543488 1000000.0
3.7808008517184843 2.3078824722338918 -0.11750778883543488 1000000.0
3.7808008517184843 2.3078824722338918 -0.11750778883543488 1000000.0
3.7808008517184843 2.3078824722338918 -0.11750778883543488 1000000.0
3.7808008517184843 2.3078824722338918 -0.11750778883543488 1000000.0
3.7808008517184843 2.3078824722338918 -0.11750778883543488 1000000.0
3.7808008517184843 2.3078824722338918 -0.11750778883543488 1000000.0
3.7808008517184843 2.3078824722338918 -0.11750778883543488 1000000.0
3.7808008517184843 2.3078824722338918 -0.11750778883543488 1000000.0
3.7808008517184843 2.3078824722338918 -0.11750778883543488 1000000.0
3.7808008517184843 2.3078824722338918 -0.11750778883543488 1000000.0
3.7808008517184843 2.3078824722338918 -0.11750778883543488 1000000.0
3.7808008517184843 2.3078824722338918 -0.11750778883543488 1000000.0
3.7808008517184843 2.3078824722338918 -0.11750778883543488 1000000.0
3.7808008517184843 2.3078824722338918 -0.11750778883543488 1000000.0
3.7808008517184843 2.3078824722338918 -0.11750778883543488 1000000.0
3.7808008517184843 2.3078824722338918 -0.11750778883543488 1000000.0
3.7808008517184843 2.3078824722338918 -0.11750778883543488 1000000.0
3.7808008517184843 2.3078824722338918 -0.11750778883543488 1000000.0
3.7808008517184843 2.3078824722338918 -0.11750778883543488 1000000.0
3.7808008517184843 2.3078824722338918 -0.11750778883543488 1000000.0
3.7808008517184843 2.3078824722338918 -0.11750778883543488 1000000.0
3.7808008517184843 2.3078824722338918 -0.11750778883543488 1000000.0
3.7808008517184843 2.3078824722338918 -0.11750778883543488 1000000.0
3.7808008517184843 2.3078824722338918 -0.11750778883543488 1000000.0
3.7808008517184843 2.3078824722338918 -0.11750778883543488 1000000.0
3.7808008517184843 2.3078824722338918 -0.11750778883543488 1000000.0
3.7808008517184843 2.3078824722338918 -0.11750778883543488 1000000.0
3.7808008517184843 2.3078824722338918 -0.11750778883543488 1000000.0
3.7808008517184843 2.3078824722338918 -0.11750778883543488 1000000.0
3.7808008517184843 2.3078824722338918 -0.11750778883543488 1000000.0
3.7808008517184843 2.3078824722338918 -0.11750778883543488 1000000.0
3.7808008517184843 2.3078824722338918 -0.11750778883543488 1000000.0
3.7808008517184843 2.3078824722338918 -0.11750778883543488 1000000.0
3.7808008517184843 2.3078824722338918 -0.11750778883543488 1000000.0
3.7808008517184843 2.3078824722338918 -0.11750778883543488 1000000.0
3.7808008517184843 2.3078824722338918 -0.11750778883543488 1000000.0
3.7808008517184843 2.3078824722338918 -0.11750778883543488 1000000.0
3.7808008517184843 2.3078824722338918 -0.11750778883543488 1000000.0
3.7808008517184843 2.3078824722338918 -0.11750778883543488 1000000.0
3.7808008517184843 2.3078824722338918 -0.11750778883543488 0.0 1,0,0 coil/filament1/filament2
2.711444696595419 3.606545953937656 -0.16386968082567366 1000000.0
2.711444696595419 3.606545953937656 -0.16386968082567366 1000000.0
2.711444696595419 3.606545953937656 -0.16386968082567366 1000000.0
2.711444696595419 3.606545953937656 -0.16386968082567366 1000000.0
2.711444696595419 3.606545953937656 -0.16386968082567366 1000000.0
2.711444696595419 3.606545953937656 -0.16386968082567366 1000000.0
2.711444696595419 3.606545953937656 -0.16386968082567366 1000000.0
2.711444696595419 3.606545953937656 -0.16386968082567366 1000000.0
2.711444696595419 3.606545953937656 -0.16386968082567366 1000000.0
2.711444696595419 3.606545953937656 -0.16386968082567366 1000000.0
2.711444696595419 3.606545953937656 -0.16386968082567366 1000000.0
2.711444696595419 3.606545953937656 -0.16386968082567366 1000000.0
2.711444696595419 3.606545953937656 -0.16386968082567366 1000000.0
2.711444696595419 3.606545953937656 -0.16386968082567366 1000000.0
2.711444696595419 3.606545953937656 -0.16386968082567366 1000000.0
2.711444696595419 3.606545953937656 -0.16386968082567366 1000000.0
2.711444696595419 3.606545953937656 -0.16386968082567366 1000000.0
2.711444696595419 3.606545953937656 -0.16386968082567366 1000000.0
2.711444696595419 3.606545953937656 -0.16386968082567366 1000000.0
2.711444696595419 3.606545953937656 -0.16386968082567366 1000000.0
2.711444696595419 3.606545953937656 -0.16386968082567366 1000000.0
2.711444696595419 3.606545953937656 -0.16386968082567366 1000000.0
2.711444696595419 3.606545953937656 -0.16386968082567366 1000000.0
2.711444696595419 3.606545953937656 -0.16386968082567366 1000000.0
2.711444696595419 3.606545953937656 -0.16386968082567366 1000000.0
2.711444696595419 3.606545953937656 -0.16386968082567366 1000000.0
2.711444696595419 3.606545953937656 -0.16386968082567366 1000000.0
2.711444696595419 3.606545953937656 -0.16386968082567366 1000000.0
2.711444696595419 3.606545953937656 -0.16386968082567366 1000000.0
2.711444696595419 3.606545953937656 -0.16386968082567366 1000000.0
2.711444696595419 3.606545953937656 -0.16386968082567366 1000000.0
2.711444696595419 3.606545953937656 -0.16386968082567366 1000000.0
2.711444696595419 3.606545953937656 -0.16386968082567366 1000000.0
2.711444696595419 3.606545953937656 -0.16386968082567366 1000000.0
2.711444696595419 3.606545953937656 -0.16386968082567366 1000000.0
2.711444696595419 3.606545953937656 -0.16386968082567366 1000000.0
2.711444696595419 3.606545953937656 -0.16386968082567366 1000000.0
2.711444696595419 3.606545953937656 -0.16386968082567366 1000000.0
2.711444696595419 3.606545953937656 -0.16386968082567366 1000000.0
2.711444696595419 3.606545953937656 -0.16386968082567366 1000000.0
2.711444696595419 3.606545953937656 -0.16386968082567366 1000000.0
2.711444696595419 3.606545953937656 -0.16386968082567366 1000000.0
2.711444696595419 3.606545953937656 -0.16386968082567366 1000000.0
2.711444696595419 3.606545953937656 -0.16386968082567366 1000000.0
2.711444696595419 3.606545953937656 -0.16386968082567366 1000000.0
2.711444696595419 3.606545953937656 -0.16386968082567366 1000000.0
2.711444696595419 3.606545953937656 -0.16386968082567366 1000000.0
2.711444696595419 3.606545953937656 -0.16386968082567366 1000000.0
2.711444696595419 3.606545953937656 -0.16386968082567366 1000000.0
2.711444696595419 3.606545953937656 -0.16386968082567366 1000000.0
2.711444696595419 3.606545953937656 -0.16386968082567366 1000000.0
2.711444696595419 3.606545953937656 -0.16386968082567366 1000000.0
2.711444696595419 3.606545953937656 -0.16386968082567366 1000000.0
2.711444696595419 3.606545953937656 -0.16386968082567366 1000000.0
2.711444696595419 3.606545953937656 -0.16386968082567366 1000000.0
2.711444696595419 3.606545953937656 -0.16386968082567366 1000000.0
2.711444696595419 3.606545953937656 -0.16386968082567366 1000000.0
2.711444696595419 3.606545953937656 -0.16386968082567366 1000000.0
2.711444696595419 3.606545953937656 -0.16386968082567366 1000000.0
2.711444696595419 3.606545953937656 -0.16386968082567366 1000000.0
2.711444696595419 3.606545953937656 -0.16386968082567366 1000000.0
2.711444696595419 3.606545953937656 -0.16386968082567366 1000000.0
2.711444696595419 3.606545953937656 -0.16386968082567366 1000000.0
2.711444696595419 3.606545953937656 -0.16386968082567366 1000000.0
2.711444696595419 3.606545953937656 -0.16386968082567366 0.0 2,0,0 coil/filament1/filament2
1.0424725894501805 4.527765091215155 -0.07266722376139441 1000000.0
1.0424725894501805 4.527765091215155 -0.07266722376139441 1000000.0
1.0424725894501805 4.527765091215155 -0.07266722376139441 1000000.0
1.0424725894501805 4.527765091215155 -0.07266722376139441 1000000.0
1.0424725894501805 4.527765091215155 -0.07266722376139441 1000000.0
1.0424725894501805 4.527765091215155 -0.07266722376139441 1000000.0
1.0424725894501805 4.527765091215155 -0.07266722376139441 1000000.0
1.0424725894501805 4.527765091215155 -0.07266722376139441 1000000.0
1.0424725894501805 4.527765091215155 -0.07266722376139441 1000000.0
1.0424725894501805 4.527765091215155 -0.07266722376139441 1000000.0
1.0424725894501805 4.527765091215155 -0.07266722376139441 1000000.0
1.0424725894501805 4.527765091215155 -0.07266722376139441 1000000.0
1.0424725894501805 4.527765091215155 -0.07266722376139441 1000000.0
1.0424725894501805 4.527765091215155 -0.07266722376139441 1000000.0
1.0424725894501805 4.527765091215155 -0.07266722376139441 1000000.0
1.0424725894501805 4.527765091215155 -0.07266722376139441 1000000.0
1.0424725894501805 4.527765091215155 -0.07266722376139441 1000000.0
1.0424725894501805 4.527765091215155 -0.07266722376139441 1000000.0
1.0424725894501805 4.527765091215155 -0.07266722376139441 1000000.0
1.0424725894501805 4.527765091215155 -0.07266722376139441 1000000.0
1.0424725894501805 4.527765091215155 -0.07266722376139441 1000000.0
1.0424725894501805 4.527765091215155 -0.07266722376139441 1000000.0
1.0424725894501805 4.527765091215155 -0.07266722376139441 1000000.0
1.0424725894501805 4.527765091215155 -0.07266722376139441 1000000.0
1.0424725894501805 4.527765091215155 -0.07266722376139441 1000000.0
1.0424725894501805 4.527765091215155 -0.07266722376139441 1000000.0
1.0424725894501805 4.527765091215155 -0.07266722376139441 1000000.0
1.0424725894501805 4.527765091215155 -0.07266722376139441 1000000.0
1.0424725894501805 4.527765091215155 -0.07266722376139441 1000000.0
1.0424725894501805 4.527765091215155 -0.07266722376139441 1000000.0
1.0424725894501805 4.527765091215155 -0.07266722376139441 1000000.0
1.0424725894501805 4.527765091215155 -0.07266722376139441 1000000.0
1.0424725894501805 4.527765091215155 -0.07266722376139441 1000000.0
1.0424725894501805 4.527765091215155 -0.07266722376139441 1000000.0
1.0424725894501805 4.527765091215155 -0.07266722376139441 1000000.0
1.0424725894501805 4.527765091215155 -0.07266722376139441 1000000.0
1.0424725894501805 4.527765091215155 -0.07266722376139441 1000000.0
1.0424725894501805 4.527765091215155 -0.07266722376139441 1000000.0
1.0424725894501805 4.527765091215155 -0.07266722376139441 1000000.0
1.0424725894501805 4.527765091215155 -0.07266722376139441 1000000.0
1.0424725894501805 4.527765091215155 -0.07266722376139441 1000000.0
1.0424725894501805 4.527765091215155 -0.07266722376139441 1000000.0
1.0424725894501805 4.527765091215155 -0.07266722376139441 1000000.0
1.0424725894501805 4.527765091215155 -0.07266722376139441 1000000.0
1.0424725894501805 4.527765091215155 -0.07266722376139441 1000000.0
1.0424725894501805 4.527765091215155 -0.07266722376139441 1000000.0
1.0424725894501805 4.527765091215155 -0.07266722376139441 1000000.0
1.0424725894501805 4.527765091215155 -0.07266722376139441 1000000.0
1.0424725894501805 4.527765091215155 -0.07266722376139441 1000000.0
1.0424725894501805 4.527765091215155 -0.07266722376139441 1000000.0
1.0424725894501805 4.527765091215155 -0.07266722376139441 1000000.0
1.0424725894501805 4.527765091215155 -0.07266722376139441 1000000.0
1.0424725894501805 4.527765091215155 -0.07266722376139441 1000000.0
1.0424725894501805 4.527765091215155 -0.07266722376139441 1000000.0
1.0424725894501805 4.527765091215155 -0.07266722376139441 1000000.0
1.0424725894501805 4.527765091215155 -0.07266722376139441 1000000.0
1.0424725894501805 4.527765091215155 -0.07266722376139441 1000000.0
1.0424725894501805 4.527765091215155 -0.07266722376139441 1000000.0
1.0424725894501805 4.527765091215155 -0.07266722376139441 1000000.0
1.0424725894501805 4.527765091215155 -0.07266722376139441 1000000.0
1.0424725894501805 4.527765091215155 -0.07266722376139441 1000000.0
1.0424725894501805 4.527765091215155 -0.07266722376139441 1000000.0
1.0424725894501805 4.527765091215155 -0.07266722376139441 1000000.0
1.0424725894501805 4.527765091215155 -0.07266722376139441 1000000.0
1.0424725894501805 4.527765091215155 -0.07266722376139441 0.0 3,0,0 coil/filament1/filament2
