periods 0
begin filament
FOCUSADD Coils
6.9987181680484145 0.3779459731265185 0.08214279605799638 1520000.0
6.91895755100672 0.37858673164497586 0.08829368198192152 1520000.0
6.91895755100672 0.37858673164497586 0.08829368198192152 1520000.0
6.91895755100672 0.37858673164497586 0.08829368198192152 1520000.0
6.91895755100672 0.37858673164497586 0.08829368198192152 1520000.0
6.91895755100672 0.37858673164497586 0.08829368198192152 1520000.0
6.91895755100672 0.37858673164497586 0.08829368198192152 1520000.0
6.91895755100672 0.37858673164497586 0.08829368198192152 1520000.0
6.91895755100672 0.37858673164497586 0.08829368198192152 1520000.0
6.91895755100672 0.37858673164497586 0.08829368198192152 1520000.0
6.91895755100672 0.37858673164497586 0.08829368198192152 1520000.0
6.91895755100672 0.37858673164497586 0.08829368198192152 1520000.0
6.91895755100672 0.37858673164497586 0.08829368198192152 1520000.0
6.91895755100672 0.37858673164497586 0.08829368198192152 1520000.0
6.91895755100672 0.37858673164497586 0.08829368198192152 1520000.0
6.91895755100672 0.37858673164497586 0.08829368198192152 1520000.0
6.91895755100672 0.37858673164497586 0.08829368198192152 1520000.0
6.91895755100672 0.37858673164497586 0.08829368198192152 1520000.0
6.91895755100672 0.37858673164497586 0.08829368198192152 1520000.0
6.91895755100672 0.37858673164497586 0.08829368198192152 1520000.0
6.91895755100672 0.37858673164497586 0.08829368198192152 1520000.0
6.91895755100672 0.37858673164497586 0.08829368198192152 1520000.0
6.91895755100672 0.37858673164497586 0.08829368198192152 1520000.0
6.91895755100672 0.37858673164497586 0.08829368198192152 1520000.0
6.91895755100672 0.37858673164497586 0.08829368198192152 1520000.0
6.91895755100672 0.37858673164497586 0.08829368198192152 1520000.0
6.91895755100672 0.37858673164497586 0.08829368198192152 1520000.0
6.91895755100672 0.37858673164497586 0.08829368198192152 1520000.0
6.91895755100672 0.37858673164497586 0.08829368198192152 1520000.0
6.91895755100672 0.37858673164497586 0.08829368198192152 1520000.0
6.91895755100672 0.37858673164497586 0.08829368198192152 1520000.0
6.91895755100672 0.37858673164497586 0.08829368198192152 1520000.0
6.91895755100672 0.37858673164497586 0.08829368198192152 1520000.0
6.91895755100672 0.37858673164497586 0.08829368198192152 1520000.0
6.91895755100672 0.37858673164497586 0.08829368198192152 1520000.0
6.91895755100672 0.37858673164497586 0.08829368198192152 1520000.0
6.91895755100672 0.37858673164497586 0.08829368198192152 1520000.0
6.91895755100672 0.37858673164497586 0.08829368198192152 1520000.0
6.91895755100672 0.37858673164497586 0.08829368198192152 1520000.0
6.91895755100672 0.37858673164497586 0.08829368198192152 1520000.0
6.91895755100672 0.37858673164497586 0.08829368198192152 1520000.0
6.91895755100672 0.37858673164497586 0.08829368198192152 1520000.0
6.91895755100672 0.37858673164497586 0.08829368198192152 1520000.0
6.91895755100672 0.37858673164497586 0.08829368198192152 1520000.0
6.91895755100672 0.37858673164497586 0.08829368198192152 1520000.0
6.91895755100672 0.37858673164497586 0.08829368198192152 1520000.0
6.91895755100672 0.37858673164497586 0.08829368198192152 1520000.0
6.91895755100672 0.37858673164497586 0.08829368198192152 1520000.0
6.91895755100672 0.37858673164497586 0.08829368198192152 1520000.0
6.91895755100672 0.37858673164497586 0.08829368198192152 1520000.0
6.91895755100672 0.37858673164497586 0.08829368198192152 1520000.0
6.91895755100672 0.37858673164497586 0.08829368198192152 1520000.0
6.91895755100672 0.37858673164497586 0.08829368198192152 1520000.0
6.91895755100672 0.37858673164497586 0.08829368198192152 1520000.0
6.91895755100672 0.37858673164497586 0.08829368198192152 1520000.0
6.91895755100672 0.37858673164497586 0.08829368198192152 1520000.0
6.91895755100672 0.37858673164497586 0.08829368198192152 1520000.0
6.91895755100672 0.37858673164497586 0.08829368198192152 1520000.0
6.91895755100672 0.37858673164497586 0.08829368198192152 1520000.0
6.91895755100672 0.37858673164497586 0.08829368198192152 1520000.0
6.91895755100672 0.37858673164497586 0.08829368198192152 1520000.0
6.91895755100672 0.37858673164497586 0.08829368198192152 1520000.0
6.91895755100672 0.37858673164497586 0.08829368198192152 1520000.0
6.91895755100672 0.37858673164497586 0.08829368198192152 1520000.0
6.9987181680484145 0.3779459731265185 0.08214279605799638 0.0 0,0,0 coil/filament1/filament2
7.003002051320498 0.3966272240296279 0.21007752543839425 1520000.0
6.923020679463473 0.39682647760481504 0.2083627502690886 1520000.0
6.923020679463473 0.39682647760481504 0.2083627502690886 1520000.0
6.923020679463473 0.39682647760481504 0.2083627502690886 1520000.0
6.923020679463473 0.39682647760481504 0.2083627502690886 1520000.0
6.923020679463473 0.39682647760481504 0.2083627502690886 1520000.0
6.923020679463473 0.39682647760481504 0.2083627502690886 1520000.0
6.923020679463473 0.39682647760481504 0.2083627502690886 1520000.0
6.923020679463473 0.39682647760481504 0.2083627502690886 1520000.0
6.923020679463473 0.39682647760481504 0.2083627502690886 1520000.0
6.923020679463473 0.39682647760481504 0.2083627502690886 1520000.0
6.923020679463473 0.39682647760481504 0.2083627502690886 1520000.0
6.923020679463473 0.39682647760481504 0.2083627502690886 1520000.0
6.923020679463473 0.39682647760481504 0.2083627502690886 1520000.0
6.923020679463473 0.39682647760481504 0.2083627502690886 1520000.0
6.923020679463473 0.39682647760481504 0.2083627502690886 1520000.0
6.923020679463473 0.39682647760481504 0.2083627502690886 1520000.0
6.923020679463473 0.39682647760481504 0.2083627502690886 1520000.0
6.923020679463473 0.39682647760481504 0.2083627502690886 1520000.0
6.923020679463473 0.39682647760481504 0.2083627502690886 1520000.0
6.923020679463473 0.39682647760481504 0.2083627502690886 1520000.0
6.923020679463473 0.39682647760481504 0.2083627502690886 1520000.0
6.923020679463473 0.39682647760481504 0.2083627502690886 1520000.0
6.923020679463473 0.39682647760481504 0.2083627502690886 1520000.0
6.923020679463473 0.39682647760481504 0.2083627502690886 1520000.0
6.923020679463473 0.39682647760481504 0.2083627502690886 1520000.0
6.923020679463473 0.39682647760481504 0.2083627502690886 1520000.0
6.923020679463473 0.39682647760481504 0.2083627502690886 1520000.0
6.923020679463473 0.39682647760481504 0.2083627502690886 1520000.0
6.923020679463473 0.39682647760481504 0.2083627502690886 1520000.0
6.923020679463473 0.39682647760481504 0.2083627502690886 1520000.0
6.923020679463473 0.39682647760481504 0.2083627502690886 1520000.0
6.923020679463473 0.39682647760481504 0.2083627502690886 1520000.0
6.923020679463473 0.39682647760481504 0.2083627502690886 1520000.0
6.923020679463473 0.39682647760481504 0.2083627502690886 1520000.0
6.923020679463473 0.39682647760481504 0.2083627502690886 1520000.0
6.923020679463473 0.39682647760481504 0.2083627502690886 1520000.0
6.923020679463473 0.39682647760481504 0.2083627502690886 1520000.0
6.923020679463473 0.39682647760481504 0.2083627502690886 1520000.0
6.923020679463473 0.39682647760481504 0.2083627502690886 1520000.0
6.923020679463473 0.39682647760481504 0.2083627502690886 1520000.0
6.923020679463473 0.39682647760481504 0.2083627502690886 1520000.0
6.923020679463473 0.39682647760481504 0.2083627502690886 1520000.0
6.923020679463473 0.39682647760481504 0.2083627502690886 1520000.0
6.923020679463473 0.39682647760481504 0.2083627502690886 1520000.0
6.923020679463473 0.39682647760481504 0.2083627502690886 1520000.0
6.923020679463473 0.39682647760481504 0.2083627502690886 1520000.0
6.923020679463473 0.39682647760481504 0.2083627502690886 1520000.0
6.923020679463473 0.39682647760481504 0.2083627502690886 1520000.0
6.923020679463473 0.39682647760481504 0.2083627502690886 1520000.0
6.923020679463473 0.39682647760481504 0.2083627502690886 1520000.0
6.923020679463473 0.39682647760481504 0.2083627502690886 1520000.0
6.923020679463473 0.39682647760481504 0.2083627502690886 1520000.0
6.923020679463473 0.39682647760481504 0.2083627502690886 1520000.0
6.923020679463473 0.39682647760481504 0.2083627502690886 1520000.0
6.923020679463473 0.39682647760481504 0.2083627502690886 1520000.0
6.923020679463473 0.39682647760481504 0.2083627502690886 1520000.0
6.923020679463473 0.39682647760481504 0.2083627502690886 1520000.0
6.923020679463473 0.39682647760481504 0.2083627502690886 1520000.0
6.923020679463473 0.39682647760481504 0.2083627502690886 1520000.0
6.923020679463473 0.39682647760481504 0.2083627502690886 1520000.0
6.923020679463473 0.39682647760481504 0.2083627502690886 1520000.0
6.923020679463473 0.39682647760481504 0.2083627502690886 1520000.0
6.923020679463473 0.39682647760481504 0.2083627502690886 1520000.0
7.003002051320498 0.3966272240296279 0.21007752543839425 0.0 0,0,1 coil/filament1/filament2
6.9986376481961905 0.29827569768303 0.0893981890392259 1520000.0
6.918877031154496 0.2989164562014874 0.09554907496315104 1520000.0
6.918877031154496 0.2989164562014874 0.09554907496315104 1520000.0
6.918877031154496 0.2989164562014874 0.09554907496315104 1520000.0
6.918877031154496 0.2989164562014874 0.09554907496315104 1520000.0
6.918877031154496 0.2989164562014874 0.09554907496315104 1520000.0
6.918877031154496 0.2989164562014874 0.09554907496315104 1520000.0
6.918877031154496 0.2989164562014874 0.09554907496315104 1520000.0
6.918877031154496 0.2989164562014874 0.09554907496315104 1520000.0
6.918877031154496 0.2989164562014874 0.09554907496315104 1520000.0
6.918877031154496 0.2989164562014874 0.09554907496315104 1520000.0
6.918877031154496 0.2989164562014874 0.09554907496315104 1520000.0
6.918877031154496 0.2989164562014874 0.09554907496315104 1520000.0
6.918877031154496 0.2989164562014874 0.09554907496315104 1520000.0
6.918877031154496 0.2989164562014874 0.09554907496315104 1520000.0
6.918877031154496 0.2989164562014874 0.09554907496315104 1520000.0
6.918877031154496 0.2989164562014874 0.09554907496315104 1520000.0
6.918877031154496 0.2989164562014874 0.09554907496315104 1520000.0
6.918877031154496 0.2989164562014874 0.09554907496315104 1520000.0
6.918877031154496 0.2989164562014874 0.09554907496315104 1520000.0
6.918877031154496 0.2989164562014874 0.09554907496315104 1520000.0
6.918877031154496 0.2989164562014874 0.09554907496315104 1520000.0
6.918877031154496 0.2989164562014874 0.09554907496315104 1520000.0
6.918877031154496 0.2989164562014874 0.09554907496315104 1520000.0
6.918877031154496 0.2989164562014874 0.09554907496315104 1520000.0
6.918877031154496 0.2989164562014874 0.09554907496315104 1520000.0
6.918877031154496 0.2989164562014874 0.09554907496315104 1520000.0
6.918877031154496 0.2989164562014874 0.09554907496315104 1520000.0
6.918877031154496 0.2989164562014874 0.09554907496315104 1520000.0
6.918877031154496 0.2989164562014874 0.09554907496315104 1520000.0
6.918877031154496 0.2989164562014874 0.09554907496315104 1520000.0
6.918877031154496 0.2989164562014874 0.09554907496315104 1520000.0
6.918877031154496 0.2989164562014874 0.09554907496315104 1520000.0
6.918877031154496 0.2989164562014874 0.09554907496315104 1520000.0
6.918877031154496 0.2989164562014874 0.09554907496315104 1520000.0
6.918877031154496 0.2989164562014874 0.09554907496315104 1520000.0
6.918877031154496 0.2989164562014874 0.09554907496315104 1520000.0
6.918877031154496 0.2989164562014874 0.09554907496315104 1520000.0
6.918877031154496 0.2989164562014874 0.09554907496315104 1520000.0
6.918877031154496 0.2989164562014874 0.09554907496315104 1520000.0
6.918877031154496 0.2989164562014874 0.09554907496315104 1520000.0
6.918877031154496 0.2989164562014874 0.09554907496315104 1520000.0
6.918877031154496 0.2989164562014874 0.09554907496315104 1520000.0
6.918877031154496 0.2989164562014874 0.09554907496315104 1520000.0
6.918877031154496 0.2989164562014874 0.09554907496315104 1520000.0
6.918877031154496 0.2989164562014874 0.09554907496315104 1520000.0
6.918877031154496 0.2989164562014874 0.09554907496315104 1520000.0
6.918877031154496 0.2989164562014874 0.09554907496315104 1520000.0
6.918877031154496 0.2989164562014874 0.09554907496315104 1520000.0
6.918877031154496 0.2989164562014874 0.09554907496315104 1520000.0
6.918877031154496 0.2989164562014874 0.09554907496315104 1520000.0
6.918877031154496 0.2989164562014874 0.09554907496315104 1520000.0
6.918877031154496 0.2989164562014874 0.09554907496315104 1520000.0
6.918877031154496 0.2989164562014874 0.09554907496315104 1520000.0
6.918877031154496 0.2989164562014874 0.09554907496315104 1520000.0
6.918877031154496 0.2989164562014874 0.09554907496315104 1520000.0
6.918877031154496 0.2989164562014874 0.09554907496315104 1520000.0
6.918877031154496 0.2989164562014874 0.09554907496315104 1520000.0
6.918877031154496 0.2989164562014874 0.09554907496315104 1520000.0
6.918877031154496 0.2989164562014874 0.09554907496315104 1520000.0
6.918877031154496 0.2989164562014874 0.09554907496315104 1520000.0
6.918877031154496 0.2989164562014874 0.09554907496315104 1520000.0
6.918877031154496 0.2989164562014874 0.09554907496315104 1520000.0
6.918877031154496 0.2989164562014874 0.09554907496315104 1520000.0
6.9986376481961905 0.29827569768303 0.0893981890392259 0.0 0,1,0 coil/filament1/filament2
7.002463602650547 0.3182468167215742 0.22608445591407964 1520000.0
6.9224822307935225 0.3184460702967613 0.22436968074477398 1520000.0
6.9224822307935225 0.3184460702967613 0.22436968074477398 1520000.0
6.9224822307935225 0.3184460702967613 0.22436968074477398 1520000.0
6.9224822307935225 0.3184460702967613 0.22436968074477398 1520000.0
6.9224822307935225 0.3184460702967613 0.22436968074477398 1520000.0
6.9224822307935225 0.3184460702967613 0.22436968074477398 1520000.0
6.9224822307935225 0.3184460702967613 0.22436968074477398 1520000.0
6.9224822307935225 0.3184460702967613 0.22436968074477398 1520000.0
6.9224822307935225 0.3184460702967613 0.22436968074477398 1520000.0
6.9224822307935225 0.3184460702967613 0.22436968074477398 1520000.0
6.9224822307935225 0.3184460702967613 0.22436968074477398 1520000.0
6.9224822307935225 0.3184460702967613 0.22436968074477398 1520000.0
6.9224822307935225 0.3184460702967613 0.22436968074477398 1520000.0
6.9224822307935225 0.3184460702967613 0.22436968074477398 1520000.0
6.9224822307935225 0.3184460702967613 0.22436968074477398 1520000.0
6.9224822307935225 0.3184460702967613 0.22436968074477398 1520000.0
6.9224822307935225 0.3184460702967613 0.22436968074477398 1520000.0
6.9224822307935225 0.3184460702967613 0.22436968074477398 1520000.0
6.9224822307935225 0.3184460702967613 0.22436968074477398 1520000.0
6.9224822307935225 0.3184460702967613 0.22436968074477398 1520000.0
6.9224822307935225 0.3184460702967613 0.22436968074477398 1520000.0
6.9224822307935225 0.3184460702967613 0.22436968074477398 1520000.0
6.9224822307935225 0.3184460702967613 0.22436968074477398 1520000.0
6.9224822307935225 0.3184460702967613 0.22436968074477398 1520000.0
6.9224822307935225 0.3184460702967613 0.22436968074477398 1520000.0
6.9224822307935225 0.3184460702967613 0.22436968074477398 1520000.0
6.9224822307935225 0.3184460702967613 0.22436968074477398 1520000.0
6.9224822307935225 0.3184460702967613 0.22436968074477398 1520000.0
6.9224822307935225 0.3184460702967613 0.22436968074477398 1520000.0
6.9224822307935225 0.3184460702967613 0.22436968074477398 1520000.0
6.9224822307935225 0.3184460702967613 0.22436968074477398 1520000.0
6.9224822307935225 0.3184460702967613 0.22436968074477398 1520000.0
6.9224822307935225 0.3184460702967613 0.22436968074477398 1520000.0
6.9224822307935225 0.3184460702967613 0.22436968074477398 1520000.0
6.9224822307935225 0.3184460702967613 0.22436968074477398 1520000.0
6.9224822307935225 0.3184460702967613 0.22436968074477398 1520000.0
6.9224822307935225 0.3184460702967613 0.22436968074477398 1520000.0
6.9224822307935225 0.3184460702967613 0.22436968074477398 1520000.0
6.9224822307935225 0.3184460702967613 0.22436968074477398 1520000.0
6.9224822307935225 0.3184460702967613 0.22436968074477398 1520000.0
6.9224822307935225 0.3184460702967613 0.22436968074477398 1520000.0
6.9224822307935225 0.3184460702967613 0.22436968074477398 1520000.0
6.9224822307935225 0.3184460702967613 0.22436968074477398 1520000.0
6.9224822307935225 0.3184460702967613 0.22436968074477398 1520000.0
6.9224822307935225 0.3184460702967613 0.22436968074477398 1520000.0
6.9224822307935225 0.3184460702967613 0.22436968074477398 1520000.0
6.9224822307935225 0.3184460702967613 0.22436968074477398 1520000.0
6.9224822307935225 0.3184460702967613 0.22436968074477398 1520000.0
6.9224822307935225 0.3184460702967613 0.22436968074477398 1520000.0
6.9224822307935225 0.3184460702967613 0.22436968074477398 1520000.0
6.9224822307935225 0.3184460702967613 0.22436968074477398 1520000.0
6.9224822307935225 0.3184460702967613 0.22436968074477398 1520000.0
6.9224822307935225 0.3184460702967613 0.22436968074477398 1520000.0
6.9224822307935225 0.3184460702967613 0.22436968074477398 1520000.0
6.9224822307935225 0.3184460702967613 0.22436968074477398 1520000.0
6.9224822307935225 0.3184460702967613 0.22436968074477398 1520000.0
6.9224822307935225 0.3184460702967613 0.22436968074477398 1520000.0
6.9224822307935225 0.3184460702967613 0.22436968074477398 1520000.0
6.9224822307935225 0.3184460702967613 0.22436968074477398 1520000.0
6.9224822307935225 0.3184460702967613 0.22436968074477398 1520000.0
6.9224822307935225 0.3184460702967613 0.22436968074477398 1520000.0
6.9224822307935225 0.3184460702967613 0.22436968074477398 1520000.0
6.9224822307935225 0.3184460702967613 0.22436968074477398 1520000.0
7.002463602650547 0.3182468167215742 0.22608445591407964 0.0 0,1,1 coil/filament1/filament2
6.689658527686013 1.2963878066822154 0.22628855211064194 1520000.0
6.615887830599503 1.2724216877236836 0.24587194797131565 1520000.0
6.615887830599503 1.2724216877236836 0.24587194797131565 1520000.0
6.615887830599503 1.2724216877236836 0.24587194797131565 1520000.0
6.615887830599503 1.2724216877236836 0.24587194797131565 1520000.0
6.615887830599503 1.2724216877236836 0.24587194797131565 1520000.0
6.615887830599503 1.2724216877236836 0.24587194797131565 1520000.0
6.615887830599503 1.2724216877236836 0.24587194797131565 1520000.0
6.615887830599503 1.2724216877236836 0.24587194797131565 1520000.0
6.615887830599503 1.2724216877236836 0.24587194797131565 1520000.0
6.615887830599503 1.2724216877236836 0.24587194797131565 1520000.0
6.615887830599503 1.2724216877236836 0.24587194797131565 1520000.0
6.615887830599503 1.2724216877236836 0.24587194797131565 1520000.0
6.615887830599503 1.2724216877236836 0.24587194797131565 1520000.0
6.615887830599503 1.2724216877236836 0.24587194797131565 1520000.0
6.615887830599503 1.2724216877236836 0.24587194797131565 1520000.0
6.615887830599503 1.2724216877236836 0.24587194797131565 1520000.0
6.615887830599503 1.2724216877236836 0.24587194797131565 1520000.0
6.615887830599503 1.2724216877236836 0.24587194797131565 1520000.0
6.615887830599503 1.2724216877236836 0.24587194797131565 1520000.0
6.615887830599503 1.2724216877236836 0.24587194797131565 1520000.0
6.615887830599503 1.2724216877236836 0.24587194797131565 1520000.0
6.615887830599503 1.2724216877236836 0.24587194797131565 1520000.0
6.615887830599503 1.2724216877236836 0.24587194797131565 1520000.0
6.615887830599503 1.2724216877236836 0.24587194797131565 1520000.0
6.615887830599503 1.2724216877236836 0.24587194797131565 1520000.0
6.615887830599503 1.2724216877236836 0.24587194797131565 1520000.0
6.615887830599503 1.2724216877236836 0.24587194797131565 1520000.0
6.615887830599503 1.2724216877236836 0.24587194797131565 1520000.0
6.615887830599503 1.2724216877236836 0.24587194797131565 1520000.0
6.615887830599503 1.2724216877236836 0.24587194797131565 1520000.0
6.615887830599503 1.2724216877236836 0.24587194797131565 1520000.0
6.615887830599503 1.2724216877236836 0.24587194797131565 1520000.0
6.615887830599503 1.2724216877236836 0.24587194797131565 1520000.0
6.615887830599503 1.2724216877236836 0.24587194797131565 1520000.0
6.615887830599503 1.2724216877236836 0.24587194797131565 1520000.0
6.615887830599503 1.2724216877236836 0.24587194797131565 1520000.0
6.615887830599503 1.2724216877236836 0.24587194797131565 1520000.0
6.615887830599503 1.2724216877236836 0.24587194797131565 1520000.0
6.615887830599503 1.2724216877236836 0.24587194797131565 1520000.0
6.615887830599503 1.2724216877236836 0.24587194797131565 1520000.0
6.615887830599503 1.2724216877236836 0.24587194797131565 1520000.0
6.615887830599503 1.2724216877236836 0.24587194797131565 1520000.0
6.615887830599503 1.2724216877236836 0.24587194797131565 1520000.0
6.615887830599503 1.2724216877236836 0.24587194797131565 1520000.0
6.615887830599503 1.2724216877236836 0.24587194797131565 1520000.0
6.615887830599503 1.2724216877236836 0.24587194797131565 1520000.0
6.615887830599503 1.2724216877236836 0.24587194797131565 1520000.0
6.615887830599503 1.2724216877236836 0.24587194797131565 1520000.0
6.615887830599503 1.2724216877236836 0.24587194797131565 1520000.0
6.615887830599503 1.2724216877236836 0.24587194797131565 1520000.0
6.615887830599503 1.2724216877236836 0.24587194797131565 1520000.0
6.615887830599503 1.2724216877236836 0.24587194797131565 1520000.0
6.615887830599503 1.2724216877236836 0.24587194797131565 1520000.0
6.615887830599503 1.2724216877236836 0.24587194797131565 1520000.0
6.615887830599503 1.2724216877236836 0.24587194797131565 1520000.0
6.615887830599503 1.2724216877236836 0.24587194797131565 1520000.0
6.615887830599503 1.2724216877236836 0.24587194797131565 1520000.0
6.615887830599503 1.2724216877236836 0.24587194797131565 1520000.0
6.615887830599503 1.2724216877236836 0.24587194797131565 1520000.0
6.615887830599503 1.2724216877236836 0.24587194797131565 1520000.0
6.615887830599503 1.2724216877236836 0.24587194797131565 1520000.0
6.615887830599503 1.2724216877236836 0.24587194797131565 1520000.0
6.615887830599503 1.2724216877236836 0.24587194797131565 1520000.0
6.689658527686013 1.2963878066822154 0.22628855211064194 0.0 1,0,0 coil/filament1/filament2
6.724325212384557 1.2828002366322186 0.34518095331872356 1520000.0
6.6488774556849775 1.2616616796853644 0.3613301768048719 1520000.0
6.6488774556849775 1.2616616796853644 0.3613301768048719 1520000.0
6.6488774556849775 1.2616616796853644 0.3613301768048719 1520000.0
6.6488774556849775 1.2616616796853644 0.3613301768048719 1520000.0
6.6488774556849775 1.2616616796853644 0.3613301768048719 1520000.0
6.6488774556849775 1.2616616796853644 0.3613301768048719 1520000.0
6.6488774556849775 1.2616616796853644 0.3613301768048719 1520000.0
6.6488774556849775 1.2616616796853644 0.3613301768048719 1520000.0
6.6488774556849775 1.2616616796853644 0.3613301768048719 1520000.0
6.6488774556849775 1.2616616796853644 0.3613301768048719 1520000.0
6.6488774556849775 1.2616616796853644 0.3613301768048719 1520000.0
6.6488774556849775 1.2616616796853644 0.3613301768048719 1520000.0
6.6488774556849775 1.2616616796853644 0.3613301768048719 1520000.0
6.6488774556849775 1.2616616796853644 0.3613301768048719 1520000.0
6.6488774556849775 1.2616616796853644 0.3613301768048719 1520000.0
6.6488774556849775 1.2616616796853644 0.3613301768048719 1520000.0
6.6488774556849775 1.2616616796853644 0.3613301768048719 1520000.0
6.6488774556849775 1.2616616796853644 0.3613301768048719 1520000.0
6.6488774556849775 1.2616616796853644 0.3613301768048719 1520000.0
6.6488774556849775 1.2616616796853644 0.3613301768048719 1520000.0
6.6488774556849775 1.2616616796853644 0.3613301768048719 1520000.0
6.6488774556849775 1.2616616796853644 0.3613301768048719 1520000.0
6.6488774556849775 1.2616616796853644 0.3613301768048719 1520000.0
6.6488774556849775 1.2616616796853644 0.3613301768048719 1520000.0
6.6488774556849775 1.2616616796853644 0.3613301768048719 1520000.0
6.6488774556849775 1.2616616796853644 0.3613301768048719 1520000.0
6.6488774556849775 1.2616616796853644 0.3613301768048719 1520000.0
6.6488774556849775 1.2616616796853644 0.3613301768048719 1520000.0
6.6488774556849775 1.2616616796853644 0.3613301768048719 1520000.0
6.6488774556849775 1.2616616796853644 0.3613301768048719 1520000.0
6.6488774556849775 1.2616616796853644 0.3613301768048719 1520000.0
6.6488774556849775 1.2616616796853644 0.3613301768048719 1520000.0
6.6488774556849775 1.2616616796853644 0.3613301768048719 1520000.0
6.6488774556849775 1.2616616796853644 0.3613301768048719 1520000.0
6.6488774556849775 1.2616616796853644 0.3613301768048719 1520000.0
6.6488774556849775 1.2616616796853644 0.3613301768048719 1520000.0
6.6488774556849775 1.2616616796853644 0.3613301768048719 1520000.0
6.6488774556849775 1.2616616796853644 0.3613301768048719 1520000.0
6.6488774556849775 1.2616616796853644 0.3613301768048719 1520000.0
6.6488774556849775 1.2616616796853644 0.3613301768048719 1520000.0
6.6488774556849775 1.2616616796853644 0.3613301768048719 1520000.0
6.6488774556849775 1.2616616796853644 0.3613301768048719 1520000.0
6.6488774556849775 1.2616616796853644 0.3613301768048719 1520000.0
6.6488774556849775 1.2616616796853644 0.3613301768048719 1520000.0
6.6488774556849775 1.2616616796853644 0.3613301768048719 1520000.0
6.6488774556849775 1.2616616796853644 0.3613301768048719 1520000.0
6.6488774556849775 1.2616616796853644 0.3613301768048719 1520000.0
6.6488774556849775 1.2616616796853644 0.3613301768048719 1520000.0
6.6488774556849775 1.2616616796853644 0.3613301768048719 1520000.0
6.6488774556849775 1.2616616796853644 0.3613301768048719 1520000.0
6.6488774556849775 1.2616616796853644 0.3613301768048719 1520000.0
6.6488774556849775 1.2616616796853644 0.3613301768048719 1520000.0
6.6488774556849775 1.2616616796853644 0.3613301768048719 1520000.0
6.6488774556849775 1.2616616796853644 0.3613301768048719 1520000.0
6.6488774556849775 1.2616616796853644 0.3613301768048719 1520000.0
6.6488774556849775 1.2616616796853644 0.3613301768048719 1520000.0
6.6488774556849775 1.2616616796853644 0.3613301768048719 1520000.0
6.6488774556849775 1.2616616796853644 0.3613301768048719 1520000.0
6.6488774556849775 1.2616616796853644 0.3613301768048719 1520000.0
6.6488774556849775 1.2616616796853644 0.3613301768048719 1520000.0
6.6488774556849775 1.2616616796853644 0.3613301768048719 1520000.0
6.6488774556849775 1.2616616796853644 0.3613301768048719 1520000.0
6.6488774556849775 1.2616616796853644 0.3613301768048719 1520000.0
6.724325212384557 1.2828002366322186 0.34518095331872356 0.0 1,0,1 coil/filament1/filament2
6.709253610547449 1.2210382805826974 0.20789068146669396 1520000.0
6.635482913460939 1.1970721616241655 0.22747407732736766 1520000.0
6.635482913460939 1.1970721616241655 0.22747407732736766 1520000.0
6.635482913460939 1.1970721616241655 0.22747407732736766 1520000.0
6.635482913460939 1.1970721616241655 0.22747407732736766 1520000.0
6.635482913460939 1.1970721616241655 0.22747407732736766 1520000.0
6.635482913460939 1.1970721616241655 0.22747407732736766 1520000.0
6.635482913460939 1.1970721616241655 0.22747407732736766 1520000.0
6.635482913460939 1.1970721616241655 0.22747407732736766 1520000.0
6.635482913460939 1.1970721616241655 0.22747407732736766 1520000.0
6.635482913460939 1.1970721616241655 0.22747407732736766 1520000.0
6.635482913460939 1.1970721616241655 0.22747407732736766 1520000.0
6.635482913460939 1.1970721616241655 0.22747407732736766 1520000.0
6.635482913460939 1.1970721616241655 0.22747407732736766 1520000.0
6.635482913460939 1.1970721616241655 0.22747407732736766 1520000.0
6.635482913460939 1.1970721616241655 0.22747407732736766 1520000.0
6.635482913460939 1.1970721616241655 0.22747407732736766 1520000.0
6.635482913460939 1.1970721616241655 0.22747407732736766 1520000.0
6.635482913460939 1.1970721616241655 0.22747407732736766 1520000.0
6.635482913460939 1.1970721616241655 0.22747407732736766 1520000.0
6.635482913460939 1.1970721616241655 0.22747407732736766 1520000.0
6.635482913460939 1.1970721616241655 0.22747407732736766 1520000.0
6.635482913460939 1.1970721616241655 0.22747407732736766 1520000.0
6.635482913460939 1.1970721616241655 0.22747407732736766 1520000.0
6.635482913460939 1.1970721616241655 0.22747407732736766 1520000.0
6.635482913460939 1.1970721616241655 0.22747407732736766 1520000.0
6.635482913460939 1.1970721616241655 0.22747407732736766 1520000.0
6.635482913460939 1.1970721616241655 0.22747407732736766 1520000.0
6.635482913460939 1.1970721616241655 0.22747407732736766 1520000.0
6.635482913460939 1.1970721616241655 0.22747407732736766 1520000.0
6.635482913460939 1.1970721616241655 0.22747407732736766 1520000.0
6.635482913460939 1.1970721616241655 0.22747407732736766 1520000.0
6.635482913460939 1.1970721616241655 0.22747407732736766 1520000.0
6.635482913460939 1.1970721616241655 0.22747407732736766 1520000.0
6.635482913460939 1.1970721616241655 0.22747407732736766 1520000.0
6.635482913460939 1.1970721616241655 0.22747407732736766 1520000.0
6.635482913460939 1.1970721616241655 0.22747407732736766 1520000.0
6.635482913460939 1.1970721616241655 0.22747407732736766 1520000.0
6.635482913460939 1.1970721616241655 0.22747407732736766 1520000.0
6.635482913460939 1.1970721616241655 0.22747407732736766 1520000.0
6.635482913460939 1.1970721616241655 0.22747407732736766 1520000.0
6.635482913460939 1.1970721616241655 0.22747407732736766 1520000.0
6.635482913460939 1.1970721616241655 0.22747407732736766 1520000.0
6.635482913460939 1.1970721616241655 0.22747407732736766 1520000.0
6.635482913460939 1.1970721616241655 0.22747407732736766 1520000.0
6.635482913460939 1.1970721616241655 0.22747407732736766 1520000.0
6.635482913460939 1.1970721616241655 0.22747407732736766 1520000.0
6.635482913460939 1.1970721616241655 0.22747407732736766 1520000.0
6.635482913460939 1.1970721616241655 0.22747407732736766 1520000.0
6.635482913460939 1.1970721616241655 0.22747407732736766 1520000.0
6.635482913460939 1.1970721616241655 0.22747407732736766 1520000.0
6.635482913460939 1.1970721616241655 0.22747407732736766 1520000.0
6.635482913460939 1.1970721616241655 0.22747407732736766 1520000.0
6.635482913460939 1.1970721616241655 0.22747407732736766 1520000.0
6.635482913460939 1.1970721616241655 0.22747407732736766 1520000.0
6.635482913460939 1.1970721616241655 0.22747407732736766 1520000.0
6.635482913460939 1.1970721616241655 0.22747407732736766 1520000.0
6.635482913460939 1.1970721616241655 0.22747407732736766 1520000.0
6.635482913460939 1.1970721616241655 0.22747407732736766 1520000.0
6.635482913460939 1.1970721616241655 0.22747407732736766 1520000.0
6.635482913460939 1.1970721616241655 0.22747407732736766 1520000.0
6.635482913460939 1.1970721616241655 0.22747407732736766 1520000.0
6.635482913460939 1.1970721616241655 0.22747407732736766 1520000.0
6.635482913460939 1.1970721616241655 0.22747407732736766 1520000.0
6.709253610547449 1.2210382805826974 0.20789068146669396 0.0 1,1,0 coil/filament1/filament2
6.7440660480949 1.205754952907047 0.33655983615416285 1520000.0
6.66861829139532 1.1846163959601927 0.3527090596403112 1520000.0
6.66861829139532 1.1846163959601927 0.3527090596403112 1520000.0
6.66861829139532 1.1846163959601927 0.3527090596403112 1520000.0
6.66861829139532 1.1846163959601927 0.3527090596403112 1520000.0
6.66861829139532 1.1846163959601927 0.3527090596403112 1520000.0
6.66861829139532 1.1846163959601927 0.3527090596403112 1520000.0
6.66861829139532 1.1846163959601927 0.3527090596403112 1520000.0
6.66861829139532 1.1846163959601927 0.3527090596403112 1520000.0
6.66861829139532 1.1846163959601927 0.3527090596403112 1520000.0
6.66861829139532 1.1846163959601927 0.3527090596403112 1520000.0
6.66861829139532 1.1846163959601927 0.3527090596403112 1520000.0
6.66861829139532 1.1846163959601927 0.3527090596403112 1520000.0
6.66861829139532 1.1846163959601927 0.3527090596403112 1520000.0
6.66861829139532 1.1846163959601927 0.3527090596403112 1520000.0
6.66861829139532 1.1846163959601927 0.3527090596403112 1520000.0
6.66861829139532 1.1846163959601927 0.3527090596403112 1520000.0
6.66861829139532 1.1846163959601927 0.3527090596403112 1520000.0
6.66861829139532 1.1846163959601927 0.3527090596403112 1520000.0
6.66861829139532 1.1846163959601927 0.3527090596403112 1520000.0
6.66861829139532 1.1846163959601927 0.3527090596403112 1520000.0
6.66861829139532 1.1846163959601927 0.3527090596403112 1520000.0
6.66861829139532 1.1846163959601927 0.3527090596403112 1520000.0
6.66861829139532 1.1846163959601927 0.3527090596403112 1520000.0
6.66861829139532 1.1846163959601927 0.3527090596403112 1520000.0
6.66861829139532 1.1846163959601927 0.3527090596403112 1520000.0
6.66861829139532 1.1846163959601927 0.3527090596403112 1520000.0
6.66861829139532 1.1846163959601927 0.3527090596403112 1520000.0
6.66861829139532 1.1846163959601927 0.3527090596403112 1520000.0
6.66861829139532 1.1846163959601927 0.3527090596403112 1520000.0
6.66861829139532 1.1846163959601927 0.3527090596403112 1520000.0
6.66861829139532 1.1846163959601927 0.3527090596403112 1520000.0
6.66861829139532 1.1846163959601927 0.3527090596403112 1520000.0
6.66861829139532 1.1846163959601927 0.3527090596403112 1520000.0
6.66861829139532 1.1846163959601927 0.3527090596403112 1520000.0
6.66861829139532 1.1846163959601927 0.3527090596403112 1520000.0
6.66861829139532 1.1846163959601927 0.3527090596403112 1520000.0
6.66861829139532 1.1846163959601927 0.3527090596403112 1520000.0
6.66861829139532 1.1846163959601927 0.3527090596403112 1520000.0
6.66861829139532 1.1846163959601927 0.3527090596403112 1520000.0
6.66861829139532 1.1846163959601927 0.3527090596403112 1520000.0
6.66861829139532 1.1846163959601927 0.3527090596403112 1520000.0
6.66861829139532 1.1846163959601927 0.3527090596403112 1520000.0
6.66861829139532 1.1846163959601927 0.3527090596403112 1520000.0
6.66861829139532 1.1846163959601927 0.3527090596403112 1520000.0
6.66861829139532 1.1846163959601927 0.3527090596403112 1520000.0
6.66861829139532 1.1846163959601927 0.3527090596403112 1520000.0
6.66861829139532 1.1846163959601927 0.3527090596403112 1520000.0
6.66861829139532 1.1846163959601927 0.3527090596403112 1520000.0
6.66861829139532 1.1846163959601927 0.3527090596403112 1520000.0
6.66861829139532 1.1846163959601927 0.3527090596403112 1520000.0
6.66861829139532 1.1846163959601927 0.3527090596403112 1520000.0
6.66861829139532 1.1846163959601927 0.3527090596403112 1520000.0
6.66861829139532 1.1846163959601927 0.3527090596403112 1520000.0
6.66861829139532 1.1846163959601927 0.3527090596403112 1520000.0
6.66861829139532 1.1846163959601927 0.3527090596403112 1520000.0
6.66861829139532 1.1846163959601927 0.3527090596403112 1520000.0
6.66861829139532 1.1846163959601927 0.3527090596403112 1520000.0
6.66861829139532 1.1846163959601927 0.3527090596403112 1520000.0
6.66861829139532 1.1846163959601927 0.3527090596403112 1520000.0
6.66861829139532 1.1846163959601927 0.3527090596403112 1520000.0
6.66861829139532 1.1846163959601927 0.3527090596403112 1520000.0
6.66861829139532 1.1846163959601927 0.3527090596403112 1520000.0
6.66861829139532 1.1846163959601927 0.3527090596403112 1520000.0
6.7440660480949 1.205754952907047 0.33655983615416285 0.0 1,1,1 coil/filament1/filament2
6.225769870635537 2.2010412249378257 0.27015206989406754 1520000.0
6.161708032883576 2.155643265831063 0.254818894985322 1520000.0
6.161708032883576 2.155643265831063 0.254818894985322 1520000.0
6.161708032883576 2.155643265831063 0.254818894985322 1520000.0
6.161708032883576 2.155643265831063 0.254818894985322 1520000.0
6.161708032883576 2.155643265831063 0.254818894985322 1520000.0
6.161708032883576 2.155643265831063 0.254818894985322 1520000.0
6.161708032883576 2.155643265831063 0.254818894985322 1520000.0
6.161708032883576 2.155643265831063 0.254818894985322 1520000.0
6.161708032883576 2.155643265831063 0.254818894985322 1520000.0
6.161708032883576 2.155643265831063 0.254818894985322 1520000.0
6.161708032883576 2.155643265831063 0.254818894985322 1520000.0
6.161708032883576 2.155643265831063 0.254818894985322 1520000.0
6.161708032883576 2.155643265831063 0.254818894985322 1520000.0
6.161708032883576 2.155643265831063 0.254818894985322 1520000.0
6.161708032883576 2.155643265831063 0.254818894985322 1520000.0
6.161708032883576 2.155643265831063 0.254818894985322 1520000.0
6.161708032883576 2.155643265831063 0.254818894985322 1520000.0
6.161708032883576 2.155643265831063 0.254818894985322 1520000.0
6.161708032883576 2.155643265831063 0.254818894985322 1520000.0
6.161708032883576 2.155643265831063 0.254818894985322 1520000.0
6.161708032883576 2.155643265831063 0.254818894985322 1520000.0
6.161708032883576 2.155643265831063 0.254818894985322 1520000.0
6.161708032883576 2.155643265831063 0.254818894985322 1520000.0
6.161708032883576 2.155643265831063 0.254818894985322 1520000.0
6.161708032883576 2.155643265831063 0.254818894985322 1520000.0
6.161708032883576 2.155643265831063 0.254818894985322 1520000.0
6.161708032883576 2.155643265831063 0.254818894985322 1520000.0
6.161708032883576 2.155643265831063 0.254818894985322 1520000.0
6.161708032883576 2.155643265831063 0.254818894985322 1520000.0
6.161708032883576 2.155643265831063 0.254818894985322 1520000.0
6.161708032883576 2.155643265831063 0.254818894985322 1520000.0
6.161708032883576 2.155643265831063 0.254818894985322 1520000.0
6.161708032883576 2.155643265831063 0.254818894985322 1520000.0
6.161708032883576 2.155643265831063 0.254818894985322 1520000.0
6.161708032883576 2.155643265831063 0.254818894985322 1520000.0
6.161708032883576 2.155643265831063 0.254818894985322 1520000.0
6.161708032883576 2.155643265831063 0.254818894985322 1520000.0
6.161708032883576 2.155643265831063 0.254818894985322 1520000.0
6.161708032883576 2.155643265831063 0.254818894985322 1520000.0
6.161708032883576 2.155643265831063 0.254818894985322 1520000.0
6.161708032883576 2.155643265831063 0.254818894985322 1520000.0
6.161708032883576 2.155643265831063 0.254818894985322 1520000.0
6.161708032883576 2.155643265831063 0.254818894985322 1520000.0
6.161708032883576 2.155643265831063 0.254818894985322 1520000.0
6.161708032883576 2.155643265831063 0.254818894985322 1520000.0
6.161708032883576 2.155643265831063 0.254818894985322 1520000.0
6.161708032883576 2.155643265831063 0.254818894985322 1520000.0
6.161708032883576 2.155643265831063 0.254818894985322 1520000.0
6.161708032883576 2.155643265831063 0.254818894985322 1520000.0
6.161708032883576 2.155643265831063 0.254818894985322 1520000.0
6.161708032883576 2.155643265831063 0.254818894985322 1520000.0
6.161708032883576 2.155643265831063 0.254818894985322 1520000.0
6.161708032883576 2.155643265831063 0.254818894985322 1520000.0
6.161708032883576 2.155643265831063 0.254818894985322 1520000.0
6.161708032883576 2.155643265831063 0.254818894985322 1520000.0
6.161708032883576 2.155643265831063 0.254818894985322 1520000.0
6.161708032883576 2.155643265831063 0.254818894985322 1520000.0
6.161708032883576 2.155643265831063 0.254818894985322 1520000.0
6.161708032883576 2.155643265831063 0.254818894985322 1520000.0
6.161708032883576 2.155643265831063 0.254818894985322 1520000.0
6.161708032883576 2.155643265831063 0.254818894985322 1520000.0
6.161708032883576 2.155643265831063 0.254818894985322 1520000.0
6.161708032883576 2.155643265831063 0.254818894985322 1520000.0
6.225769870635537 2.2010412249378257 0.27015206989406754 0.0 2,0,0 coil/filament1/filament2
6.198220058694352 2.2028492629631136 0.36980935571100837 1520000.0
6.133724577935429 2.1605831342524224 0.3485042547845441 1520000.0
6.133724577935429 2.1605831342524224 0.3485042547845441 1520000.0
6.133724577935429 2.1605831342524224 0.3485042547845441 1520000.0
6.133724577935429 2.1605831342524224 0.3485042547845441 1520000.0
6.133724577935429 2.1605831342524224 0.3485042547845441 1520000.0
6.133724577935429 2.1605831342524224 0.3485042547845441 1520000.0
6.133724577935429 2.1605831342524224 0.3485042547845441 1520000.0
6.133724577935429 2.1605831342524224 0.3485042547845441 1520000.0
6.133724577935429 2.1605831342524224 0.3485042547845441 1520000.0
6.133724577935429 2.1605831342524224 0.3485042547845441 1520000.0
6.133724577935429 2.1605831342524224 0.3485042547845441 1520000.0
6.133724577935429 2.1605831342524224 0.3485042547845441 1520000.0
6.133724577935429 2.1605831342524224 0.3485042547845441 1520000.0
6.133724577935429 2.1605831342524224 0.3485042547845441 1520000.0
6.133724577935429 2.1605831342524224 0.3485042547845441 1520000.0
6.133724577935429 2.1605831342524224 0.3485042547845441 1520000.0
6.133724577935429 2.1605831342524224 0.3485042547845441 1520000.0
6.133724577935429 2.1605831342524224 0.3485042547845441 1520000.0
6.133724577935429 2.1605831342524224 0.3485042547845441 1520000.0
6.133724577935429 2.1605831342524224 0.3485042547845441 1520000.0
6.133724577935429 2.1605831342524224 0.3485042547845441 1520000.0
6.133724577935429 2.1605831342524224 0.3485042547845441 1520000.0
6.133724577935429 2.1605831342524224 0.3485042547845441 1520000.0
6.133724577935429 2.1605831342524224 0.3485042547845441 1520000.0
6.133724577935429 2.1605831342524224 0.3485042547845441 1520000.0
6.133724577935429 2.1605831342524224 0.3485042547845441 1520000.0
6.133724577935429 2.1605831342524224 0.3485042547845441 1520000.0
6.133724577935429 2.1605831342524224 0.3485042547845441 1520000.0
6.133724577935429 2.1605831342524224 0.3485042547845441 1520000.0
6.133724577935429 2.1605831342524224 0.3485042547845441 1520000.0
6.133724577935429 2.1605831342524224 0.3485042547845441 1520000.0
6.133724577935429 2.1605831342524224 0.3485042547845441 1520000.0
6.133724577935429 2.1605831342524224 0.3485042547845441 1520000.0
6.133724577935429 2.1605831342524224 0.3485042547845441 1520000.0
6.133724577935429 2.1605831342524224 0.3485042547845441 1520000.0
6.133724577935429 2.1605831342524224 0.3485042547845441 1520000.0
6.133724577935429 2.1605831342524224 0.3485042547845441 1520000.0
6.133724577935429 2.1605831342524224 0.3485042547845441 1520000.0
6.133724577935429 2.1605831342524224 0.3485042547845441 1520000.0
6.133724577935429 2.1605831342524224 0.3485042547845441 1520000.0
6.133724577935429 2.1605831342524224 0.3485042547845441 1520000.0
6.133724577935429 2.1605831342524224 0.3485042547845441 1520000.0
6.133724577935429 2.1605831342524224 0.3485042547845441 1520000.0
6.133724577935429 2.1605831342524224 0.3485042547845441 1520000.0
6.133724577935429 2.1605831342524224 0.3485042547845441 1520000.0
6.133724577935429 2.1605831342524224 0.3485042547845441 1520000.0
6.133724577935429 2.1605831342524224 0.3485042547845441 1520000.0
6.133724577935429 2.1605831342524224 0.3485042547845441 1520000.0
6.133724577935429 2.1605831342524224 0.3485042547845441 1520000.0
6.133724577935429 2.1605831342524224 0.3485042547845441 1520000.0
6.133724577935429 2.1605831342524224 0.3485042547845441 1520000.0
6.133724577935429 2.1605831342524224 0.3485042547845441 1520000.0
6.133724577935429 2.1605831342524224 0.3485042547845441 1520000.0
6.133724577935429 2.1605831342524224 0.3485042547845441 1520000.0
6.133724577935429 2.1605831342524224 0.3485042547845441 1520000.0
6.133724577935429 2.1605831342524224 0.3485042547845441 1520000.0
6.133724577935429 2.1605831342524224 0.3485042547845441 1520000.0
6.133724577935429 2.1605831342524224 0.3485042547845441 1520000.0
6.133724577935429 2.1605831342524224 0.3485042547845441 1520000.0
6.133724577935429 2.1605831342524224 0.3485042547845441 1520000.0
6.133724577935429 2.1605831342524224 0.3485042547845441 1520000.0
6.133724577935429 2.1605831342524224 0.3485042547845441 1520000.0
6.133724577935429 2.1605831342524224 0.3485042547845441 1520000.0
6.198220058694352 2.2028492629631136 0.36980935571100837 0.0 2,0,1 coil/filament1/filament2
6.266563212119262 2.135940931702002 0.2924647369511882 1520000.0
6.202501374367301 2.090542972595239 0.27713156204244266 1520000.0
6.202501374367301 2.090542972595239 0.27713156204244266 1520000.0
6.202501374367301 2.090542972595239 0.27713156204244266 1520000.0
6.202501374367301 2.090542972595239 0.27713156204244266 1520000.0
6.202501374367301 2.090542972595239 0.27713156204244266 1520000.0
6.202501374367301 2.090542972595239 0.27713156204244266 1520000.0
6.202501374367301 2.090542972595239 0.27713156204244266 1520000.0
6.202501374367301 2.090542972595239 0.27713156204244266 1520000.0
6.202501374367301 2.090542972595239 0.27713156204244266 1520000.0
6.202501374367301 2.090542972595239 0.27713156204244266 1520000.0
6.202501374367301 2.090542972595239 0.27713156204244266 1520000.0
6.202501374367301 2.090542972595239 0.27713156204244266 1520000.0
6.202501374367301 2.090542972595239 0.27713156204244266 1520000.0
6.202501374367301 2.090542972595239 0.27713156204244266 1520000.0
6.202501374367301 2.090542972595239 0.27713156204244266 1520000.0
6.202501374367301 2.090542972595239 0.27713156204244266 1520000.0
6.202501374367301 2.090542972595239 0.27713156204244266 1520000.0
6.202501374367301 2.090542972595239 0.27713156204244266 1520000.0
6.202501374367301 2.090542972595239 0.27713156204244266 1520000.0
6.202501374367301 2.090542972595239 0.27713156204244266 1520000.0
6.202501374367301 2.090542972595239 0.27713156204244266 1520000.0
6.202501374367301 2.090542972595239 0.27713156204244266 1520000.0
6.202501374367301 2.090542972595239 0.27713156204244266 1520000.0
6.202501374367301 2.090542972595239 0.27713156204244266 1520000.0
6.202501374367301 2.090542972595239 0.27713156204244266 1520000.0
6.202501374367301 2.090542972595239 0.27713156204244266 1520000.0
6.202501374367301 2.090542972595239 0.27713156204244266 1520000.0
6.202501374367301 2.090542972595239 0.27713156204244266 1520000.0
6.202501374367301 2.090542972595239 0.27713156204244266 1520000.0
6.202501374367301 2.090542972595239 0.27713156204244266 1520000.0
6.202501374367301 2.090542972595239 0.27713156204244266 1520000.0
6.202501374367301 2.090542972595239 0.27713156204244266 1520000.0
6.202501374367301 2.090542972595239 0.27713156204244266 1520000.0
6.202501374367301 2.090542972595239 0.27713156204244266 1520000.0
6.202501374367301 2.090542972595239 0.27713156204244266 1520000.0
6.202501374367301 2.090542972595239 0.27713156204244266 1520000.0
6.202501374367301 2.090542972595239 0.27713156204244266 1520000.0
6.202501374367301 2.090542972595239 0.27713156204244266 1520000.0
6.202501374367301 2.090542972595239 0.27713156204244266 1520000.0
6.202501374367301 2.090542972595239 0.27713156204244266 1520000.0
6.202501374367301 2.090542972595239 0.27713156204244266 1520000.0
6.202501374367301 2.090542972595239 0.27713156204244266 1520000.0
6.202501374367301 2.090542972595239 0.27713156204244266 1520000.0
6.202501374367301 2.090542972595239 0.27713156204244266 1520000.0
6.202501374367301 2.090542972595239 0.27713156204244266 1520000.0
6.202501374367301 2.090542972595239 0.27713156204244266 1520000.0
6.202501374367301 2.090542972595239 0.27713156204244266 1520000.0
6.202501374367301 2.090542972595239 0.27713156204244266 1520000.0
6.202501374367301 2.090542972595239 0.27713156204244266 1520000.0
6.202501374367301 2.090542972595239 0.27713156204244266 1520000.0
6.202501374367301 2.090542972595239 0.27713156204244266 1520000.0
6.202501374367301 2.090542972595239 0.27713156204244266 1520000.0
6.202501374367301 2.090542972595239 0.27713156204244266 1520000.0
6.202501374367301 2.090542972595239 0.27713156204244266 1520000.0
6.202501374367301 2.090542972595239 0.27713156204244266 1520000.0
6.202501374367301 2.090542972595239 0.27713156204244266 1520000.0
6.202501374367301 2.090542972595239 0.27713156204244266 1520000.0
6.202501374367301 2.090542972595239 0.27713156204244266 1520000.0
6.202501374367301 2.090542972595239 0.27713156204244266 1520000.0
6.202501374367301 2.090542972595239 0.27713156204244266 1520000.0
6.202501374367301 2.090542972595239 0.27713156204244266 1520000.0
6.202501374367301 2.090542972595239 0.27713156204244266 1520000.0
6.202501374367301 2.090542972595239 0.27713156204244266 1520000.0
6.266563212119262 2.135940931702002 0.2924647369511882 0.0 2,1,0 coil/filament1/filament2
6.240658382169095 2.135265480952267 0.3754148092843919 1520000.0
6.176162901410173 2.0929993522415757 0.35410970835792765 1520000.0
6.176162901410173 2.0929993522415757 0.35410970835792765 1520000.0
6.176162901410173 2.0929993522415757 0.35410970835792765 1520000.0
6.176162901410173 2.0929993522415757 0.35410970835792765 1520000.0
6.176162901410173 2.0929993522415757 0.35410970835792765 1520000.0
6.176162901410173 2.0929993522415757 0.35410970835792765 1520000.0
6.176162901410173 2.0929993522415757 0.35410970835792765 1520000.0
6.176162901410173 2.0929993522415757 0.35410970835792765 1520000.0
6.176162901410173 2.0929993522415757 0.35410970835792765 1520000.0
6.176162901410173 2.0929993522415757 0.35410970835792765 1520000.0
6.176162901410173 2.0929993522415757 0.35410970835792765 1520000.0
6.176162901410173 2.0929993522415757 0.35410970835792765 1520000.0
6.176162901410173 2.0929993522415757 0.35410970835792765 1520000.0
6.176162901410173 2.0929993522415757 0.35410970835792765 1520000.0
6.176162901410173 2.0929993522415757 0.35410970835792765 1520000.0
6.176162901410173 2.0929993522415757 0.35410970835792765 1520000.0
6.176162901410173 2.0929993522415757 0.35410970835792765 1520000.0
6.176162901410173 2.0929993522415757 0.35410970835792765 1520000.0
6.176162901410173 2.0929993522415757 0.35410970835792765 1520000.0
6.176162901410173 2.0929993522415757 0.35410970835792765 1520000.0
6.176162901410173 2.0929993522415757 0.35410970835792765 1520000.0
6.176162901410173 2.0929993522415757 0.35410970835792765 1520000.0
6.176162901410173 2.0929993522415757 0.35410970835792765 1520000.0
6.176162901410173 2.0929993522415757 0.35410970835792765 1520000.0
6.176162901410173 2.0929993522415757 0.35410970835792765 1520000.0
6.176162901410173 2.0929993522415757 0.35410970835792765 1520000.0
6.176162901410173 2.0929993522415757 0.35410970835792765 1520000.0
6.176162901410173 2.0929993522415757 0.35410970835792765 1520000.0
6.176162901410173 2.0929993522415757 0.35410970835792765 1520000.0
6.176162901410173 2.0929993522415757 0.35410970835792765 1520000.0
6.176162901410173 2.0929993522415757 0.35410970835792765 1520000.0
6.176162901410173 2.0929993522415757 0.35410970835792765 1520000.0
6.176162901410173 2.0929993522415757 0.35410970835792765 1520000.0
6.176162901410173 2.0929993522415757 0.35410970835792765 1520000.0
6.176162901410173 2.0929993522415757 0.35410970835792765 1520000.0
6.176162901410173 2.0929993522415757 0.35410970835792765 1520000.0
6.176162901410173 2.0929993522415757 0.35410970835792765 1520000.0
6.176162901410173 2.0929993522415757 0.35410970835792765 1520000.0
6.176162901410173 2.0929993522415757 0.35410970835792765 1520000.0
6.176162901410173 2.0929993522415757 0.35410970835792765 1520000.0
6.176162901410173 2.0929993522415757 0.35410970835792765 1520000.0
6.176162901410173 2.0929993522415757 0.35410970835792765 1520000.0
6.176162901410173 2.0929993522415757 0.35410970835792765 1520000.0
6.176162901410173 2.0929993522415757 0.35410970835792765 1520000.0
6.176162901410173 2.0929993522415757 0.35410970835792765 1520000.0
6.176162901410173 2.0929993522415757 0.35410970835792765 1520000.0
6.176162901410173 2.0929993522415757 0.35410970835792765 1520000.0
6.176162901410173 2.0929993522415757 0.35410970835792765 1520000.0
6.176162901410173 2.0929993522415757 0.35410970835792765 1520000.0
6.176162901410173 2.0929993522415757 0.35410970835792765 1520000.0
6.176162901410173 2.0929993522415757 0.35410970835792765 1520000.0
6.176162901410173 2.0929993522415757 0.35410970835792765 1520000.0
6.176162901410173 2.0929993522415757 0.35410970835792765 1520000.0
6.176162901410173 2.0929993522415757 0.35410970835792765 1520000.0
6.176162901410173 2.0929993522415757 0.35410970835792765 1520000.0
6.176162901410173 2.0929993522415757 0.35410970835792765 1520000.0
6.176162901410173 2.0929993522415757 0.35410970835792765 1520000.0
6.176162901410173 2.0929993522415757 0.35410970835792765 1520000.0
6.176162901410173 2.0929993522415757 0.35410970835792765 1520000.0
6.176162901410173 2.0929993522415757 0.35410970835792765 1520000.0
6.176162901410173 2.0929993522415757 0.35410970835792765 1520000.0
6.176162901410173 2.0929993522415757 0.35410970835792765 1520000.0
6.176162901410173 2.0929993522415757 0.35410970835792765 1520000.0
6.240658382169095 2.135265480952267 0.3754148092843919 0.0 2,1,1 coil/filament1/filament2
5.964970506590082 2.674274858787071 0.19357454243630304 1520000.0
5.901402210148146 2.6340058729070006 0.16641795090384395 1520000.0
5.901402210148146 2.6340058729070006 0.16641795090384395 1520000.0
5.901402210148146 2.6340058729070006 0.16641795090384395 1520000.0
5.901402210148146 2.6340058729070006 0.16641795090384395 1520000.0
5.901402210148146 2.6340058729070006 0.16641795090384395 1520000.0
5.901402210148146 2.6340058729070006 0.16641795090384395 1520000.0
5.901402210148146 2.6340058729070006 0.16641795090384395 1520000.0
5.901402210148146 2.6340058729070006 0.16641795090384395 1520000.0
5.901402210148146 2.6340058729070006 0.16641795090384395 1520000.0
5.901402210148146 2.6340058729070006 0.16641795090384395 1520000.0
5.901402210148146 2.6340058729070006 0.16641795090384395 1520000.0
5.901402210148146 2.6340058729070006 0.16641795090384395 1520000.0
5.901402210148146 2.6340058729070006 0.16641795090384395 1520000.0
5.901402210148146 2.6340058729070006 0.16641795090384395 1520000.0
5.901402210148146 2.6340058729070006 0.16641795090384395 1520000.0
5.901402210148146 2.6340058729070006 0.16641795090384395 1520000.0
5.901402210148146 2.6340058729070006 0.16641795090384395 1520000.0
5.901402210148146 2.6340058729070006 0.16641795090384395 1520000.0
5.901402210148146 2.6340058729070006 0.16641795090384395 1520000.0
5.901402210148146 2.6340058729070006 0.16641795090384395 1520000.0
5.901402210148146 2.6340058729070006 0.16641795090384395 1520000.0
5.901402210148146 2.6340058729070006 0.16641795090384395 1520000.0
5.901402210148146 2.6340058729070006 0.16641795090384395 1520000.0
5.901402210148146 2.6340058729070006 0.16641795090384395 1520000.0
5.901402210148146 2.6340058729070006 0.16641795090384395 1520000.0
5.901402210148146 2.6340058729070006 0.16641795090384395 1520000.0
5.901402210148146 2.6340058729070006 0.16641795090384395 1520000.0
5.901402210148146 2.6340058729070006 0.16641795090384395 1520000.0
5.901402210148146 2.6340058729070006 0.16641795090384395 1520000.0
5.901402210148146 2.6340058729070006 0.16641795090384395 1520000.0
5.901402210148146 2.6340058729070006 0.16641795090384395 1520000.0
5.901402210148146 2.6340058729070006 0.16641795090384395 1520000.0
5.901402210148146 2.6340058729070006 0.16641795090384395 1520000.0
5.901402210148146 2.6340058729070006 0.16641795090384395 1520000.0
5.901402210148146 2.6340058729070006 0.16641795090384395 1520000.0
5.901402210148146 2.6340058729070006 0.16641795090384395 1520000.0
5.901402210148146 2.6340058729070006 0.16641795090384395 1520000.0
5.901402210148146 2.6340058729070006 0.16641795090384395 1520000.0
5.901402210148146 2.6340058729070006 0.16641795090384395 1520000.0
5.901402210148146 2.6340058729070006 0.16641795090384395 1520000.0
5.901402210148146 2.6340058729070006 0.16641795090384395 1520000.0
5.901402210148146 2.6340058729070006 0.16641795090384395 1520000.0
5.901402210148146 2.6340058729070006 0.16641795090384395 1520000.0
5.901402210148146 2.6340058729070006 0.16641795090384395 1520000.0
5.901402210148146 2.6340058729070006 0.16641795090384395 1520000.0
5.901402210148146 2.6340058729070006 0.16641795090384395 1520000.0
5.901402210148146 2.6340058729070006 0.16641795090384395 1520000.0
5.901402210148146 2.6340058729070006 0.16641795090384395 1520000.0
5.901402210148146 2.6340058729070006 0.16641795090384395 1520000.0
5.901402210148146 2.6340058729070006 0.16641795090384395 1520000.0
5.901402210148146 2.6340058729070006 0.16641795090384395 1520000.0
5.901402210148146 2.6340058729070006 0.16641795090384395 1520000.0
5.901402210148146 2.6340058729070006 0.16641795090384395 1520000.0
5.901402210148146 2.6340058729070006 0.16641795090384395 1520000.0
5.901402210148146 2.6340058729070006 0.16641795090384395 1520000.0
5.901402210148146 2.6340058729070006 0.16641795090384395 1520000.0
5.901402210148146 2.6340058729070006 0.16641795090384395 1520000.0
5.901402210148146 2.6340058729070006 0.16641795090384395 1520000.0
5.901402210148146 2.6340058729070006 0.16641795090384395 1520000.0
5.901402210148146 2.6340058729070006 0.16641795090384395 1520000.0
5.901402210148146 2.6340058729070006 0.16641795090384395 1520000.0
5.901402210148146 2.6340058729070006 0.16641795090384395 1520000.0
5.901402210148146 2.6340058729070006 0.16641795090384395 1520000.0
5.964970506590082 2.674274858787071 0.19357454243630304 0.0 3,0,0 coil/filament1/filament2
5.885878574859021 2.704819657596419 0.30981665630526184 1520000.0
5.827017424957788 2.660010948044518 0.27936103973626336 1520000.0
5.827017424957788 2.660010948044518 0.27936103973626336 1520000.0
5.827017424957788 2.660010948044518 0.27936103973626336 1520000.0
5.827017424957788 2.660010948044518 0.27936103973626336 1520000.0
5.827017424957788 2.660010948044518 0.27936103973626336 1520000.0
5.827017424957788 2.660010948044518 0.27936103973626336 1520000.0
5.827017424957788 2.660010948044518 0.27936103973626336 1520000.0
5.827017424957788 2.660010948044518 0.27936103973626336 1520000.0
5.827017424957788 2.660010948044518 0.27936103973626336 1520000.0
5.827017424957788 2.660010948044518 0.27936103973626336 1520000.0
5.827017424957788 2.660010948044518 0.27936103973626336 1520000.0
5.827017424957788 2.660010948044518 0.27936103973626336 1520000.0
5.827017424957788 2.660010948044518 0.27936103973626336 1520000.0
5.827017424957788 2.660010948044518 0.27936103973626336 1520000.0
5.827017424957788 2.660010948044518 0.27936103973626336 1520000.0
5.827017424957788 2.660010948044518 0.27936103973626336 1520000.0
5.827017424957788 2.660010948044518 0.27936103973626336 1520000.0
5.827017424957788 2.660010948044518 0.27936103973626336 1520000.0
5.827017424957788 2.660010948044518 0.27936103973626336 1520000.0
5.827017424957788 2.660010948044518 0.27936103973626336 1520000.0
5.827017424957788 2.660010948044518 0.27936103973626336 1520000.0
5.827017424957788 2.660010948044518 0.27936103973626336 1520000.0
5.827017424957788 2.660010948044518 0.27936103973626336 1520000.0
5.827017424957788 2.660010948044518 0.27936103973626336 1520000.0
5.827017424957788 2.660010948044518 0.27936103973626336 1520000.0
5.827017424957788 2.660010948044518 0.27936103973626336 1520000.0
5.827017424957788 2.660010948044518 0.27936103973626336 1520000.0
5.827017424957788 2.660010948044518 0.27936103973626336 1520000.0
5.827017424957788 2.660010948044518 0.27936103973626336 1520000.0
5.827017424957788 2.660010948044518 0.27936103973626336 1520000.0
5.827017424957788 2.660010948044518 0.27936103973626336 1520000.0
5.827017424957788 2.660010948044518 0.27936103973626336 1520000.0
5.827017424957788 2.660010948044518 0.27936103973626336 1520000.0
5.827017424957788 2.660010948044518 0.27936103973626336 1520000.0
5.827017424957788 2.660010948044518 0.27936103973626336 1520000.0
5.827017424957788 2.660010948044518 0.27936103973626336 1520000.0
5.827017424957788 2.660010948044518 0.27936103973626336 1520000.0
5.827017424957788 2.660010948044518 0.27936103973626336 1520000.0
5.827017424957788 2.660010948044518 0.27936103973626336 1520000.0
5.827017424957788 2.660010948044518 0.27936103973626336 1520000.0
5.827017424957788 2.660010948044518 0.27936103973626336 1520000.0
5.827017424957788 2.660010948044518 0.27936103973626336 1520000.0
5.827017424957788 2.660010948044518 0.27936103973626336 1520000.0
5.827017424957788 2.660010948044518 0.27936103973626336 1520000.0
5.827017424957788 2.660010948044518 0.27936103973626336 1520000.0
5.827017424957788 2.660010948044518 0.27936103973626336 1520000.0
5.827017424957788 2.660010948044518 0.27936103973626336 1520000.0
5.827017424957788 2.660010948044518 0.27936103973626336 1520000.0
5.827017424957788 2.660010948044518 0.27936103973626336 1520000.0
5.827017424957788 2.660010948044518 0.27936103973626336 1520000.0
5.827017424957788 2.660010948044518 0.27936103973626336 1520000.0
5.827017424957788 2.660010948044518 0.27936103973626336 1520000.0
5.827017424957788 2.660010948044518 0.27936103973626336 1520000.0
5.827017424957788 2.660010948044518 0.27936103973626336 1520000.0
5.827017424957788 2.660010948044518 0.27936103973626336 1520000.0
5.827017424957788 2.660010948044518 0.27936103973626336 1520000.0
5.827017424957788 2.660010948044518 0.27936103973626336 1520000.0
5.827017424957788 2.660010948044518 0.27936103973626336 1520000.0
5.827017424957788 2.660010948044518 0.27936103973626336 1520000.0
5.827017424957788 2.660010948044518 0.27936103973626336 1520000.0
5.827017424957788 2.660010948044518 0.27936103973626336 1520000.0
5.827017424957788 2.660010948044518 0.27936103973626336 1520000.0
5.827017424957788 2.660010948044518 0.27936103973626336 1520000.0
5.885878574859021 2.704819657596419 0.30981665630526184 0.0 3,0,1 coil/filament1/filament2
5.9947081156537445 2.6066408108945383 0.22425532099303755 1520000.0
5.9311398192118086 2.566371825014468 0.19709872946057846 1520000.0
5.9311398192118086 2.566371825014468 0.19709872946057846 1520000.0
5.9311398192118086 2.566371825014468 0.19709872946057846 1520000.0
5.9311398192118086 2.566371825014468 0.19709872946057846 1520000.0
5.9311398192118086 2.566371825014468 0.19709872946057846 1520000.0
5.9311398192118086 2.566371825014468 0.19709872946057846 1520000.0
5.9311398192118086 2.566371825014468 0.19709872946057846 1520000.0
5.9311398192118086 2.566371825014468 0.19709872946057846 1520000.0
5.9311398192118086 2.566371825014468 0.19709872946057846 1520000.0
5.9311398192118086 2.566371825014468 0.19709872946057846 1520000.0
5.9311398192118086 2.566371825014468 0.19709872946057846 1520000.0
5.9311398192118086 2.566371825014468 0.19709872946057846 1520000.0
5.9311398192118086 2.566371825014468 0.19709872946057846 1520000.0
5.9311398192118086 2.566371825014468 0.19709872946057846 1520000.0
5.9311398192118086 2.566371825014468 0.19709872946057846 1520000.0
5.9311398192118086 2.566371825014468 0.19709872946057846 1520000.0
5.9311398192118086 2.566371825014468 0.19709872946057846 1520000.0
5.9311398192118086 2.566371825014468 0.19709872946057846 1520000.0
5.9311398192118086 2.566371825014468 0.19709872946057846 1520000.0
5.9311398192118086 2.566371825014468 0.19709872946057846 1520000.0
5.9311398192118086 2.566371825014468 0.19709872946057846 1520000.0
5.9311398192118086 2.566371825014468 0.19709872946057846 1520000.0
5.9311398192118086 2.566371825014468 0.19709872946057846 1520000.0
5.9311398192118086 2.566371825014468 0.19709872946057846 1520000.0
5.9311398192118086 2.566371825014468 0.19709872946057846 1520000.0
5.9311398192118086 2.566371825014468 0.19709872946057846 1520000.0
5.9311398192118086 2.566371825014468 0.19709872946057846 1520000.0
5.9311398192118086 2.566371825014468 0.19709872946057846 1520000.0
5.9311398192118086 2.566371825014468 0.19709872946057846 1520000.0
5.9311398192118086 2.566371825014468 0.19709872946057846 1520000.0
5.9311398192118086 2.566371825014468 0.19709872946057846 1520000.0
5.9311398192118086 2.566371825014468 0.19709872946057846 1520000.0
5.9311398192118086 2.566371825014468 0.19709872946057846 1520000.0
5.9311398192118086 2.566371825014468 0.19709872946057846 1520000.0
5.9311398192118086 2.566371825014468 0.19709872946057846 1520000.0
5.9311398192118086 2.566371825014468 0.19709872946057846 1520000.0
5.9311398192118086 2.566371825014468 0.19709872946057846 1520000.0
5.9311398192118086 2.566371825014468 0.19709872946057846 1520000.0
5.9311398192118086 2.566371825014468 0.19709872946057846 1520000.0
5.9311398192118086 2.566371825014468 0.19709872946057846 1520000.0
5.9311398192118086 2.566371825014468 0.19709872946057846 1520000.0
5.9311398192118086 2.566371825014468 0.19709872946057846 1520000.0
5.9311398192118086 2.566371825014468 0.19709872946057846 1520000.0
5.9311398192118086 2.566371825014468 0.19709872946057846 1520000.0
5.9311398192118086 2.566371825014468 0.19709872946057846 1520000.0
5.9311398192118086 2.566371825014468 0.19709872946057846 1520000.0
5.9311398192118086 2.566371825014468 0.19709872946057846 1520000.0
5.9311398192118086 2.566371825014468 0.19709872946057846 1520000.0
5.9311398192118086 2.566371825014468 0.19709872946057846 1520000.0
5.9311398192118086 2.566371825014468 0.19709872946057846 1520000.0
5.9311398192118086 2.566371825014468 0.19709872946057846 1520000.0
5.9311398192118086 2.566371825014468 0.19709872946057846 1520000.0
5.9311398192118086 2.566371825014468 0.19709872946057846 1520000.0
5.9311398192118086 2.566371825014468 0.19709872946057846 1520000.0
5.9311398192118086 2.566371825014468 0.19709872946057846 1520000.0
5.9311398192118086 2.566371825014468 0.19709872946057846 1520000.0
5.9311398192118086 2.566371825014468 0.19709872946057846 1520000.0
5.9311398192118086 2.566371825014468 0.19709872946057846 1520000.0
5.9311398192118086 2.566371825014468 0.19709872946057846 1520000.0
5.9311398192118086 2.566371825014468 0.19709872946057846 1520000.0
5.9311398192118086 2.566371825014468 0.19709872946057846 1520000.0
5.9311398192118086 2.566371825014468 0.19709872946057846 1520000.0
5.9311398192118086 2.566371825014468 0.19709872946057846 1520000.0
5.9947081156537445 2.6066408108945383 0.22425532099303755 0.0 3,1,0 coil/filament1/filament2
5.913923709665353 2.6411438528248707 0.34929908657988307 1520000.0
5.85506255976412 2.5963351432729698 0.3188434700108846 1520000.0
5.85506255976412 2.5963351432729698 0.3188434700108846 1520000.0
5.85506255976412 2.5963351432729698 0.3188434700108846 1520000.0
5.85506255976412 2.5963351432729698 0.3188434700108846 1520000.0
5.85506255976412 2.5963351432729698 0.3188434700108846 1520000.0
5.85506255976412 2.5963351432729698 0.3188434700108846 1520000.0
5.85506255976412 2.5963351432729698 0.3188434700108846 1520000.0
5.85506255976412 2.5963351432729698 0.3188434700108846 1520000.0
5.85506255976412 2.5963351432729698 0.3188434700108846 1520000.0
5.85506255976412 2.5963351432729698 0.3188434700108846 1520000.0
5.85506255976412 2.5963351432729698 0.3188434700108846 1520000.0
5.85506255976412 2.5963351432729698 0.3188434700108846 1520000.0
5.85506255976412 2.5963351432729698 0.3188434700108846 1520000.0
5.85506255976412 2.5963351432729698 0.3188434700108846 1520000.0
5.85506255976412 2.5963351432729698 0.3188434700108846 1520000.0
5.85506255976412 2.5963351432729698 0.3188434700108846 1520000.0
5.85506255976412 2.5963351432729698 0.3188434700108846 1520000.0
5.85506255976412 2.5963351432729698 0.3188434700108846 1520000.0
5.85506255976412 2.5963351432729698 0.3188434700108846 1520000.0
5.85506255976412 2.5963351432729698 0.3188434700108846 1520000.0
5.85506255976412 2.5963351432729698 0.3188434700108846 1520000.0
5.85506255976412 2.5963351432729698 0.3188434700108846 1520000.0
5.85506255976412 2.5963351432729698 0.3188434700108846 1520000.0
5.85506255976412 2.5963351432729698 0.3188434700108846 1520000.0
5.85506255976412 2.5963351432729698 0.3188434700108846 1520000.0
5.85506255976412 2.5963351432729698 0.3188434700108846 1520000.0
5.85506255976412 2.5963351432729698 0.3188434700108846 1520000.0
5.85506255976412 2.5963351432729698 0.3188434700108846 1520000.0
5.85506255976412 2.5963351432729698 0.3188434700108846 1520000.0
5.85506255976412 2.5963351432729698 0.3188434700108846 1520000.0
5.85506255976412 2.5963351432729698 0.3188434700108846 1520000.0
5.85506255976412 2.5963351432729698 0.3188434700108846 1520000.0
5.85506255976412 2.5963351432729698 0.3188434700108846 1520000.0
5.85506255976412 2.5963351432729698 0.3188434700108846 1520000.0
5.85506255976412 2.5963351432729698 0.3188434700108846 1520000.0
5.85506255976412 2.5963351432729698 0.3188434700108846 1520000.0
5.85506255976412 2.5963351432729698 0.3188434700108846 1520000.0
5.85506255976412 2.5963351432729698 0.3188434700108846 1520000.0
5.85506255976412 2.5963351432729698 0.3188434700108846 1520000.0
5.85506255976412 2.5963351432729698 0.3188434700108846 1520000.0
5.85506255976412 2.5963351432729698 0.3188434700108846 1520000.0
5.85506255976412 2.5963351432729698 0.3188434700108846 1520000.0
5.85506255976412 2.5963351432729698 0.3188434700108846 1520000.0
5.85506255976412 2.5963351432729698 0.3188434700108846 1520000.0
5.85506255976412 2.5963351432729698 0.3188434700108846 1520000.0
5.85506255976412 2.5963351432729698 0.3188434700108846 1520000.0
5.85506255976412 2.5963351432729698 0.3188434700108846 1520000.0
5.85506255976412 2.5963351432729698 0.3188434700108846 1520000.0
5.85506255976412 2.5963351432729698 0.3188434700108846 1520000.0
5.85506255976412 2.5963351432729698 0.3188434700108846 1520000.0
5.85506255976412 2.5963351432729698 0.3188434700108846 1520000.0
5.85506255976412 2.5963351432729698 0.3188434700108846 1520000.0
5.85506255976412 2.5963351432729698 0.3188434700108846 1520000.0
5.85506255976412 2.5963351432729698 0.3188434700108846 1520000.0
5.85506255976412 2.5963351432729698 0.3188434700108846 1520000.0
5.85506255976412 2.5963351432729698 0.3188434700108846 1520000.0
5.85506255976412 2.5963351432729698 0.3188434700108846 1520000.0
5.85506255976412 2.5963351432729698 0.3188434700108846 1520000.0
5.85506255976412 2.5963351432729698 0.3188434700108846 1520000.0
5.85506255976412 2.5963351432729698 0.3188434700108846 1520000.0
5.85506255976412 2.5963351432729698 0.3188434700108846 1520000.0
5.85506255976412 2.5963351432729698 0.3188434700108846 1520000.0
5.85506255976412 2.5963351432729698 0.3188434700108846 1520000.0
5.913923709665353 2.6411438528248707 0.34929908657988307 0.0 3,1,1 coil/filament1/filament2
5.624700744865605 3.3672789622649537 0.09829977284718536 1520000.0
5.5503867024593365 3.338164128074689 0.09284545975452003 1520000.0
5.5503867024593365 3.338164128074689 0.09284545975452003 1520000.0
5.5503867024593365 3.338164128074689 0.09284545975452003 1520000.0
5.5503867024593365 3.338164128074689 0.09284545975452003 1520000.0
5.5503867024593365 3.338164128074689 0.09284545975452003 1520000.0
5.5503867024593365 3.338164128074689 0.09284545975452003 1520000.0
5.5503867024593365 3.338164128074689 0.09284545975452003 1520000.0
5.5503867024593365 3.338164128074689 0.09284545975452003 1520000.0
5.5503867024593365 3.338164128074689 0.09284545975452003 1520000.0
5.5503867024593365 3.338164128074689 0.09284545975452003 1520000.0
5.5503867024593365 3.338164128074689 0.09284545975452003 1520000.0
5.5503867024593365 3.338164128074689 0.09284545975452003 1520000.0
5.5503867024593365 3.338164128074689 0.09284545975452003 1520000.0
5.5503867024593365 3.338164128074689 0.09284545975452003 1520000.0
5.5503867024593365 3.338164128074689 0.09284545975452003 1520000.0
5.5503867024593365 3.338164128074689 0.09284545975452003 1520000.0
5.5503867024593365 3.338164128074689 0.09284545975452003 1520000.0
5.5503867024593365 3.338164128074689 0.09284545975452003 1520000.0
5.5503867024593365 3.338164128074689 0.09284545975452003 1520000.0
5.5503867024593365 3.338164128074689 0.09284545975452003 1520000.0
5.5503867024593365 3.338164128074689 0.09284545975452003 1520000.0
5.5503867024593365 3.338164128074689 0.09284545975452003 1520000.0
5.5503867024593365 3.338164128074689 0.09284545975452003 1520000.0
5.5503867024593365 3.338164128074689 0.09284545975452003 1520000.0
5.5503867024593365 3.338164128074689 0.09284545975452003 1520000.0
5.5503867024593365 3.338164128074689 0.09284545975452003 1520000.0
5.5503867024593365 3.338164128074689 0.09284545975452003 1520000.0
5.5503867024593365 3.338164128074689 0.09284545975452003 1520000.0
5.5503867024593365 3.338164128074689 0.09284545975452003 1520000.0
5.5503867024593365 3.338164128074689 0.09284545975452003 1520000.0
5.5503867024593365 3.338164128074689 0.09284545975452003 1520000.0
5.5503867024593365 3.338164128074689 0.09284545975452003 1520000.0
5.5503867024593365 3.338164128074689 0.09284545975452003 1520000.0
5.5503867024593365 3.338164128074689 0.09284545975452003 1520000.0
5.5503867024593365 3.338164128074689 0.09284545975452003 1520000.0
5.5503867024593365 3.338164128074689 0.09284545975452003 1520000.0
5.5503867024593365 3.338164128074689 0.09284545975452003 1520000.0
5.5503867024593365 3.338164128074689 0.09284545975452003 1520000.0
5.5503867024593365 3.338164128074689 0.09284545975452003 1520000.0
5.5503867024593365 3.338164128074689 0.09284545975452003 1520000.0
5.5503867024593365 3.338164128074689 0.09284545975452003 1520000.0
5.5503867024593365 3.338164128074689 0.09284545975452003 1520000.0
5.5503867024593365 3.338164128074689 0.09284545975452003 1520000.0
5.5503867024593365 3.338164128074689 0.09284545975452003 1520000.0
5.5503867024593365 3.338164128074689 0.09284545975452003 1520000.0
5.5503867024593365 3.338164128074689 0.09284545975452003 1520000.0
5.5503867024593365 3.338164128074689 0.09284545975452003 1520000.0
5.5503867024593365 3.338164128074689 0.09284545975452003 1520000.0
5.5503867024593365 3.338164128074689 0.09284545975452003 1520000.0
5.5503867024593365 3.338164128074689 0.09284545975452003 1520000.0
5.5503867024593365 3.338164128074689 0.09284545975452003 1520000.0
5.5503867024593365 3.338164128074689 0.09284545975452003 1520000.0
5.5503867024593365 3.338164128074689 0.09284545975452003 1520000.0
5.5503867024593365 3.338164128074689 0.09284545975452003 1520000.0
5.5503867024593365 3.338164128074689 0.09284545975452003 1520000.0
5.5503867024593365 3.338164128074689 0.09284545975452003 1520000.0
5.5503867024593365 3.338164128074689 0.09284545975452003 1520000.0
5.5503867024593365 3.338164128074689 0.09284545975452003 1520000.0
5.5503867024593365 3.338164128074689 0.09284545975452003 1520000.0
5.5503867024593365 3.338164128074689 0.09284545975452003 1520000.0
5.5503867024593365 3.338164128074689 0.09284545975452003 1520000.0
5.5503867024593365 3.338164128074689 0.09284545975452003 1520000.0
5.5503867024593365 3.338164128074689 0.09284545975452003 1520000.0
5.624700744865605 3.3672789622649537 0.09829977284718536 0.0 4,0,0 coil/filament1/filament2
5.62790028228664 3.2841809817650267 0.2203612477516054 1520000.0
5.55387778633219 3.264480789700708 0.1972837148396469 1520000.0
5.55387778633219 3.264480789700708 0.1972837148396469 1520000.0
5.55387778633219 3.264480789700708 0.1972837148396469 1520000.0
5.55387778633219 3.264480789700708 0.1972837148396469 1520000.0
5.55387778633219 3.264480789700708 0.1972837148396469 1520000.0
5.55387778633219 3.264480789700708 0.1972837148396469 1520000.0
5.55387778633219 3.264480789700708 0.1972837148396469 1520000.0
5.55387778633219 3.264480789700708 0.1972837148396469 1520000.0
5.55387778633219 3.264480789700708 0.1972837148396469 1520000.0
5.55387778633219 3.264480789700708 0.1972837148396469 1520000.0
5.55387778633219 3.264480789700708 0.1972837148396469 1520000.0
5.55387778633219 3.264480789700708 0.1972837148396469 1520000.0
5.55387778633219 3.264480789700708 0.1972837148396469 1520000.0
5.55387778633219 3.264480789700708 0.1972837148396469 1520000.0
5.55387778633219 3.264480789700708 0.1972837148396469 1520000.0
5.55387778633219 3.264480789700708 0.1972837148396469 1520000.0
5.55387778633219 3.264480789700708 0.1972837148396469 1520000.0
5.55387778633219 3.264480789700708 0.1972837148396469 1520000.0
5.55387778633219 3.264480789700708 0.1972837148396469 1520000.0
5.55387778633219 3.264480789700708 0.1972837148396469 1520000.0
5.55387778633219 3.264480789700708 0.1972837148396469 1520000.0
5.55387778633219 3.264480789700708 0.1972837148396469 1520000.0
5.55387778633219 3.264480789700708 0.1972837148396469 1520000.0
5.55387778633219 3.264480789700708 0.1972837148396469 1520000.0
5.55387778633219 3.264480789700708 0.1972837148396469 1520000.0
5.55387778633219 3.264480789700708 0.1972837148396469 1520000.0
5.55387778633219 3.264480789700708 0.1972837148396469 1520000.0
5.55387778633219 3.264480789700708 0.1972837148396469 1520000.0
5.55387778633219 3.264480789700708 0.1972837148396469 1520000.0
5.55387778633219 3.264480789700708 0.1972837148396469 1520000.0
5.55387778633219 3.264480789700708 0.1972837148396469 1520000.0
5.55387778633219 3.264480789700708 0.1972837148396469 1520000.0
5.55387778633219 3.264480789700708 0.1972837148396469 1520000.0
5.55387778633219 3.264480789700708 0.1972837148396469 1520000.0
5.55387778633219 3.264480789700708 0.1972837148396469 1520000.0
5.55387778633219 3.264480789700708 0.1972837148396469 1520000.0
5.55387778633219 3.264480789700708 0.1972837148396469 1520000.0
5.55387778633219 3.264480789700708 0.1972837148396469 1520000.0
5.55387778633219 3.264480789700708 0.1972837148396469 1520000.0
5.55387778633219 3.264480789700708 0.1972837148396469 1520000.0
5.55387778633219 3.264480789700708 0.1972837148396469 1520000.0
5.55387778633219 3.264480789700708 0.1972837148396469 1520000.0
5.55387778633219 3.264480789700708 0.1972837148396469 1520000.0
5.55387778633219 3.264480789700708 0.1972837148396469 1520000.0
5.55387778633219 3.264480789700708 0.1972837148396469 1520000.0
5.55387778633219 3.264480789700708 0.1972837148396469 1520000.0
5.55387778633219 3.264480789700708 0.1972837148396469 1520000.0
5.55387778633219 3.264480789700708 0.1972837148396469 1520000.0
5.55387778633219 3.264480789700708 0.1972837148396469 1520000.0
5.55387778633219 3.264480789700708 0.1972837148396469 1520000.0
5.55387778633219 3.264480789700708 0.1972837148396469 1520000.0
5.55387778633219 3.264480789700708 0.1972837148396469 1520000.0
5.55387778633219 3.264480789700708 0.1972837148396469 1520000.0
5.55387778633219 3.264480789700708 0.1972837148396469 1520000.0
5.55387778633219 3.264480789700708 0.1972837148396469 1520000.0
5.55387778633219 3.264480789700708 0.1972837148396469 1520000.0
5.55387778633219 3.264480789700708 0.1972837148396469 1520000.0
5.55387778633219 3.264480789700708 0.1972837148396469 1520000.0
5.55387778633219 3.264480789700708 0.1972837148396469 1520000.0
5.55387778633219 3.264480789700708 0.1972837148396469 1520000.0
5.55387778633219 3.264480789700708 0.1972837148396469 1520000.0
5.55387778633219 3.264480789700708 0.1972837148396469 1520000.0
5.55387778633219 3.264480789700708 0.1972837148396469 1520000.0
5.62790028228664 3.2841809817650267 0.2203612477516054 0.0 4,0,1 coil/filament1/filament2
5.651134214503475 3.308744351514354 0.05060311649498943 1520000.0
5.576820172097207 3.2796295173240892 0.045148803402324106 1520000.0
5.576820172097207 3.2796295173240892 0.045148803402324106 1520000.0
5.576820172097207 3.2796295173240892 0.045148803402324106 1520000.0
5.576820172097207 3.2796295173240892 0.045148803402324106 1520000.0
5.576820172097207 3.2796295173240892 0.045148803402324106 1520000.0
5.576820172097207 3.2796295173240892 0.045148803402324106 1520000.0
5.576820172097207 3.2796295173240892 0.045148803402324106 1520000.0
5.576820172097207 3.2796295173240892 0.045148803402324106 1520000.0
5.576820172097207 3.2796295173240892 0.045148803402324106 1520000.0
5.576820172097207 3.2796295173240892 0.045148803402324106 1520000.0
5.576820172097207 3.2796295173240892 0.045148803402324106 1520000.0
5.576820172097207 3.2796295173240892 0.045148803402324106 1520000.0
5.576820172097207 3.2796295173240892 0.045148803402324106 1520000.0
5.576820172097207 3.2796295173240892 0.045148803402324106 1520000.0
5.576820172097207 3.2796295173240892 0.045148803402324106 1520000.0
5.576820172097207 3.2796295173240892 0.045148803402324106 1520000.0
5.576820172097207 3.2796295173240892 0.045148803402324106 1520000.0
5.576820172097207 3.2796295173240892 0.045148803402324106 1520000.0
5.576820172097207 3.2796295173240892 0.045148803402324106 1520000.0
5.576820172097207 3.2796295173240892 0.045148803402324106 1520000.0
5.576820172097207 3.2796295173240892 0.045148803402324106 1520000.0
5.576820172097207 3.2796295173240892 0.045148803402324106 1520000.0
5.576820172097207 3.2796295173240892 0.045148803402324106 1520000.0
5.576820172097207 3.2796295173240892 0.045148803402324106 1520000.0
5.576820172097207 3.2796295173240892 0.045148803402324106 1520000.0
5.576820172097207 3.2796295173240892 0.045148803402324106 1520000.0
5.576820172097207 3.2796295173240892 0.045148803402324106 1520000.0
5.576820172097207 3.2796295173240892 0.045148803402324106 1520000.0
5.576820172097207 3.2796295173240892 0.045148803402324106 1520000.0
5.576820172097207 3.2796295173240892 0.045148803402324106 1520000.0
5.576820172097207 3.2796295173240892 0.045148803402324106 1520000.0
5.576820172097207 3.2796295173240892 0.045148803402324106 1520000.0
5.576820172097207 3.2796295173240892 0.045148803402324106 1520000.0
5.576820172097207 3.2796295173240892 0.045148803402324106 1520000.0
5.576820172097207 3.2796295173240892 0.045148803402324106 1520000.0
5.576820172097207 3.2796295173240892 0.045148803402324106 1520000.0
5.576820172097207 3.2796295173240892 0.045148803402324106 1520000.0
5.576820172097207 3.2796295173240892 0.045148803402324106 1520000.0
5.576820172097207 3.2796295173240892 0.045148803402324106 1520000.0
5.576820172097207 3.2796295173240892 0.045148803402324106 1520000.0
5.576820172097207 3.2796295173240892 0.045148803402324106 1520000.0
5.576820172097207 3.2796295173240892 0.045148803402324106 1520000.0
5.576820172097207 3.2796295173240892 0.045148803402324106 1520000.0
5.576820172097207 3.2796295173240892 0.045148803402324106 1520000.0
5.576820172097207 3.2796295173240892 0.045148803402324106 1520000.0
5.576820172097207 3.2796295173240892 0.045148803402324106 1520000.0
5.576820172097207 3.2796295173240892 0.045148803402324106 1520000.0
5.576820172097207 3.2796295173240892 0.045148803402324106 1520000.0
5.576820172097207 3.2796295173240892 0.045148803402324106 1520000.0
5.576820172097207 3.2796295173240892 0.045148803402324106 1520000.0
5.576820172097207 3.2796295173240892 0.045148803402324106 1520000.0
5.576820172097207 3.2796295173240892 0.045148803402324106 1520000.0
5.576820172097207 3.2796295173240892 0.045148803402324106 1520000.0
5.576820172097207 3.2796295173240892 0.045148803402324106 1520000.0
5.576820172097207 3.2796295173240892 0.045148803402324106 1520000.0
5.576820172097207 3.2796295173240892 0.045148803402324106 1520000.0
5.576820172097207 3.2796295173240892 0.045148803402324106 1520000.0
5.576820172097207 3.2796295173240892 0.045148803402324106 1520000.0
5.576820172097207 3.2796295173240892 0.045148803402324106 1520000.0
5.576820172097207 3.2796295173240892 0.045148803402324106 1520000.0
5.576820172097207 3.2796295173240892 0.045148803402324106 1520000.0
5.576820172097207 3.2796295173240892 0.045148803402324106 1520000.0
5.576820172097207 3.2796295173240892 0.045148803402324106 1520000.0
5.651134214503475 3.308744351514354 0.05060311649498943 0.0 4,1,0 coil/filament1/filament2
5.656750411100024 3.2196374821318736 0.18292053832247912 1520000.0
5.582727915145575 3.199937290067555 0.15984300541052063 1520000.0
5.582727915145575 3.199937290067555 0.15984300541052063 1520000.0
5.582727915145575 3.199937290067555 0.15984300541052063 1520000.0
5.582727915145575 3.199937290067555 0.15984300541052063 1520000.0
5.582727915145575 3.199937290067555 0.15984300541052063 1520000.0
5.582727915145575 3.199937290067555 0.15984300541052063 1520000.0
5.582727915145575 3.199937290067555 0.15984300541052063 1520000.0
5.582727915145575 3.199937290067555 0.15984300541052063 1520000.0
5.582727915145575 3.199937290067555 0.15984300541052063 1520000.0
5.582727915145575 3.199937290067555 0.15984300541052063 1520000.0
5.582727915145575 3.199937290067555 0.15984300541052063 1520000.0
5.582727915145575 3.199937290067555 0.15984300541052063 1520000.0
5.582727915145575 3.199937290067555 0.15984300541052063 1520000.0
5.582727915145575 3.199937290067555 0.15984300541052063 1520000.0
5.582727915145575 3.199937290067555 0.15984300541052063 1520000.0
5.582727915145575 3.199937290067555 0.15984300541052063 1520000.0
5.582727915145575 3.199937290067555 0.15984300541052063 1520000.0
5.582727915145575 3.199937290067555 0.15984300541052063 1520000.0
5.582727915145575 3.199937290067555 0.15984300541052063 1520000.0
5.582727915145575 3.199937290067555 0.15984300541052063 1520000.0
5.582727915145575 3.199937290067555 0.15984300541052063 1520000.0
5.582727915145575 3.199937290067555 0.15984300541052063 1520000.0
5.582727915145575 3.199937290067555 0.15984300541052063 1520000.0
5.582727915145575 3.199937290067555 0.15984300541052063 1520000.0
5.582727915145575 3.199937290067555 0.15984300541052063 1520000.0
5.582727915145575 3.199937290067555 0.15984300541052063 1520000.0
5.582727915145575 3.199937290067555 0.15984300541052063 1520000.0
5.582727915145575 3.199937290067555 0.15984300541052063 1520000.0
5.582727915145575 3.199937290067555 0.15984300541052063 1520000.0
5.582727915145575 3.199937290067555 0.15984300541052063 1520000.0
5.582727915145575 3.199937290067555 0.15984300541052063 1520000.0
5.582727915145575 3.199937290067555 0.15984300541052063 1520000.0
5.582727915145575 3.199937290067555 0.15984300541052063 1520000.0
5.582727915145575 3.199937290067555 0.15984300541052063 1520000.0
5.582727915145575 3.199937290067555 0.15984300541052063 1520000.0
5.582727915145575 3.199937290067555 0.15984300541052063 1520000.0
5.582727915145575 3.199937290067555 0.15984300541052063 1520000.0
5.582727915145575 3.199937290067555 0.15984300541052063 1520000.0
5.582727915145575 3.199937290067555 0.15984300541052063 1520000.0
5.582727915145575 3.199937290067555 0.15984300541052063 1520000.0
5.582727915145575 3.199937290067555 0.15984300541052063 1520000.0
5.582727915145575 3.199937290067555 0.15984300541052063 1520000.0
5.582727915145575 3.199937290067555 0.15984300541052063 1520000.0
5.582727915145575 3.199937290067555 0.15984300541052063 1520000.0
5.582727915145575 3.199937290067555 0.15984300541052063 1520000.0
5.582727915145575 3.199937290067555 0.15984300541052063 1520000.0
5.582727915145575 3.199937290067555 0.15984300541052063 1520000.0
5.582727915145575 3.199937290067555 0.15984300541052063 1520000.0
5.582727915145575 3.199937290067555 0.15984300541052063 1520000.0
5.582727915145575 3.199937290067555 0.15984300541052063 1520000.0
5.582727915145575 3.199937290067555 0.15984300541052063 1520000.0
5.582727915145575 3.199937290067555 0.15984300541052063 1520000.0
5.582727915145575 3.199937290067555 0.15984300541052063 1520000.0
5.582727915145575 3.199937290067555 0.15984300541052063 1520000.0
5.582727915145575 3.199937290067555 0.15984300541052063 1520000.0
5.582727915145575 3.199937290067555 0.15984300541052063 1520000.0
5.582727915145575 3.199937290067555 0.15984300541052063 1520000.0
5.582727915145575 3.199937290067555 0.15984300541052063 1520000.0
5.582727915145575 3.199937290067555 0.15984300541052063 1520000.0
5.582727915145575 3.199937290067555 0.15984300541052063 1520000.0
5.582727915145575 3.199937290067555 0.15984300541052063 1520000.0
5.582727915145575 3.199937290067555 0.15984300541052063 1520000.0
5.582727915145575 3.199937290067555 0.15984300541052063 1520000.0
5.656750411100024 3.2196374821318736 0.18292053832247912 0.0 4,1,1 coil/filament1/filament2
