0.40928287300902216 -0.01836511047885033 0.12263263713266627 
0.4074350872231593 -0.01846193000883322 0.12199595192398947 
0.4056073637569101 -0.018596471874738327 0.12128367571298619 
0.4038061837930978 -0.018774668933950907 0.12049623044057937 
0.40203854622316004 -0.019002197991858292 0.11963476289176628 
0.4003119293147959 -0.019284122791523403 0.1187013192990236 
0.39863415933775265 -0.019624475291139764 0.11769901897058428 
0.39701315007562343 -0.02002581442642764 0.11663218521931583 
0.3954564985326594 -0.02048882752378761 0.11550638309960014 
0.39397096225381 -0.02101205530897246 0.11432831932314974 
0.39256189205780895 -0.02159181371067326 0.11310558499010288 
0.3912327297994562 -0.022222348299580266 0.11184626197924256 
0.38998468285391685 -0.02289619937149212 0.11055845410582084 
0.38881664841713764 -0.02360470063417783 0.1092498260142337 
0.387725396055723 -0.02433850684264556 0.10792722573682131 
0.38670595445176953 -0.025088055923599684 0.1065964355145014 
0.38575211222598316 -0.025843909572636565 0.10526205596836348 
0.3848569404374174 -0.02659696185735589 0.10392749787767797 
0.3840132667217522 -0.0273385393033568 0.10259504226588001 
0.3832140623165264 -0.028060430573419386 0.10126593208232323 
0.3824527308476959 -0.028754882015027634 0.09994047086948492 
0.3817233061602583 -0.02941458489202666 0.09861811839489136 
0.3810205757769585 -0.030032668597890604 0.0972975855737756 
0.38034014932067006 -0.030602706262219878 0.09597693884903268 
0.37967848993159153 -0.031118736394291316 0.09465372675408898 
0.3790329227885513 -0.03157530546455098 0.09332513853716586 
0.37840162893967105 -0.03196753873446064 0.09198819688902109 
0.3777836254693204 -0.03229124652392774 0.09063997548141153 
0.377178726167242 -0.03254306741652027 0.08927782032848275 
0.37658747285891403 -0.032720638123992174 0.08789954645837186 
0.37601102881793536 -0.032822765183872255 0.08650358228237648 
0.3754510327345926 -0.03284956283380877 0.08508904475117884 
0.37490942206118566 -0.03280252070504518 0.08365574561067324 
0.3743882434999263 -0.03268447656811839 0.08220414579998044 
0.37388947170409603 -0.032499489221516166 0.0807352842065892 
0.37341485373092836 -0.032252626706778025 0.07925070550221829 
0.3729657887539492 -0.031949698115568165 0.077752401851927 
0.3725432440595321 -0.03159696059982544 0.07624277044811756 
0.3721477026775327 -0.031200828871284576 0.07472457844356016 
0.37177913623565817 -0.030767606824313568 0.07320092181387948 
0.3714369979530467 -0.030303253677689188 0.07167516509887215 
0.37112023339286015 -0.029813191903369823 0.07015085335459033 
0.37082730906267597 -0.029302161025907887 0.0686315940911183 
0.3705562601511374 -0.028774119097861466 0.06712091382606811 
0.37030475825230164 -0.028232191342765146 0.06562209988755915 
0.37007019806494884 -0.027678662774934474 0.06413804231148205 
0.3698497994025507 -0.027115008858845154 0.06267109247032883 
0.3696407182803483 -0.0265419561097252 0.061222954216120944 
0.369440159193886 -0.02595956356315894 0.05979462005015196 
0.36924548049180966 -0.02536731650479607 0.05838635978641213 
0.36905428600625517 -0.02476422554429848 0.05699776322549626 
0.36886449838186985 -0.02414892647407379 0.055627832397765906 
0.36867441209661306 -0.023519778670003186 0.05427511374041526 
0.36848272626721085 -0.02287496146529747 0.05293785673144919 
0.36828855854295117 -0.022212568623764504 0.05161418341051213 
0.3680914416967252 -0.021530700746101188 0.05030225305849703 
0.3678913042675764 -0.020827554438872527 0.04900040801997985 
0.3676884363018176 -0.020101505809214788 0.04770728988853942 
0.36748344130752997 -0.01935118479408919 0.04642191944267979 
0.36727717615516897 -0.01857553635785696 0.04514373810063745 
0.3670706817075865 -0.01777386486706611 0.04387261257970482 
0.3668651081219576 -0.01694585893222804 0.04260880741821799 
0.36666163965541093 -0.016091595477757903 0.04135293183725852 
0.3664614241364247 -0.015211523461905402 0.04010586813635064 
0.3662655119175199 -0.01430642922301672 0.038868688666499576 
0.366074808162778 -0.013377386657544075 0.03764256771597922 
0.36589004093778493 -0.012425696229182779 0.0364286936774532 
0.36571174600899936 -0.011452817164108814 0.03522818586684403 
0.3655402677636015 -0.01046029717821849 0.03404201946980471 
0.3653757744132908 -0.009449703818195805 0.0328709613479729 
0.3652182847541055 -0.008422561085591591 0.03171551882453041 
0.36506770325169957 -0.007380294527061057 0.03057590302674021 
0.364923860078617 -0.006324187445837449 0.029452007818683217 
0.3647865528755048 -0.0052553503102657426 0.028343404748029617 
0.36465558734884745 -0.0041747047712899 0.027249353724150997 
0.3645308142582513 -0.003082982918254986 0.02616882835088926 
0.36441216080632216 -0.0019807414917129584 0.0251005540094291 
0.3642996548721773 -0.0008683897662884615 0.024043056013370288 
0.3641934409103568 0.0002537712025054904 0.022994714543160096 
0.3640937866898683 0.0013855011870963754 0.021953822704562132 
0.36400108041631135 0.002526569147377638 0.020918644005624328 
0.36391581820991686 0.003676701559976864 0.019887465818576006 
0.36383858243163075 0.004835534843885119 0.018858645945253643 
0.3637700119494056 0.0060025755015289785 0.0178306501551548 
0.36371076606728003 0.007177170740224463 0.016802079413158727 
0.3636614844172408 0.008358491258628581 0.015771686361541297 
0.36362274554274887 0.009545526722834636 0.014738381389771772 
0.3635950271007878 0.01073709336134083 0.01370122926393776 
0.36357867052888104 0.011931852195083107 0.012659437769265968 
0.36357385266386555 0.013128335764376636 0.011612340137607962 
0.36358056620501633 0.014324980848773611 0.010559373193683998 
0.3635986101641465 0.01552016458592936 0.009500053174346847 
0.3636275906345205 0.01671224153706622 0.008433951074586724 
0.3636669314318206 0.01789957955677841 0.007360669176639013 
0.36371589349065153 0.019080592736437762 0.006279820150748348 
0.36377360139144144 0.02025377014266273 0.0051910098044515435 
0.36383907507120844 0.021417699518180504 0.004093824226195004 
0.36391126464033635 0.02257108552103342 0.0029878217393029265 
0.363989086271041 0.023712762433093382 0.0018725297694741159 
0.3640714573139144 0.02484170156425429 0.0007474464441051957 
0.36415732910114496 0.02595701381361958 -0.00038795350771136765 
0.36424571626832164 0.027057948023220084 -0.0015342091940062775 
0.36433572182830315 0.02814388587090643 -0.00269186113869691 
0.364426557617538 0.029214334092493525 -0.0038614369097567302 
0.3645175600675039 0.030268914794813754 -0.0050434357537712405 
0.36460820149877143 0.03130735452165208 -0.006238313173665796 
0.36469809727171293 0.03232947257365189 -0.007446466295141918 
0.36478700915149276 0.03333516888368275 -0.008668220708967243 
0.36487484516985075 0.03432441154519565 -0.00990381926507621 
0.3649616561243972 0.03529722392404791 -0.011153413056379185 
0.3650476286929478 0.03625367119387166 -0.01241705460051624 
0.3651330750064387 0.0371938461496564 -0.013694693045298453 
0.365218418465576 0.038117854282904456 -0.014986171122177263 
0.36530417563695394 0.039025798330844234 -0.016291223572348832 
0.36539093423816676 0.03991776280737194 -0.017609476873369004 
0.3654793275113923 0.04079379933617217 -0.01894045028114537 
0.3655700056645004 0.04165391388322101 -0.020283558436631325 
0.3656636054866987 0.04249805717664927 -0.02163811602258226 
0.3657607196723735 0.04332611966746784 -0.02300334514657855 
0.36586186776045887 0.04413793230122618 -0.024378386232221282 
0.3659674708693083 0.04493327413333506 -0.025762313192754262 
0.3660778325387222 0.045711887445563926 -0.027154153525564145 
0.36619312795311143 0.046473500546320504 -0.028552913699673128 
0.36631340359822734 0.04721785792235413 -0.029957609819158314 
0.3664385889991685 0.04794475693101283 -0.03136730304875552 
0.3665685216152413 0.04865408986344823 -0.032781138704882196 
0.3667029852558648 0.049345890043702594 -0.034198387271390546 
0.3668417615663324 0.05002038069787506 -0.035618484922308354 
0.3669846932464066 0.050678025616460884 -0.037041070451201905 
0.36713175673067316 0.05131958104863434 -0.03846601484474545 
0.3672831410811509 0.05194614862800109 -0.039893439126374074 
0.3674393288081881 0.05255922917087148 -0.041323715586069586 
0.3676011732382906 0.05316077659449646 -0.04275744721332706 
0.36776996592870365 0.0537532496709071 -0.04419542027663362 
0.36794748664196986 0.05433965667972565 -0.045638525902112405 
0.3681360278700531 0.05492358434579599 -0.047087648681007586 
0.36833838636689137 0.05550919830542165 -0.04854352426503722 
0.3685578162545469 0.05610119891440143 -0.05000657379908099 
0.3687979425179378 0.05670471525375176 -0.051476730434091754 
0.36906264005694905 0.05732512366380031 -0.05295328059171288 
0.369355890924847 0.057967786360339606 -0.05443474763747179 
0.369681638887263 0.05863772023576954 -0.05591884530466981 
0.3700436633791267 0.05933922290294061 -0.05740252063718726 
0.37044549231740553 0.06007549732182273 -0.05888209173411225 
0.3708903649168802 0.060848322514194225 -0.06035346745219518 
0.37138124390065447 0.06165781270069671 -0.0618124197405899 
0.3719208650917786 0.06250229158940951 -0.0632548695271129 
0.3725118048574508 0.06337828739111083 -0.06467714660781292 
0.3731565438875663 0.06428063410639388 -0.06607619186760172 
0.37385750859675826 0.06520265129383432 -0.06744968278081302 
0.37461707682848155 0.06613637044505065 -0.06879607622733144 
0.37543754027709253 0.06707278063166591 -0.07011457308440638 
0.376321021001897 0.06800207651869278 -0.07140501567605735 
0.3772693438524625 0.06891390465347426 -0.07266773259667972 
0.37828387171271377 0.06979761569813149 -0.07390334718812888 
0.3793653172754066 0.07064253787391765 -0.07511256747279813 
0.3805135535116774 0.07143828771162539 -0.07629597720019032 
0.38172745317242845 0.0721751266650559 -0.07745384918663879 
0.38300479186525854 0.07284435675395778 -0.07858600162126406 
0.384342245387678 0.07343872880015083 -0.07969171361993943 
0.3857354979009901 0.07395281965954409 -0.08076970732230278 
0.3871794552013417 0.0743833276558979 -0.08181819172003682 
0.38866853329959167 0.0747292428922913 -0.08283495174534726 
0.3901969752923267 0.0749918700341616 -0.08381745906205425 
0.3917591453774952 0.07517470829837672 -0.08476298098352147 
0.39334975857874893 0.07528321699624604 -0.08566867048871865 
0.39496402342605746 0.07532450767441076 -0.08653163032755357 
0.3965976950665665 0.07530700374405094 -0.08734895382246999 
0.3982470519009712 0.075240098721748 -0.0881177514008269 
0.3999088172441196 0.07513383049932508 -0.0888351742791128 
0.40158004951004744 0.07499857657061211 -0.08949844579095005 
0.403258022650811 0.07484476691179184 -0.0901049079610075 
0.4049401156786098 0.07468260812876047 -0.09065208721597774 
0.40662372756863085 0.07452181407275564 -0.09113777913732733 
0.40830623166357555 0.07437134330736665 -0.09156014794644135 
0.4099849806252221 0.07423915120986553 -0.09191783192522936 
0.41165736724771007 0.07413197229350325 -0.09221004157011535 
0.41332093692188193 0.07405515409645425 -0.09243663404444408 
0.414973534926163 0.07401256488493946 -0.0925981471403355 
0.4166134592636665 0.07400659134154994 -0.09269578006578165 
0.41823958257179916 0.07403822945557395 -0.09273131722347344 
0.419851409312025 0.07410725527720395 -0.09270700286775826 
0.4214490481385981 0.07421244771716261 -0.09262538536175287 
0.42303310017614193 0.07435182863034054 -0.09248915573554736 
0.42460448448959176 0.07452288832401349 -0.0923010042886278 
0.42616423512228085 0.07472277534366037 -0.09206351198899146 
0.42771330630107685 0.07494844294452316 -0.0917790835933803 
0.42925241514480067 0.0751967560024446 -0.0914499203690066 
0.43078193894158606 0.07546456839125536 -0.09107802439809921 
0.4323018716072137 0.07574878192199125 -0.09066522420624976 
0.43381183448556115 0.07604639547699255 -0.09021321200656099 
0.43531113123231735 0.07635454912016443 -0.08972358482519795 
0.43679883456851765 0.07667056438157535 -0.08919788400257377 
0.43827389294236974 0.07699197945621736 -0.08863762938570086 
0.43973524635725986 0.07731657689892533 -0.0880443457656272 
0.44118194195914706 0.07764240131680411 -0.08741957991193126 
0.44261324104990335 0.07796776518682565 -0.0867649071859281 
0.44402871002655847 0.07829124189985599 -0.08608192742670145 
0.44542828861514855 0.07861164617609173 -0.08537225073128875 
0.4468123300268234 0.07892800293471786 -0.08463747485963782 
0.448181609576069 0.0792395064494732 -0.0838791570991691 
0.4495373009031202 0.07954547216975107 -0.08309878424684837 
0.45088092198938967 0.07984528396273173 -0.08229774464895002 
0.4522142561684548 0.08013833977201176 -0.08147730584552619 
0.45353925575201043 0.08042399880810003 -0.08063860035433777 
0.45485793724708873 0.08070153337015808 -0.07978262073607506 
0.4561722772260063 0.08097008820883742 -0.07891022364782384 
0.4574841168174323 0.08122864994288188 -0.07802214143647618 
0.45879508085833637 0.08147602843348835 -0.07711899915159413 
0.4601065154449092 0.08171085124034838 -0.0762013347079783 
0.4614194453868732 0.08193157141005962 -0.07526962019651726 
0.4627345512219923 0.08213648797635305 -0.07432428283903966 
0.46405216414196077 0.08232377776873553 -0.07336572460970356 
0.4653722764256514 0.08249153649016343 -0.07239433994948699 
0.4666945646769861 0.08263782655912134 -0.07141053120473229 
0.4680184231771842 0.08276072891227174 -0.07041472142614272 
0.46934300483082364 0.08285839581167047 -0.06940736403303008 
0.4706672673790863 0.08292910167854595 -0.06838894867670649 
0.4719900226788133 0.0829712890815478 -0.06736000253269608 
0.4733099868606175 0.08298360725735267 -0.06632108630224406 
0.4746258290963121 0.08296494096326962 -0.06527278445874872 
0.4759362165881165 0.08291442807793377 -0.06421568973094409 
0.4772398533360715 0.08283146517497708 -0.06315038241369045 
0.4785355103496533 0.08271570125162085 -0.06207740573731385 
0.47982204532443645 0.08256702080911624 -0.06099723908616802 
0.4810984104335734 0.08238551843028845 -0.05991027122629562 
0.4823636477515662 0.082171467748482 -0.05881677581028381 
0.4836168728413686 0.08192528814316356 -0.0577168912609558 
0.484857248067793 0.08164751257145801 -0.05661060673765701 
0.4860839481200304 0.08133875965438578 -0.055497755344003585 
0.4872961209293111 0.08099971253875904 -0.05437801514434526 
0.48849284759294836 0.08063110624275668 -0.05325091800789073 
0.4896731050476642 0.08023372426735595 -0.05211586585487938 
0.4908357350936086 0.07980840430832699 -0.050972153560398 
0.49197942299613306 0.07935605200338074 -0.049818997564076775 
0.4931026883286982 0.07887766084262683 -0.04865556909732882 
0.4942038900024336 0.07837433568971536 -0.047481030822041886 
0.49528124657763506 0.07784731683578552 -0.046294575528738266 
0.49633287198166137 0.07729800117748727 -0.045095465341359435 
0.4973568256780292 0.07672795702669252 -0.04388306962468947 
0.49835117516995703 0.07613892928516894 -0.042656899530418055 
0.49931406753628826 0.07553283230808927 -0.04141663692380723 
0.5002438055890241 0.07491172876000585 -0.04016215539979611 
0.5011389233515011 0.07427779410068991 -0.0388935313173099 
0.5019982550499802 0.07363326791086659 -0.037611043314402445 
0.5028209918428478 0.07298039488254465 -0.03631515961745973 
0.5036067211776629 0.07232135970252747 -0.03500651355410311 
0.5043554449660209 0.07165822099433747 -0.033685868880355435 
0.5050675745805714 0.0709928497596797 -0.03235407765134449 
0.5057439027816893 0.07032687730407516 -0.031012034210586348 
0.5063855547837314 0.06966165652124022 -0.02966062929698176 
0.5069939224818514 0.06899823886111196 -0.028300708200471498 
0.5075705871509001 0.0683373676102073 -0.0269330363592781 
0.5081172365740462 0.0676794865648109 -0.025558274888991563 
0.5086355825557048 0.06702476200082041 -0.02417696742363033 
0.5091272842195429 0.06637311514685218 -0.022789538500214354 
0.5095938815515495 0.06572426213565183 -0.021396302675482915 
0.5100367425040941 0.06507775853541753 -0.019997482722431494 
0.5104570257914671 0.06443304589336014 -0.018593234658338804 
0.5108556603935103 0.06378949810763246 -0.017183677004677187 
0.511233341795877 0.06314646577029465 -0.015768921547729388 
0.5115905441362418 0.06250331684315619 -0.014349102925818563 
0.5119275466675415 0.061859472151485045 -0.01292440459026285 
0.5122444722590278 0.06121443426675552 -0.011495079057786203 
0.5125413350198555 0.06056780848215333 -0.010061460881988706 
0.5128180935695604 0.059919314843220106 -0.00862397140442386 
0.5130747060542836 0.05926879063036087 -0.007183115068882218 
0.5133111828013365 0.05861618329985778 -0.0057394678397007515 
0.513527632602364 0.05796153461912883 -0.004293658979521832 
0.5137242990717582 0.05730495747709831 -0.0028463480275731385 
0.5139015843417108 0.056646607486559475 -0.0013981991984264783 
0.5140600584612353 0.055986651908631176 5.014445644952706e-05 
0.5142004541378796 0.055325238549279995 0.001498084923693825 
0.5143236477384256 0.05466246709599248 0.0029450893063357993 
0.5144306285907315 0.05399836493276536 0.004390704790026973 
0.5145224594791239 0.05333286889101956 0.005834567757484055 
0.5146002317317265 0.05266581377447417 0.007276406856714463 
0.5146650184513071 0.05199692793356887 0.008716040280334276 
0.5147178292833802 0.05132583571960412 0.0101533678435618 
0.5147595697196903 0.050652066336978746 0.011588358664462945 
0.5147910073853836 0.049975068412913215 0.013021035383857169 
0.5148127471308934 0.04929422947393985 0.014451455954965397 
0.5148252161034869 0.048608899407519855 0.015879694117367095 
0.5148286593454069 0.0479184168556177 0.01730581975811337 
0.5148231458721645 0.04722213731643265 0.018729880440361404 
0.5148085846283821 0.04651946152950073 0.020151885409052824 
0.5147847491964904 0.045809862523977285 0.021571793315147414 
0.5147513096461022 0.045092909576864834 0.022989504692139742 
0.5147078694713109 0.044368287322303676 0.024404859852790665 
0.5146540051978111 0.043635808430572784 0.02581764236958338 
0.5145893059947988 0.04289541866380372 0.027227587719610664 
0.5145134105476904 0.04214719369928853 0.028634396105057573 
0.514426038579452 0.041391327827798675 0.030037748006389267 
0.5143270147708735 0.04062811538247635 0.031437320773009376 
0.5142162834096184 0.039857926416917044 0.032832804551653966 
0.5140939128432601 0.03908117862603714 0.03422391608876601 
0.5139600896420539 0.038298307727337076 0.03561040936055639 
0.5138151031984027 0.03750973848470594 0.0369920824893732 
0.5136593222127274 0.03671585830534406 0.03836878089393833 
0.513493165072147 0.03591699495073223 0.03974039700754564 
0.5133170664813907 0.03511339946264133 0.041106867132514394 
0.5131314428471329 0.03430523498883738 0.04246816607553139 
0.5129366588632416 0.03349257184479364 0.043824300161590925 
0.5127329975254996 0.032675388877553994 0.045175299114906045 
0.51252063545632 0.03185358098687302 0.04652120719150024 
0.5122996249798178 0.031026972469937786 0.04786207390604244 
0.5120698838904104 0.030195335648394696 0.0491979447426152 
0.511831193336738 0.029358413978734815 0.05052885236631448 
0.5115832037271263 0.028515948529207965 0.05185480901401237 
0.5113254480796207 0.027667706347307332 0.053175800866318214 
0.5110573618104164 0.026813508891799297 0.05449178521039884 
0.5107783075949696 0.025953258438284443 0.05580269103523226 
0.5104876036564376 0.025086960274090957 0.05710842333983646 
0.5101845536430766 0.024214738651233157 0.058408870920300615 
0.5098684761563875 0.02333684490105984 0.05970391682633165 
0.5095387319938434 0.022453656808122523 0.06099345016880258 
0.5091947472845761 0.02156566920671265 0.06227737764107397 
0.5088360309318051 0.020673476665375903 0.06355563307449022 
0.5084621851318152 0.019777749910306945 0.06482818360294158 
0.5080729082009632 0.018879208180032397 0.06609503151152264 
0.5076679894777559 0.017978589931489517 0.06735621148268843 
0.5072472966316304 0.017076624234795577 0.06861178359730126 
0.5068107562536907 0.01617400486870285 0.06986182297508042 
0.5063583290816387 0.015271368667102204 0.07110640726535367 
0.5058899815869701 0.014369279179378039 0.07234560329413767 
0.505405655906107 0.013468216279228633 0.0735794540598889 
0.5049052402193732 0.012568572031050931 0.07480796701071021 
0.5043885416714692 0.011670652898927455 0.07603110421465512 
0.503855263788441 0.01077468822393917 0.07724877473681832 
0.5033049900867034 0.009880844744337812 0.07846082932883934 
0.5027371752012121 0.008989246731126391 0.07966705745302 
0.5021511443990454 0.008100001014534194 0.0808671866997318 
0.5015461018133801 0.0072132257699209735 0.08206088476909125 
0.5009211471573584 0.006329081440869466 0.08324776430145389 
0.5002753000869893 0.005447801674788652 0.08442739086873674 
0.499607530808995 0.004569721745387048 0.08559929430405111 
0.4989167950098647 0.003695301771356196 0.08676298321251238 
0.49820207076017864 0.0028251422326593303 0.08791796199157237 
0.4974623947761109 0.001959989899191629 0.0890637490799342 
0.4966968953540543 0.0011007332903014443 0.09019989458719478 
0.4959048194801845 0.00024838803645241573 0.09132599508843474 
0.495085552069328 -0.0005959262137571163 0.0924417033306332 
0.4942386259734509 -0.0014310146671174368 0.09354673095483715 
0.4933637222353416 -0.0022556387891424917 0.09464084305989524 
0.49246066093059027 -0.0030685469638402655 0.09572384439965605 
0.49152938372495597 -0.0038685016261300934 0.09679555803512244 
0.49056992989505016 -0.004654300923443663 0.09785579816482437 
0.48958240799413144 -0.005424793933273249 0.09890433947937838 
0.48856696561862567 -0.006178889355720665 0.09994088565413627 
0.4875237598966029 -0.006915558275698547 0.10096503951786652 
0.4864529314197004 -0.007633832001969023 0.10197627710025751 
0.48535458438117246 -0.00833279617578702 0.10297392729662272 
0.48422877562194944 -0.009011582387574043 0.10395715843503713 
0.48307551503652857 -0.009669358545343752 0.10492497270700087 
0.4818947792388276 -0.010305319281764772 0.1058762092940946 
0.4806865394286194 -0.010918677800670695 0.10680955708263422 
0.47945080297256537 -0.011508660723196291 0.10772357801117177 
0.47818766635605553 -0.012074507613998755 0.10861674216111339 
0.4768973750506673 -0.01261547681934059 0.10948747544050803 
0.4755803838228564 -0.013130858889184045 0.11033421989420449 
0.47423740957283045 -0.013619998084346682 0.11115550517559006 
0.47286946847257605 -0.014082321292037663 0.11195002762642191 
0.4714778903667465 -0.014517372247692052 0.11271673110263629 
0.4700643061613787 -0.014924847599689072 0.11345488176843552 
0.4686306078184351 -0.015304630445187473 0.11416412824152235 
0.46717888471588265 -0.0156568168376328 0.1148445391977325 
0.4657113434502319 -0.015981731541254127 0.11549661288697644 
0.4642302197825362 -0.016279930827172197 0.11612125651155544 
0.46273769104164636 -0.016552191978626504 0.11671973723738349 
0.4612357952484372 -0.016799490925243035 0.11729360984884715 
0.45972636035510306 -0.017022970677822977 0.11784462807187654 
0.45821094428544207 -0.017223903815684928 0.1183746471586571 
0.4566907846767576 -0.01740365224084292 0.1188855246414289 
0.45516675669908074 -0.017563626958328485 0.11937902466037151 
0.45363933796741185 -0.01770525001174258 0.11985672944464472 
0.45210858097039963 -0.017829920092605284 0.12031995978534228 
0.45057409509211405 -0.017938982857188774 0.12076970495719191 
0.44903504170364616 -0.01803370664463629 0.12120656167268389 
0.4474901465623522 -0.01811526405827247 0.12163068135461987 
0.4459377336412982 -0.018184719693850958 0.12204172530106983 
0.4443757834339599 -0.018243024136583387 0.12243882814197035 
0.4428020167963936 -0.01829101420246549 0.1228205712138882 
0.441214002692579 -0.01832941930554369 0.12318496885274885 
0.43960928512085234 -0.018358873845337013 0.12352947173716455 
0.4379855214668661 -0.018379935661007617 0.12385099183550011 
0.43634062209755414 -0.0183931108622283 0.12414595277567683 
0.43467287976257524 -0.018398885607630793 0.12441036732606997 
0.43298107779869355 -0.018397765482758694 0.12463994028041837 
0.43126456847122296 -0.0183903228595875 0.12483019097487952 
0.42952331683241124 -0.018377251929973318 0.1249765859137559 
0.4277579105125209 -0.01835943009579042 0.1250746696394716 
0.4259695407663687 -0.0183379833236144 0.12512018186933294 
0.42415996368166664 -0.0183143522364157 0.12510915122478983 
0.42233145188235766 -0.018290355330272918 0.125037960043393 
0.42048674619985593 -0.018268245787237722 0.12490337969778724 
0.4186290142656769 -0.018250758722862307 0.12470258036026151 
0.41676181990890016 -0.0182411460559534 0.1244331224069859 
0.4148891047315711 -0.01824319620430417 0.1240929384070687 
0.41301518194122977 -0.018261235244129287 0.12368031518213303 
0.41114474238797266 -0.018300104873868774 0.12319388530889355 
0.40928287300902216 -0.01836511047885033 0.12263263713266627 line 1  
0.4102659289082168 -0.027254397727533245 0.12162557541188548 
0.40855712173436226 -0.027348446787811932 0.12111796667775848 
0.4068870741568677 -0.02747380549941773 0.12053849854722172 
0.40526303370737315 -0.02763516269359464 0.11988858032530714 
0.4036919346779162 -0.027836821941786813 0.11917029945829868 
0.4021801453755996 -0.02808245358895543 0.11838644800926487 
0.40073316373895407 -0.028374849833715757 0.11754050749347636 
0.3993552780891986 -0.028715717601061883 0.11663656511750924 
0.3980492335706202 -0.029105548435118526 0.1156791423516322 
0.3968159665928644 -0.02954359613497823 0.11467293714764323 
0.3956544759753549 -0.03002796883738474 0.1136225099275895 
0.3945618797114385 -0.03055580897551431 0.11253196893283783 
0.3935336618592354 -0.031123506637569014 0.11140471834904919 
0.3925640623391463 -0.03172688426404485 0.11024331581280035 
0.39164652756893464 -0.03236130793936615 0.1090494513017401 
0.3907741371612097 -0.03302171306660809 0.10782402411814837 
0.3899399482925065 -0.03370256296983461 0.10656727467135324 
0.3891372379875375 -0.03439777516482004 0.1052789284621054 
0.3883596565418668 -0.03510064949727875 0.10395832538725164 
0.3876013232922551 -0.03580382147067007 0.10260452781786966 
0.386856899286852 -0.036499251637747185 0.10121641738334812 
0.3861216655152051 -0.0371782541384969 0.09979279912435095 
0.38539162563102053 -0.03783156648620734 0.09833253238444445 
0.3846636414047526 -0.03844946731708354 0.09683470172229688 
0.38393559787761944 -0.03902195562649765 0.09529882961685579 
0.3832065827881514 -0.03953900932743274 0.09372511727667562 
0.3824770516245691 -0.03999093771684954 0.09211468289148511 
0.38174893818872824 -0.04036882779407196 0.09046975250553023 
0.3810256657429186 -0.040665058252184715 0.08879375342558989 
0.38031202105108225 -0.04087382333515882 0.08709126947822853 
0.37961387533389573 -0.0409915835715914 0.08536784325826301 
0.3789377684957578 -0.04101735522362811 0.08362964720129008 
0.3782904056755602 -0.04095277268448423 0.08188308025280659 
0.37767813582921855 -0.04080190344951698 0.08013436579070134 
0.37710648286765414 -0.04057084768621237 0.07838922118358249 
0.37657978201652076 -0.040267194671072995 0.07665264289851646 
0.3761009464571286 -0.03989942428877625 0.07492881548930146 
0.3756713630346093 -0.03947633323858824 0.07322112214011113 
0.375290898466833 -0.039006541733592776 0.07153221772751923 
0.374957990859108 -0.0384981089830551 0.06986412399910794 
0.37466980272537453 -0.03795826305895854 0.06821831614690849 
0.37442241675586835 -0.03739323612412579 0.06659578448768266 
0.37421106054159353 -0.0368081887241646 0.06499706879585262 
0.3740303493917174 -0.03620720452624229 0.0634222728644609 
0.37387453701016105 -0.03559333725272426 0.06187107196014677 
0.3737377630339994 -0.034968693212421395 0.06034272632749505 
0.37361428561525967 -0.034334535193852246 0.058836110977223126 
0.3734986874933684 -0.033691396362663696 0.057349767205266494 
0.37338604590500296 -0.03303919601385386 0.05588197613253075 
0.3732720600466056 -0.0323773522251292 0.05443085017467401 
0.3731531339272188 -0.03170488919569032 0.052994435384929144 
0.3730264163971109 -0.031020538952665037 0.051570816206218124 
0.3728898031279688 -0.03032283798846259 0.05015821413485185 
0.3727419069600527 -0.029610219333937766 0.048755072817757004 
0.37258200337888536 -0.02888109985835877 0.04736012386532113 
0.3724099573408349 -0.02813396160496875 0.04597242989105388 
0.37222613677309313 -0.027367425099412517 0.04459140372280305 
0.3720313172936237 -0.02658031209065516 0.04321680507522831 
0.37182658227779697 -0.02577169523842741 0.04184871792224226 
0.37161322233720306 -0.02494093283310369 0.04048751310390628 
0.371392638384342 -0.0240876875848208 0.039133801212598796 
0.37116625247992924 -0.023211929640307355 0.037788380560227194 
0.37093543038983645 -0.022313925062137023 0.036452184210446985 
0.3707014191235412 -0.021394211864080484 0.03512622892945659 
0.370465301717855 -0.020453566240622962 0.033811567734607986 
0.370227970293297 -0.019492961840960492 0.03250924671553479 
0.36999011711120794 -0.018513524865086672 0.03122026609592752 
0.36975224215674624 -0.017516487488292255 0.02994554513708967 
0.36951467478875144 -0.016503141749029542 0.028685890429960913 
0.36927760630595663 -0.015474795652233302 0.027441967309222198 
0.3690411299073271 -0.01443273291007029 0.026214274458504466 
0.36880528446161526 -0.013378177497716673 0.02500312216171379 
0.3685700987092414 -0.012312264044203136 0.02380861500047116 
0.36833563294100624 -0.011236014980833639 0.022630640024458224 
0.36810201576362295 -0.010150325285439944 0.0214688614741175 
0.36786947419646115 -0.009055955534297496 0.020322722985348995 
0.36763835597382116 -0.007953533754160831 0.019191457857660313 
0.36740914349003956 -0.006843566222382698 0.018074107458229096 
0.36718245927926 -0.00572645689080838 0.016969547230769613 
0.3669590632547342 -0.004602534540751622 0.015876519163611907 
0.3667398421614227 -0.0034720861741365378 0.014793669031211442 
0.3665257918616202 -0.002335394590762967 0.013719586327886052 
0.3663179932276372 -0.0011927776760308497 0.012652844605630282 
0.36611758260161725 -4.462669378597819e-05 0.011592039921949598 
0.36592571802041657 0.001108559117272848 0.010535825283690837 
0.36574354268151876 0.0022661441049347556 0.009482939304851033 
0.36557214740336424 0.0034273359364526074 0.008432227737404964 
0.3654125340517304 0.004591174916075158 0.007382657040134469 
0.3652655820035622 0.0057565336124576275 0.00633331967997381 
0.3651320196572992 0.006922126815838701 0.0052834313764026294 
0.36501240275753294 0.008086531182538673 0.004232320969406834 
0.3649071008955229 0.009248213351387181 0.0031794139885186587 
0.36481629301573837 0.010405564861632563 0.0021242113049584985 
0.3647399721590913 0.011556941876048247 0.0010662644511228538 
0.3646779590680768 0.012700707514338628 5.14929264157013e-06 
0.364629923724669 0.013835274521067004 -0.0010595602509251827 
0.3645954134330476 0.014959146018424057 -0.00212831680187518 
0.3645738857244694 0.016070952220072852 -0.0032016209148143034 
0.3645647441630916 0.01716948120657213 -0.00428003788817699 
0.36456737506745046 0.018253702188266944 -0.005364208798439003 
0.364581183220028 0.019322780110137935 -0.006454854763994848 
0.3646056247971014 0.02037608097908287 -0.00755277369522952 
0.3646402359891786 0.02141316789616 -0.008658829101594948 
0.36468465607408435 0.022433788412686166 -0.009773930924195488 
0.364738644026974 0.023437854437987984 -0.010899008849913789 
0.36480208808454395 0.024425416434071364 -0.012034979124931521 
0.3648750080096924 0.025396633967143506 -0.013182706478998801 
0.3649575501184533 0.026351744797671 -0.01434296332987077 
0.3650499754287056 0.02729103456726143 -0.015516388879673276 
0.3651526415690091 0.028214808816014868 -0.016703450965930042 
0.365265979346692 0.02912336861345866 -0.017904413537542786 
0.3653904651175096 0.03001699060888846 -0.019119312375506927 
0.36552659032339246 0.030895911899966745 -0.02034794119591018 
0.36567482976536186 0.0317603198510126 -0.02158984961842886 
0.3658356103467947 0.032610346888484035 -0.022844353734079205 
0.36600928214431827 0.03344607033540903 -0.024110559237287842 
0.3661960937213507 0.03426751745440483 -0.025387396359355857 
0.3663961735704576 0.035074675966562066 -0.026673665189493642 
0.3666095194312165 0.03586751032131117 -0.02796808940895626 
0.3668359969579054 0.03664598385634725 -0.029269375989515626 
0.36707534879007747 0.03741008669217233 -0.030576278007520104 
0.36732721450453043 0.03815986878234066 -0.0318876573878041 
0.36759116121138635 0.038895477056279944 -0.03320254411435672 
0.36786672373194707 0.03961719513894297 -0.03452018823657201 
0.3681534524146027 0.04032548380488183 -0.03584010088633138 
0.36845096577813746 0.041021020193459184 -0.03716208054273755 
0.3687590044000889 0.04170473389565526 -0.03848622099015139 
0.36907748187025036 0.042377838269352874 -0.039812897867034645 
0.36940652826901843 0.04304185562104391 -0.04114273144698693 
0.3697465215449315 0.043698635019862084 -0.04247652436258192 
0.37009810236966384 0.04435036127932296 -0.04381517439253301 
0.37046216855187597 0.04499955289597316 -0.045159564188754595 
0.3708398459349847 0.0456490454444215 -0.0465104319312125 
0.37123243400003736 0.04630195527781229 -0.04786822938172311 
0.3716413263397386 0.046961616826531175 -0.0492329766545726 
0.3720679089930701 0.04763148606373315 -0.050604126105817736 
0.37251344344591947 0.04831500375248453 -0.05198045067119543 
0.3729789456683371 0.04901541581394944 -0.053359973948163754 
0.3734650770219499 0.049735555026050704 -0.05473995908714212 
0.3739720656946849 0.050477597773709755 -0.05611696975028735 
0.3744996766013283 0.05124281983587158 -0.057487008137365264 
0.37504724197645584 0.052031383025215414 -0.05884572284732386 
0.37561375425723104 0.052842186332621735 -0.06018866553894632 
0.37619800960679317 0.053672808773743 -0.06151156396092604 
0.37679877868897127 0.05451955693364717 -0.06281057406857295 
0.3774149753718454 0.055377612031018715 -0.06408247790771616 
0.37804579626675955 0.05624125478375988 -0.06532480581116785 
0.3786908135494452 0.057104136336148595 -0.06653587739084021 
0.3793500167457318 0.05795956198199162 -0.06771477087188318 
0.38002381152868475 0.05880075995966324 -0.0688612406071808 
0.38071299152035337 0.05962111663161669 -0.06997560656435356 
0.3814187011497575 0.060414368186463646 -0.07105863787290181 
0.3821424042948594 0.06117474532577269 -0.07211144708716426 
0.3828858664500571 0.061897070846626406 -0.07313540474443524 
0.3836511496763224 0.06257681172030984 -0.07413207666859911 
0.3844406117697631 0.06321008890494113 -0.07510318029457864 
0.3852568958934249 0.06379365107005204 -0.07605055171693223 
0.3861028959281323 0.06432482294050886 -0.07697611272799101 
0.3869816867856538 0.06480144401980249 -0.07788182725159637 
0.38789641734941516 0.06522181691827812 -0.07876963944074301 
0.38885017443112624 0.06558468414511107 -0.07964139082206718 
0.3898458358173187 0.06588924684399683 -0.08049872001831815 
0.39088593572511887 0.0661352293171227 -0.0813429540398919 
0.39197256476361797 0.06632298192474383 -0.0821750032861398 
0.3931073190815183 0.06645360550473167 -0.08299527237448628 
0.3942913021868996 0.06652907554055239 -0.08380359595732419 
0.3955251713500521 0.06655234480819998 -0.08459920396257375 
0.39680921150843496 0.06652740809561108 -0.08538071576656438 
0.3981434147970157 0.06645931954591337 -0.08614615904541653 
0.3995275434090818 0.06635415980295027 -0.08689300726108037 
0.40096115674418387 0.06621895467105655 -0.08761823009981083 
0.40244358982468753 0.06606154871691067 -0.0883183533682674 
0.4039738781346522 0.06589043646919478 -0.08898952818924322 
0.4055506340230502 0.06571455183487118 -0.08962761288304684 
0.4071718911754139 0.06554301492096329 -0.09022827349337095 
0.4088349451795509 0.06538483674787311 -0.0907871091997781 
0.41053622734859446 0.065248588027364 -0.09129980571786578 
0.4122712519267395 0.06514204844317852 -0.09176231288615441 
0.4140346697627426 0.06507186548054127 -0.09217103314488534 
0.41582044292384374 0.06504326207121557 -0.09252299848012775 
0.41762212751276423 0.06505983446457844 -0.09281600863826199 
0.41943322407073425 0.06512347211442525 -0.09304870623054595 
0.4212475365240915 0.06523441106134693 -0.09322057514329238 
0.4230594789841956 0.06539140751727066 -0.09333186424679964 
0.4248642852598115 0.06559199768046468 -0.09338345330487093 
0.4266581019837122 0.06583279974301069 -0.09337668727928344 
0.4284379727977244 0.06610981609824744 -0.09331320677648217 
0.43020173988111027 0.06641870457719148 -0.0931947973619899 
0.43194789691005064 0.06675500159767507 -0.09302327201316975 
0.4336754257058116 0.06711429258027733 -0.09280039233687874 
0.4353836413036783 0.06749233335569726 -0.0925278274285138 
0.4370720610153228 0.06788513031393595 -0.09220714504875359 
0.43874030502372446 0.06828898783017401 -0.09183982779163484 
0.4403880303043564 0.06870053051088708 -0.09142730635654052 
0.44201489616548495 0.06911670624294033 -0.09097100221573803 
0.4436205577842646 0.0695347746283292 -0.09047237245938934 
0.4452046830059422 0.06995228443959815 -0.08993295026949043 
0.44676698679027477 0.07036704322545471 -0.08935437539938314 
0.448307276789796 0.07077708196283945 -0.08873841036485738 
0.4498255027242857 0.07118061747651355 -0.08808693986993615 
0.4513218017988103 0.07157601505605808 -0.08740195321408796 
0.45279653277244203 0.07196175321383867 -0.08668551178315947 
0.4542502926522499 0.07233639188144989 -0.08593970580304257 
0.45568391231628713 0.07269854466583334 -0.08516660591381726 
0.45709843031392694 0.07304685524613433 -0.08436821552268349 
0.4584950471048101 0.07337997771962419 -0.08354642927783182 
0.4598750645068115 0.07369656073896941 -0.08270300158730078 
0.461239816708082 0.07399523555524104 -0.08183952727341276 
0.4625905996941584 0.07427460844483426 -0.08095743462896424 
0.46392860544540904 0.07453325828731194 -0.08005798966125073 
0.4652548660530062 0.07476974014597876 -0.07914230934730562 
0.46657021133270954 0.07498259552603159 -0.07821138128444678 
0.4678752419015166 0.07517036956297336 -0.07726608709107934 
0.4691703182435244 0.07533163479686521 -0.07630722713058397 
0.4704555651357651 0.0754650205108313 -0.07533554444581542 
0.4717308899429346 0.07556924595053892 -0.07435174610530146 
0.47299601266974883 0.0756431551786539 -0.0733565204412289 
0.47425050520524886 0.07568575092376267 -0.07235054892462886 
0.47549383683934127 0.07569622461430357 -0.07133451172578195 
0.4767254228475441 0.07567397989016662 -0.07030908639904593 
0.4779446727400293 0.07561864728494203 -0.06927493963569056 
0.4791510347101874 0.07553008846645598 -0.06823271262661759 
0.48034403297008954 0.07540838936403249 -0.06718300120359821 
0.4815232950884143 0.07525384259964175 -0.06612633248556603 
0.48268856717228226 0.0750669207372699 -0.06506314014351228 
0.4838397157192354 0.07484824281437143 -0.06399374053810684 
0.4849767161103137 0.0745985372827368 -0.0629183118534634 
0.48609962888113856 0.07431860477522545 -0.06183687798264792 
0.4872085659496521 0.07400928401008815 -0.06074929839840239 
0.48830364977777674 0.07367142369400893 -0.05965526467307433 
0.48938496893003625 0.07330586258424425 -0.058554303796639215 
0.4904525336503608 0.07291341903344857 -0.057445788053036975 
0.49150623494024154 0.07249489047225144 -0.05632895098203828 
0.4925458102465286 0.07205106246039333 -0.055202908862428936 
0.49357081832395644 0.07158272619962437 -0.05406668715481165 
0.494580625188135 0.07109070276572041 -0.052919251373017256 
0.49557440236689654 0.07057587178424216 -0.05175954184503645 
0.4965511379223625 0.07003920184795384 -0.05058651172460424 
0.49750965997049634 0.06948177966990844 -0.04939916739584647 
0.498448671680741 0.06890483482155366 -0.0481966100811852 
0.4993667960106348 0.06830975697297892 -0.046978077056743284 
0.5002626277469537 0.06769810289014822 -0.04574298046938832 
0.5011347898327471 0.0670715910932802 -0.04449094142410214 
0.5019819905233557 0.06643208304356261 -0.043221816861473056 
0.5028030777064256 0.06578155094496295 -0.04193571684878779 
0.5035970868023387 0.06512203360034655 -0.0406330103064371 
0.5043632790612043 0.06445558306813279 -0.03931431787958748 
0.5051011677709751 0.06378420592640775 -0.03798049158883482 
0.505810530817624 0.06310980358769054 -0.03663258195543392 
0.5064914090839834 0.06243411620952184 -0.03527179437194944 
0.5071440912169416 0.061758674302253735 -0.033899437446199665 
0.5077690862246638 0.06108476123702189 -0.03251686676779966 
0.5083670861100653 0.06041338867411485 -0.031125427947430603 
0.508938921265698 0.05974528567067355 -0.029726402818767126 
0.5094855116432981 0.059080901079094514 -0.028320962380473172 
0.5100078167856059 0.05842041795190107 -0.026910129443940656 
0.5105067876976267 0.05776377808802221 -0.025494753126066496 
0.5109833232730413 0.057110714577295774 -0.024075496383175545 
0.5114382336127787 0.05646079015607527 -0.022652836815043955 
0.5118722121074925 0.0558134392805813 -0.021227080051643837 
0.5122858176281117 0.055168011961312845 -0.01979838422164831 
0.5126794675946188 0.05452381751228136 -0.018366793323343573 
0.5130534420810708 0.053880166423822234 -0.016932276796593905 
0.5134078984703996 0.05323640858114699 -0.01549477224732758 
0.5137428955074567 0.05259196607225353 -0.014054228123774723 
0.5140584249402463 0.051946358927444085 -0.012610643206313808 
0.514354448335695 0.05129922237516443 -0.011164100062440101 
0.5146309361758317 0.05065031462624066 -0.009714790129175402 
0.5148879060599313 0.04999951480828531 -0.008263028784966174 
0.5151254568254636 0.049346811410985604 -0.006809259601106695 
0.5153437956929596 0.04869228237547501 -0.005354047836266399 
0.515543256128828 0.04803606865057476 -0.003898064065850224 
0.5157243049476964 0.04737834353770217 -0.0024420595386806577 
0.5158875381434538 0.046719280383497694 -0.0009868353688718872 
0.5160336659267786 0.04605902113677431 0.00046679202490364767 
0.5161634883410834 0.045397648000256884 0.0019180267211843399 
0.5162778635376002 0.04473515995358294 0.0033661279028411586 
0.5163776712599852 0.0440714553947508 0.004810441044190426 
0.5164637743052928 0.04340632162813147 0.006250423757948398 
0.5165369807113475 0.04273943147888301 0.007685664752665035 
0.5165980092131344 0.042070346963314416 0.00911589477195109 
0.5166474601658501 0.04139852968711299 0.010540988852986086 
0.5166857937011066 0.040723357448430676 0.01196095975348384 
0.5167133164064033 0.040044146348077535 0.013375942948782108 
0.5167301773214705 0.039360177512967304 0.014786174175937925 
0.516736373537442 0.03867072729426865 0.016191961062957103 
0.5167317651632055 0.037975099506484866 0.017593650873618964 
0.5167160988822541 0.03727265795752143 0.01899159675577373 
0.5166890387662418 0.03656285724271014 0.02038612503976812 
0.5166502024606804 0.035845269617391116 0.02177750604910812 
0.5165992003605901 0.03511960580247653 0.023165930547472773 
0.5165356750163707 0.0343857278698173 0.02455149338803578 
0.5164593378265253 0.03364365290623165 0.025934185227343167 
0.5163700001445406 0.032893546915602784 0.027313892418566032 
0.5162675962792557 0.03213570928461829 0.028690404513935227 
0.5161521964824551 0.031370548978313 0.0300634282692598 
0.516024008829315 0.030598554320390933 0.031432606701181885 
0.5158833698090788 0.029820258660736787 0.03279754160103581 
0.5157307243460947 0.02903620440481872 0.03415781791974499 
0.5155665967677074 0.02824690780034489 0.035513028546042824 
0.5153915548561407 0.027452826611641026 0.0368627981442033 
0.5152061695323266 0.026654332446488287 0.038206804852961615 
0.5150109729189583 0.02585168911249053 0.03954479875728594 
0.5148064175399827 0.025045038025098547 0.04087661614078788 
0.5145928392681188 0.024234391388545655 0.0422021886424423 
0.5143704263660128 0.02341963361214139 0.043521546619917646 
0.514139196608478 0.022600531169675135 0.04483481630021688 
0.5138989840400022 0.021776750807921793 0.046142210692798 
0.5136494364186455 0.020947885613524574 0.04744401473534152 
0.513390023822146 0.020113487929673705 0.04874056568630121 
0.5131200582418527 0.019273107487784262 0.050032230288877155 
0.5128387232726237 0.018426332447620302 0.05131938061029607 
0.5125451122508848 0.01757283043358441 0.05260237061890819 
0.5122382724549845 0.016712386257205853 0.053881515445252506 
0.5119172523446923 0.015844932963755165 0.0551570748834105 
0.5115811483770182 0.014970573223854288 0.056429242089782235 
0.5112291477832314 0.014089588912814286 0.057698137742329195 
0.5108605638842572 0.013202437883997234 0.05896380926999034 
0.5104748610636769 0.01230973826573621 0.060226234269250396 
0.5100716673552925 0.011412241872678362 0.061485326964827225 
0.5096507736322786 0.01051079931972195 0.06274094655254953 
0.5092121194782727 0.009606320028714449 0.06399290643397262 
0.508755766851805 0.008699730490444821 0.065240983625813 
0.5082818635272913 0.0077919339443361406 0.06648492790650448 
0.5077905989537157 0.006883774183340972 0.06772447046986947 
0.507282155603269 0.005976005618093414 0.06895933195157584 
0.5067566591047246 0.005069271158805939 0.07018922967908921 
0.506214130502547 0.004164088967551389 0.0714138839075864 
0.5056544438834291 0.003260848716421832 0.07263302270263468 
0.5050772923847044 0.002359817630667402 0.0738463850806189 
0.5044821652431151 0.0014611562411465436 0.07505372207302274 
0.5038683380402379 0.0005649433484566238 0.07625479556632456 
0.5032348776262595 -0.0003287908420117943 0.07744937507278096 
0.5025806623354674 -0.0012200251335714907 0.07863723295448766 
0.5019044170466396 -0.002108703788599468 0.07981813896484112 
0.501204761432974 -0.0029946922488598036 0.08099185518264472 
0.5004802684880075 -0.0038777359080660436 0.08215813240176999 
0.4997295292600857 -0.004757425880396244 0.0833167087555578 
0.4989512188679914 -0.0056331753283747855 0.08446731082294515 
0.49814415848906607 -0.006504208940151438 0.0856096567840401 
0.49730736823526406 -0.007369566675395593 0.08674346052796959 
0.49644010668249 -0.0082281211726851 0.08786843514378084 
0.49554189418593675 -0.009078606562032243 0.08898429408676353 
0.49461251877966317 -0.00991965518210822 0.09009074856425638 
0.49365202514824835 -0.010749838087237729 0.09118750027927681 
0.49266068861885676 -0.01156770530251985 0.09227422947080614 
0.4916389771867688 -0.012371822436135198 0.09335057901485926 
0.4905875052076206 -0.013160801261099198 0.0944161360286356 
0.48950698262292835 -0.013933322977634109 0.095470412834069 
0.48839816355197624 -0.014688153849853176 0.09651282924788805 
0.4872617979094121 -0.015424153654448505 0.09754269800964338 
0.4860985894806765 -0.016140277859390685 0.09855921482896356 
0.4849091636281021 -0.016835574716410593 0.09956145414568936 
0.4836940474632695 -0.017509178588681427 0.10054837136290397 
0.4824536648093666 -0.018160300930971224 0.10151881211117986 
0.4811883474739959 -0.018788220450004462 0.10247152905415027 
0.47989836316154827 -0.019392274105380143 0.1034052067999986 
0.4785839587476017 -0.019971850717824535 0.10431849551383289 
0.47724541570822665 -0.020526388935159547 0.10521005364736272 
0.4758831124934827 -0.0210553810477802 0.10607859962097764 
0.4744975869585447 -0.021558383547500618 0.10692297118678983 
0.47308959110096094 -0.02203503436797707 0.1077421896114485 
0.47166013071516677 -0.022485075539200313 0.10853552401449822 
0.47021048432665863 -0.022908378774208295 0.10930254966111617 
0.46874219866663686 -0.023304970603783774 0.11004319329549991 
0.46725706134343276 -0.023675053373019686 0.1107577591354473 
0.4657570543856876 -0.024019018845463848 0.11144693101058553 
0.4642442941961525 -0.024337452233285168 0.11211174897310229 
0.46272096378848177 -0.02463112589357555 0.11275356187604511 
0.4611892421432455 -0.024900983325873406 0.11337396015902469 
0.4596512337079506 -0.02514811515890513 0.11397469484914158 
0.4581088992368117 -0.02537372937061612 0.11455758936079229 
0.4565639879496639 -0.02557911806814271 0.11512445018103176 
0.45501797070773436 -0.025765622910125043 0.11567698128738248 
0.45347197454359867 -0.025934600868047712 0.11621670554799246 
0.45192672018414826 -0.026087391648710476 0.11674489472935551 
0.4503824657951219 -0.026225287820437256 0.11726250831762666 
0.44883896167848086 -0.026349508516224092 0.11777014029918675 
0.44729542175806647 -0.026461177496043906 0.11826797245555916 
0.4457505181660586 -0.026561306289824928 0.11875573270126379 
0.4442024049373179 -0.02665078307454605 0.11923265760096492 
0.44264877563028915 -0.02673036785326833 0.11969745944808606 
0.44108695756922994 -0.026800694420917953 0.12014830004363021 
0.43951404235986136 -0.02686227955841556 0.12058277526564565 
0.4379270485127018 -0.02691553991953312 0.12099791615205381 
0.4363231077679107 -0.026960817145058075 0.12139021289328294 
0.4346996626773522 -0.026998411770557527 0.12175566725852664 
0.43305466003445814 -0.027028626344112117 0.1220898762720967 
0.431386723786422 -0.027051817692752743 0.122388145657114 
0.42969529278572666 -0.027068457406667586 0.12264562653329455 
0.4279807131723974 -0.027079198437184128 0.12285746440603468 
0.4262442815191661 -0.027084944474160728 0.1230189469587183 
0.42448824161692794 -0.02708691779891192 0.12312563741114348 
0.42271574322743893 -0.027086720849926776 0.12317348322488857 
0.4209307740268272 -0.027086386854446434 0.12315889484325789 
0.41913807594638525 -0.027088415421840602 0.12307879457505508 
0.41734305475493527 -0.027095789680811586 0.12293064035035 
0.41555168814253846 -0.0271119720776533 0.12271243207538769 
0.41377043388336965 -0.027140876142767355 0.12242270951455354 
0.4120061365599852 -0.027186811343616425 0.12206055031827166 
0.4102659289082168 -0.027254397727533245 0.12162557541188548 line 2  
0.4136005350952216 -0.02559332777765351 0.11021850531482745 
0.4123474745682623 -0.025756023988770436 0.10984421774390164 
0.41113463792605687 -0.025928387701219996 0.10942229929317428 
0.4099667758252486 -0.026111912060823483 0.10895448147820104 
0.4088473629342222 -0.026308000170297104 0.10844256607770514 
0.4077782925879641 -0.02651804911638085 0.10788819165714218 
0.4067597015409304 -0.026743589140005183 0.10729258913556068 
0.4057899750829803 -0.02698644955919715 0.1066563693961017 
0.4048659591331232 -0.02724889759738177 0.10597939491820639 
0.40398336293516623 -0.02753368051328619 0.10526078176930206 
0.403137284247346 -0.027843908685062455 0.10449905325724466 
0.40232274945088886 -0.028182753661857983 0.10369242655975021 
0.4015351551595412 -0.028552991547909953 0.10283917358301144 
0.4007705328207077 -0.028956475222861603 0.10193797560424823 
0.40002561903341516 -0.029393644251000474 0.10098819839275469 
0.3992977738080155 -0.029863168607726653 0.09999004586859356 
0.3985848226558012 -0.030361781226937803 0.0989445898038556 
0.39788489899208707 -0.030884306106469098 0.09785370374325048 
0.39719634007534377 -0.031423852135674585 0.09671994260579572 
0.3965176583545304 -0.03197212575519819 0.09554640646716486 
0.39584758323807273 -0.03251981529505136 0.09433661444404141 
0.39518515144251687 -0.03305700861859395 0.09309439944904778 
0.39452981703031526 -0.033573616042661215 0.09182382160809546 
0.39388155232550115 -0.03405977777478701 0.09052908962041513 
0.39324091545907763 -0.03450623785423182 0.08921447610070904 
0.39260906773318627 -0.03490466590263688 0.08788421513065019 
0.3919877334869976 -0.03524790673227541 0.08654237748070208 
0.39137910580612334 -0.03553013965868038 0.08519272978535017 
0.39078571147420116 -0.035746937183079766 0.08383859525728707 
0.3902102553251784 -0.035895226975594566 0.08248274080373363 
0.38965546507120496 -0.03597317837104519 0.08112731442441495 
0.38912395213077794 -0.035980048276959914 0.07977384615887412 
0.38861809440061773 -0.035916024950434056 0.07842330889304011 
0.3881399379738264 -0.03578209923836917 0.07707621903673074 
0.387691110762606 -0.035579975501557067 0.07573274849186488 
0.3872727430888154 -0.035312016483938106 0.07439282152501471 
0.3868853963120487 -0.03498120500278225 0.07305618087956292 
0.38652900654651445 -0.03459110318379837 0.07172242114252672 
0.38620285335673676 -0.03414579494018306 0.07039099860260793 
0.3859055620677101 -0.03364980513848822 0.06906123268433055 
0.38563514396805115 -0.03310799567648444 0.06773231434633192 
0.3853890730906703 -0.03252544285834571 0.06640333304971789 
0.38516439318475 -0.03190730221694604 0.0650733279049921 
0.38495784510623143 -0.031258667416941915 0.0637413620168241 
0.38476600361995567 -0.030584430110317216 0.06240661311306786 
0.3845854133860333 -0.029889148044202733 0.06106846920485926 
0.38441271609302263 -0.029176929142562206 0.05972661591073944 
0.38424476343367486 -0.02845133915614957 0.05838110243574501 
0.38407871302918345 -0.02771533929835957 0.057032375821489345 
0.3839121059092963 -0.026971257898973398 0.055681277372292684 
0.3837429246279452 -0.026220796796763254 0.054329000285876276 
0.3835696308823744 -0.02546506958013109 0.05297701262513267 
0.3833911812270617 -0.024704665613994228 0.05162695413589111 
0.3832070197280875 -0.02393973168152923 0.05028051850220363 
0.38301704749548615 -0.02317006235392691 0.04893933408171694 
0.3828215708548726 -0.022395190866103885 0.04760485582844126 
0.3826212320215065 -0.021614474004275658 0.04627827908078821 
0.3824169279243912 -0.02082716679857401 0.04496048253229823 
0.38220972380318685 -0.02003248511894947 0.04365200360903894 
0.38200076815378914 -0.019229656154976942 0.04235304536420371 
0.38179121463697463 -0.018417957971935937 0.0410635105261903 
0.3815821550299867 -0.017596749845019487 0.03978305595594886 
0.38137456561423816 -0.01676549502457044 0.038511159655877106 
0.381169267907009 -0.01592377721565185 0.03724719253209649 
0.38096690356037244 -0.015071311607663321 0.03599048806523471 
0.3807679225988179 -0.014207950943358355 0.034740404533702376 
0.3805725838562108 -0.013333686955021426 0.03349637611443701 
0.38038096635344554 -0.012448647510158093 0.03225795079062976 
0.3801929902853619 -0.01155308992824051 0.031024814354835832 
0.38000844615912527 -0.010647391059141724 0.029796800836299247 
0.3798270304071261 -0.009732034772555593 0.028573890407849106 
0.37964838550320656 -0.008807597455866303 0.02735619629630457 
0.3794721423007119 -0.007874731965804519 0.026143942511305456 
0.379297962064529 -0.006934150281365898 0.02493743440086856 
0.3791255755681006 -0.005986604941924387 0.023737024197137743 
0.37895481673464193 -0.00503286930439689 0.022543073858067912 
0.378785648652282 -0.004073716767897169 0.021355917627171733 
0.3786181803768459 -0.003109899396602195 0.020175826779233037 
0.37845267369980845 -0.0021421267695387563 0.01900297893520946 
0.3782895399097323 -0.001171046302185181 0.01783743406210272 
0.3781293273973952 -0.00019722660044740642 0.016679118800412715 
0.3779727016327666 0.0007788544850903761 0.015527820102811297 
0.37782041948828465 0.0017568156045415042 0.014383188385799463 
0.37767330005732747 0.002736370403699941 0.013244749584161702 
0.37753219403483096 0.003717318396389715 0.012111924757215736 
0.377397953452016 0.004699528645073604 0.010984055313802893 
0.37727140318017993 0.005682917483430778 0.009860431558145127 
0.3771533152321756 0.006667422195229483 0.008740322134592231 
0.37704438656568917 0.007652973026912419 0.007623002057351865 
0.3769452208656222 0.008639466102218066 0.00650777731899136 
0.3768563146524849 0.009626739715985093 0.005394004531360802 
0.37677804799993453 0.010614556141221244 0.004281104609759549 
0.3767106801035642 0.01160259054797711 0.0031685701088160403 
0.3766543498819538 0.012590427979358111 0.002055966401825387 
0.37660908167944324 0.013577568635688726 0.0009429274148037544 
0.37657479596569754 0.01456344104971653 -0.00017085295824637286 
0.3765513246954049 0.01554742214510718 -0.0012856323500123146 
0.37653843072152243 0.016528862690484574 -0.0024016327807888965 
0.3765358303743601 0.0175071163087361 -0.0035190533547182472 
0.3765432180557943 0.018481569981178163 -0.004638081407764052 
0.37656029148088765 0.019451673896856616 -0.0057589009822318375 
0.37658677605259533 0.020416968535215102 -0.006881697842042836 
0.37662244679936846 0.021377107032776704 -0.008006660630798135 
0.37666714635615844 0.022331871169160886 -0.009133978179477528 
0.37672079763692623 0.02328117971040142 -0.01026383336452024 
0.37678341013400746 0.024225088357142696 -0.01139639427651008 
0.3768550791788074 0.02516378113934859 -0.012531803764664512 
0.3769359779881992 0.026097553740603577 -0.013670168654058776 
0.3770263428661163 0.027026789872996712 -0.014811550071376066 
0.37712645248169846 0.02795193239838142 -0.015955956339719912 
0.3772366026476701 0.02887345134427214 -0.017103339792721002 
0.3773570784190145 0.029791811244394343 -0.01825359859714075 
0.37748812557507727 0.030707440316259757 -0.0194065842578482 
0.377629923607559 0.03162070386665768 -0.020562114924467193 
0.3777825622040866 0.03253188400961976 -0.02171999396239167 
0.377946022906919 0.033441167327265424 -0.022880032550467173 
0.37812016717371155 0.03434864154930711 -0.02404207439643063 
0.3783047315213976 0.0352543017217946 -0.02520602009712241 
0.37849932985158924 0.03615806572617816 -0.026371848285473155 
0.3787034624932723 0.037059798434277695 -0.02753963055680837 
0.3789165310071197 0.0379593432704813 -0.02870953728798024 
0.3791378574167004 0.038856559513090236 -0.029881831865258206 
0.379366706293504 0.03975136330014317 -0.03105685150902376 
0.3796023080386138 0.04064376999308284 -0.03223497379368811 
0.3798438817725678 0.0415339352626124 -0.03341656906257993 
0.3800906564510373 0.04242219195787052 -0.0346019401704484 
0.3803418891415054 0.043309079474152586 -0.035791252283131375 
0.3805968797952576 0.04419536194562127 -0.036984456753710364 
0.38085498230480574 0.045082031207702156 -0.038181214307737216 
0.3811156121398472 0.045970290217908764 -0.03938082384318632 
0.381378251417576 0.04686151269013569 -0.04058216402310023 
0.3816424529171841 0.04775717535214259 -0.04178365543701439 
0.3819078453230093 0.04865876078267174 -0.04298325131074678 
0.38217414285834655 0.04956763149963253 -0.04417846433849393 
0.3824411633223894 0.050484879995259815 -0.04536643585017797 
0.38270885905717084 0.05141116459870619 -0.046544050748687345 
0.3829773650377633 0.052346546765118025 -0.04770809700406646 
0.3832470664658922 0.053290350393068474 -0.048855461806869276 
0.38351868445337484 0.054241066218551404 -0.04998334826544897 
0.38379337264405483 0.055196322184604754 -0.051089488299274274 
0.3840728109265622 0.05615293254766831 -0.05217232166039586 
0.38435927677467274 0.05710702470682991 -0.05323111071141856 
0.3846556727935712 0.058054226192007924 -0.05426596770043077 
0.3849654927100542 0.05898987995588678 -0.05527778548571146 
0.3852927174047761 0.05990924950126343 -0.05626808072744266 
0.3856416453481127 0.06080767965361792 -0.05723877520263164 
0.3860166741198706 0.06168069307306135 -0.05819195102870773 
0.3864220579746403 0.06252402204326891 -0.059129616623108464 
0.38686166897592694 0.06333359306443752 -0.060053513096719253 
0.387338786750148 0.06410549282137559 -0.06096497903759944 
0.3878559365895864 0.06483594573264302 -0.061864879520184914 
0.3884147896761144 0.06552132624879159 -0.06275359574892675 
0.38901613372700417 0.06615821620286344 -0.06363106609862047 
0.3896599171235125 0.06674350244461584 -0.0644968667755734 
0.39034536344188236 0.0672744962631291 -0.06535031932754573 
0.3910711452320245 0.06774904692403204 -0.06619061129867396 
0.3918355960017636 0.06816561971956908 -0.06701691485173866 
0.3926369296585566 0.06852331590604355 -0.06782848680494229 
0.39347343089252823 0.06882182731629738 -0.06862473393889146 
0.3943435823357905 0.06906133865883522 -0.06940523148069316 
0.3952461070436552 0.06924240888357064 -0.07016969109320915 
0.39617992598429147 0.06936587194386727 -0.07091788604253035 
0.39714405334465824 0.06943279204546907 -0.07164955195844329 
0.3981374690822001 0.06944449017306784 -0.07236428766502569 
0.3991590120262292 0.06940263443878744 -0.07306147950121589 
0.40020732724071134 0.06930936622790448 -0.07374026493541624 
0.4012808831683254 0.06916742448149335 -0.07439954025403331 
0.4023780546946739 0.06898023354877664 -0.07503800660197008 
0.40349725381096446 0.0687519324954963 -0.07565424150494166 
0.40463708257012493 0.06848733977250525 -0.07624678009934577 
0.405796482638768 0.06819186147100591 -0.07681419093605925 
0.40697485923436816 0.06787136089370302 -0.0773551340681883 
0.408172161871932 0.06753201090866216 -0.07786839303940447 
0.4093889085401926 0.0671801489750654 -0.07835287679949661 
0.410626143609023 0.06682214891799533 -0.0788075924128687 
0.41188532411271156 0.0664643148928619 -0.0792315947024214 
0.4131681357470638 0.06611279339567898 -0.07962392428375374 
0.4144762500508627 0.0657734911794696 -0.0799835496512728 
0.4158110470763406 0.06545198345084291 -0.08030933031736566 
0.4171733401320063 0.06515339998943737 -0.0806000148441784 
0.41856314581132315 0.06488228688890671 -0.08085427960688235 
0.41997953892252704 0.0646424553198474 -0.08107080311998255 
0.4214206170252944 0.06443684051822053 -0.08124836046225527 
0.42288357699747037 0.06426739876464979 -0.0813859166989867 
0.4243648838983666 0.06413506523619833 -0.08148269928955613 
0.4258604976376512 0.064039783398819 -0.08153823637992139 
0.42736611910096656 0.06398060208949635 -0.08155235742970093 
0.42887742313217575 0.06395582469280456 -0.0815251612141242 
0.4303902567326909 0.0639631887086413 -0.08145696154394493 
0.43190079225683875 0.06400005364182682 -0.08134822258804839 
0.43340563412772415 0.06406357879007687 -0.08119949437635599 
0.4349018826781119 0.06415087794687171 -0.08101135632067481 
0.43638716071537464 0.06425914351671283 -0.08078437363211045 
0.43785960857013617 0.06438573709853831 -0.08051906904051762 
0.4393178529250131 0.06452824693870989 -0.08021591044614138 
0.44076095443619656 0.064684514896725 -0.0798753139416828 
0.4421883393694565 0.06485263696593797 -0.07949766078088381 
0.44359972107388085 0.06503094221005672 -0.07908332609392149 
0.44499501775044586 0.0652179554096115 -0.07863271632528547 
0.44637427319491707 0.06541234887536995 -0.07814631151551735 
0.44773758665643026 0.0656128888218872 -0.07762470782857797 
0.44908505653889913 0.06581838140101555 -0.07706865538736897 
0.45041674056093983 0.06602762295235905 -0.07647908674493913 
0.45173263260810403 0.06623935823075314 -0.07585713228398318 
0.45303265439075097 0.0664522493556857 -0.07520412040684239 
0.45431665861360687 0.0666648570780518 -0.07452156227683349 
0.45558443989035 0.06687563479350142 -0.07381112272808006 
0.45683575003485766 0.06708293467012742 -0.07307458042751278 
0.45807031533552606 0.06728502439417607 -0.07231378122800648 
0.45928785457107313 0.06748011241635837 -0.07153058884708693 
0.4604880974888673 0.06766637920248707 -0.0707268366474263 
0.46167080400282684 0.06784201182561499 -0.06990428358228651 
0.4628357844037401 0.06800523924578136 -0.06906457651888834 
0.4639829204805933 0.06815436578108743 -0.06820922034346077 
0.4651121867912642 0.06828780056880841 -0.06733955659118807 
0.4662236705974249 0.06840408124578293 -0.06645675086564723 
0.4673175883868343 0.06850189063790867 -0.06556178898836273 
0.4683942966018722 0.0685800659157749 -0.0646554815850278 
0.46945429427171714 0.06863760039651037 -0.06373847659383061 
0.4704982157315805 0.06867363887257018 -0.0628112789080357 
0.4715268124569105 0.06868746793177968 -0.06187427600594335 
0.47254092412827636 0.06867850310907601 -0.06092776798716656 
0.4735414402119598 0.06864627481751723 -0.05997199998137894 
0.4745292544143241 0.06859041483205645 -0.059007194515604725 
0.4755052151870853 0.0685106446891203 -0.05803358122155806 
0.47647007591998203 0.06840676681058779 -0.057051421320299306 
0.47742444852100413 0.06827865857772508 -0.056061024677516606 
0.47836876378441523 0.0681262690761293 -0.05506275785926922 
0.4793032413640593 0.06794961787912186 -0.054057042457567386 
0.480227871404618 0.06774879505933129 -0.05304434388067954 
0.48114240903046473 0.06752396159827237 -0.05202515168550002 
0.4820463820206942 0.06727534945737842 -0.05099995325570884 
0.4829391111532469 0.06700326073241267 -0.04996920312392091 
0.483819741905331 0.06670806550053131 -0.04893329046960361 
0.4846872854707629 0.06639019817006582 -0.04789250731385469 
0.48554066642368066 0.06605015235925944 -0.04684701972914106 
0.4863787738633839 0.06568847456970753 -0.04579684405856892 
0.487200512572286 0.06530575718233858 -0.044741829769179606 
0.4880048506702584 0.06490263156616223 -0.04368165020653541 
0.4887908605077462 0.06447976230305874 -0.042615802204825394 
0.4895577501332183 0.06403784362322215 -0.041543615233627026 
0.49030488357702995 0.06357759903706448 -0.040464270490324264 
0.49103178933252634 0.06309978478251807 -0.03937683001327721 
0.49173815764420636 0.06260519707464254 -0.038280275429395084 
0.492423828347104 0.062094682314491854 -0.03717355531869758 
0.4930887718497729 0.06156914853277056 -0.036055639384796924 
0.49373306626502617 0.061029575614196266 -0.03492557673507444 
0.4943568736028241 0.0604770214816877 -0.03378255472927649 
0.49496041739317376 0.059912621570615505 -0.03262595421801444 
0.49554396325146804 0.05933757963501731 -0.03145539672666941 
0.4961078029471163 0.058753149103395026 -0.030270779360303243 
0.4966522417084238 0.05816060562217658 -0.029072293943498553 
0.4971775879613239 0.05756121280434021 -0.027860428102532114 
0.49768414453454735 0.05695618426384883 -0.02663594750046872 
0.4981722005448507 0.05634664557004458 -0.02539986005412891 
0.4986420235946083 0.05573359973096789 -0.024153364494378424 
0.49909385241587684 0.055117899269587906 -0.022897786908968428 
0.49952789052477725 0.054500227048140046 -0.021634509818255016 
0.4999443016911274 0.05388108692578035 -0.02036489882985947 
0.5003432080274254 0.05326080430040699 -0.019090232003749822 
0.5007246912744765 0.052639535737135645 -0.017811636774423788 
0.5010887974811489 0.052017286305353336 -0.016530038677395748 
0.5014355448482823 0.05139393294368823 -0.015246125270002572 
0.5017649341383608 0.05076925209854405 -0.01396032757474379 
0.5020769608223843 0.05014294995165926 -0.01267282015916258 
0.5023716280750591 0.049514693671770915 -0.011383539658848058 
0.5026489598171257 0.048884142220535685 -0.010092220223857513 
0.5029090131743882 0.04825097527944337 -0.008798443116771726 
0.5031518898922528 0.04761491885789314 -0.0075016966200313045 
0.5033777463384507 0.04697576615061394 -0.006201441629511034 
0.5035868017086963 0.04633339231343528 -0.004897177910351385 
0.5037793439348967 0.04568776208831845 -0.0035885060209924872 
0.5039557326444507 0.04503892966102746 -0.0022751803701239973 
0.5041163984187833 0.04438703075204937 -0.000957149700725981 
0.5042618376315001 0.043732267644419814 0.000365417608510772 
0.504392602360833 0.04307488852880998 0.001692124800539992 
0.50450928526782 0.042415163081488974 0.0030223546904883268 
0.5046124998617791 0.041753356496376806 0.004355293300935311 
0.5047028571529036 0.04108970422714279 0.005689967201134522 
0.5047809402186849 0.04042438947075633 0.007025291800849568 
0.5048472785949782 0.03975752499666274 0.008360127287799186 
0.5049023245787112 0.039089140380764616 0.009693338529181045 
0.5049464334686006 0.03841917513394145 0.011023855067201029 
0.5049798494823977 0.03774747770413419 0.012350727321123635 
0.5050026986172617 0.03707380993798539 0.013673175274591024 
0.5050149891308939 0.03639785633886186 0.014990626299454638 
0.5050166196927465 0.035719237344147 0.016302739369868362 
0.5050073946614014 0.035037525827162325 0.01760941376194685 
0.504987045444354 0.034352266050562616 0.01891078139312455 
0.5049552565229273 0.03366299429964485 0.02020718316810958 
0.5049116944833041 0.032969260364567786 0.021499130959619066 
0.5048560382671515 0.032270648912346725 0.02278725802676561 
0.5047880088135054 0.03156679962472108 0.024072261620715497 
0.5047073962819774 0.030857424841022357 0.025354842127651992 
0.5046140831157231 0.03014232341268026 0.026635643283784545 
0.5045080613303675 0.029421389610165986 0.027915197760798705 
0.5043894426266567 0.02869461624788096 0.029193881820360666 
0.5042584602469858 0.027962091681595844 0.030471881877260597 
0.504115461943936 0.027223990914967227 0.031749174817041634 
0.5039608939938316 0.026480561628429627 0.03302552290275061 
0.5037952768342465 0.025732106417071125 0.03430048316533521 
0.5036191735732721 0.02497896281955743 0.035573430352816585 
0.5034331532404899 0.024221482802814245 0.03684359182690044 
0.5032377511567069 0.023460013245498006 0.038110092227911285 
0.5030334291350756 0.022694878682922297 0.039372005255217515 
0.5028205383527141 0.02192636720675722 0.04062840951241506 
0.5025992876330286 0.02115472003217253 0.04187844504595664 
0.5023697195593052 0.020380124922761873 0.0431213669909426 
0.5021316963231995 0.01960271344704916 0.044356592681864475 
0.5018848965374098 0.01882256194471123 0.04558373875671432 
0.5016288234633646 0.018039696084082773 0.04680264524201998 
0.501362824285111 0.017254098940288128 0.048013384386358104 
0.5010861192670291 0.016465722541424324 0.049216253091257676 
0.5007978389296867 0.015674502747640033 0.05041174908801564 
0.5004970668186556 0.014880377102805487 0.0516005323851393 
0.5001828850616779 0.014083304938644771 0.05278337478772236 
0.49985441972675265 0.013283288580797012 0.05396110129405307 
0.49951088300613644 0.01248039411210082 0.05513452777651314 
0.4991516094458705 0.011674769909056673 0.05630439949635879 
0.49877608379897587 0.010866661174985262 0.05747133470965611 
0.4983839585835411 0.010056418982031683 0.05863577698647034 
0.4979750600537127 0.00924450286752743 0.05979795901704626 
0.49754938201569854 0.008431476711870582 0.06095787974949121 
0.49710706770590707 0.007617998326861021 0.06211529579941058 
0.4966483807463279 0.006804803780715668 0.06326972725679161 
0.4961736669465276 0.005992687887875764 0.0644204773091661 
0.4956833093738005 0.00518248245819237 0.0655666644888151 
0.4951776796107769 0.004375033844195348 0.0667072658040471 
0.49465708842401496 0.0035711811031582477 0.0678411684989848 
0.49412173915537 0.0027717357850447527 0.06896722768683523 
0.49357168701553894 0.0019774640574811023 0.0700843266284662 
0.4930068071178922 0.0011890716618335822 0.07119143602236873 
0.49242677356702114 0.0004071921083045873 0.07228766840332386 
0.49183105124939747 -0.0003676214320225391 0.07337232370286426 
0.4912189012122109 -0.0011348999387993854 0.07444492229190777 
0.490589399715171 -0.0018942573167456957 0.07550522246663516 
0.48994147025141915 -0.002645383369830876 0.07655322036410286 
0.48927392709964357 -0.003388030424382224 0.07758913164585371 
0.488585528314644 -0.004121993561601833 0.07861335583336596 
0.4878750354951324 -0.0048470852091936755 0.07962642572751562 
0.48714127718514744 -0.005563105784109363 0.0806289456813941 
0.48638321237830195 -0.006269812966443391 0.08162152343288276 
0.48559999033634615 -0.006966892784962347 0.08260470062250352 
0.48479100286682925 -0.0076539358237996975 0.08357888700527523 
0.4839559254009642 -0.008330421447543777 0.08454430279506121 
0.4830947437232666 -0.008995712058165455 0.08550093271032613 
0.48220776402794713 -0.009649058228045678 0.08644849429935367 
0.48129560504546576 -0.010289614338972403 0.08738642216285455 
0.48035917217210367 -0.010916463318120743 0.08831386885316712 
0.4793996146978632 -0.011528648343098063 0.08922972252939733 
0.47841826823142547 -0.012125209033607923 0.09013264084230678 
0.4774165851828686 -0.012705219611886247 0.09102109993138496 
0.4763960566700469 -0.01326782669512084 0.09189345675541231 
0.4753581295142554 -0.01381228466014539 0.09274802218940807 
0.4743041221861497 -0.014337986791100588 0.09358314139922887 
0.47323514377498677 -0.01484449062537438 0.09439727701495863 
0.47215202038273363 -0.015331536051380122 0.09518908971162268 
0.4710552338176816 -0.01579905484449587 0.09595751019336193 
0.4699448779861929 -0.016247170565101145 0.09670179653379847 
0.4688206387093793 -0.01667618821318652 0.09742157159940491 
0.46768180244154156 -0.01708657383084411 0.09811683700226842 
0.466527298115454 -0.017478925362444418 0.09878796259276786 
0.4653557737938977 -0.0178539373711644 0.09943565351663904 
0.4641657060099908 -0.018212363372618 0.10006089967583923 
0.4629555351425298 -0.018554980213267593 0.10066491431965509 
0.46172381583385436 -0.018882558790295795 0.10124906890990663 
0.4604693684171218 -0.019195844386372046 0.10181483024102353 
0.45919141644393957 -0.019495548162977668 0.10236370345642914 
0.457889696978313 -0.019782349336586926 0.10289718186564784 
0.45656453394003754 -0.02005690574899717 0.10341670217982252 
0.4552168695104486 -0.02031986933275063 0.10392360254998653 
0.45384825336790946 -0.020571902543317325 0.10441908079688407 
0.4524607934160715 -0.020813692128362357 0.10490415125037589 
0.451057074237545 -0.02104595742022327 0.10537960022150597 
0.44964005071467794 -0.0212694514098857 0.10584594181997513 
0.44821292438282 -0.02148495396718944 0.10630337720871934 
0.4467790095353202 -0.0216932575727963 0.1067517612072561 
0.4453415952979426 -0.021895146764397588 0.10719058029963356 
0.4439038091629086 -0.022091373168516393 0.10761894554492134 
0.44246848703257824 -0.022282628503495445 0.10803560266289036 
0.4410380547659528 -0.022469518298827935 0.1084389597699007 
0.43961442653583654 -0.02265253925025012 0.10882713105114233 
0.43819892587685666 -0.022832063059568936 0.10919799237390856 
0.436792235919408 -0.023008329227513606 0.10954924289619805 
0.43539438564624966 -0.02318144854465179 0.10987846560767298 
0.43400477867818227 -0.02335141800288123 0.11018317992000354 
0.4326222696675632 -0.023518146669528516 0.1104608811556631 
0.4312452905149067 -0.02368149094570649 0.1107090649404535 
0.4298720242380314 -0.023841296792866895 0.11092523848530539 
0.4285006187460901 -0.02399744608546102 0.11110692455239396 
0.4271294268218325 -0.02414990419883735 0.1112516664233654 
0.4257572534841009 -0.024298766082642878 0.11135704258320143 
0.42438358881705796 -0.024444298161358208 0.11142069788790394 
0.42300880414048314 -0.02458697329272622 0.11144039422618429 
0.42163429214133785 -0.02472749573403439 0.11141407918082212 
0.4202625365788628 -0.02486681283427684 0.11133996711108159 
0.41889710318725093 -0.02500611030890651 0.11121662423320847 
0.41754254917494743 -0.025146788778561375 0.11104304790352132 
0.41620425343458634 -0.025290420994598946 0.11081873010502628 
0.4148881731083965 -0.025438691943361298 0.11054369554380858 
0.4136005350952216 -0.02559332777765351 0.11021850531482745 line 3  
0.412617479196027 -0.016704040528970596 0.11122556703560824 
0.41122544005705935 -0.016869507209791725 0.11072220299013263 
0.40985492752609926 -0.017051054076540593 0.11016747645893875 
0.40850992591097324 -0.01725141830117975 0.10956213159347328 
0.40719397447946604 -0.017473376220368583 0.10890702951117273 
0.40591007652716043 -0.017719718318948825 0.10820306294690091 
0.40466069713972896 -0.01799321459742919 0.1074511006126686 
0.4034478470694052 -0.018296546384562906 0.10665198949790829 
0.40227322409516236 -0.018632176686050855 0.10580663566617433 
0.40113835859611185 -0.01900213968728042 0.10491616394480857 
0.40004470032980005 -0.019407753558350976 0.10398212831975805 
0.39899359953890656 -0.01984929298592394 0.10300671960615494 
0.39798617615422266 -0.02032568428183306 0.10199290933978308 
0.397023118898699 -0.020834291592994585 0.10094448580568159 
0.3961044875202035 -0.02137084315427988 0.09986597282783591 
0.39522959109857536 -0.02192951146471825 0.09876245726494659 
0.39439698658927785 -0.022503127829739757 0.09763937110086585 
0.39360460144196696 -0.02308349279900495 0.09650227315882304 
0.3928499502552291 -0.023661741941752634 0.0953566594844241 
0.3921303973788017 -0.024228734857947506 0.09420781073161844 
0.3914434147989166 -0.02477544567233181 0.09306066793017821 
0.39078679208757006 -0.025293339372123712 0.09191971871958819 
0.39015876717625325 -0.025774718154344477 0.09078887479742662 
0.3895580602414186 -0.02621301671992335 0.08967132674715092 
0.38898380751304973 -0.026603018622025486 0.08856937323794223 
0.38843540773358615 -0.02694096203975512 0.08748423639114042 
0.3879123108020996 -0.027224507749886512 0.08641589147823805 
0.38741379308671553 -0.02745255838853616 0.08536295276123147 
0.3869387718985246 -0.027624946347415323 0.08432266216017993 
0.38648570713301017 -0.02774204176442792 0.08329101778387697 
0.3860526185552446 -0.027804359983326046 0.08226305344852843 
0.3856372163696128 -0.027812255887140577 0.08123324370876288 
0.3852371107862432 -0.027765772970995 0.08019597425090676 
0.3848500456445341 -0.02766467235697058 0.07914599904600984 
0.3844740995990479 -0.02750861703686086 0.07807881151487159 
0.384107814803223 -0.027297448519643136 0.07699088412871653 
0.3837502386088693 -0.027031478829574164 0.07587976724218846 
0.38340088757143725 -0.026711730545035568 0.07474406945053315 
0.3830596575674365 -0.02634008207787486 0.07358335931864886 
0.38272670744426024 -0.02591930297974669 0.0723980304991021 
0.3824023391957233 -0.025452986295215082 0.07118916329829558 
0.3820868897276621 -0.024945398637589742 0.06995840191662556 
0.3817806417058324 -0.024401274518689328 0.06870785320025777 
0.3814837558656514 -0.023825581988561096 0.06744000297843131 
0.38119622486209626 -0.023223284200358102 0.06615764104048025 
0.38091784841698273 -0.02259911760671581 0.06486378518884628 
0.38064822988031366 -0.021957402807555114 0.06356159740384515 
0.38038679422065474 -0.021301898903211075 0.062254289446599456 
0.3801328263180665 -0.02063570684766465 0.060945019739110554 
0.37988552635450035 -0.01996122217864027 0.059636786984030805 
0.3796440767069815 -0.019280133145371414 0.05833232812644339 
0.3794077128671333 -0.01859345710153984 0.05703402881668045 
0.3791757901957059 -0.017901606295534823 0.05574385374145451 
0.37894783903524565 -0.017204473812888935 0.054463302415895816 
0.37872360265955196 -0.016501531119332644 0.05319339362690794 
0.37850305521076294 -0.015791930007236322 0.051934678995884415 
0.37828639951598975 -0.015074603343735667 0.05068728337796501 
0.37807404693258506 -0.014348360517133639 0.049450967345609345 
0.37786658283291985 -0.013611974674611251 0.048225205129476464 
0.37766472197175505 -0.012864259679730213 0.04700927036093488 
0.37746925796021913 -0.012104135254181246 0.04580232189329632 
0.3772810106720151 -0.01133067913694017 0.04460348281393965 
0.37710077487981264 -0.010543165440191321 0.04341190728268864 
0.3769292729198925 -0.00974108881347677 0.04222683173899054 
0.3767671137600373 -0.00892417459005708 0.0410476089971263 
0.3766147604682989 -0.008092375759941938 0.03987372553414681 
0.3764725076827878 -0.007245858319117532 0.03870480369596269 
0.37634047020569866 -0.006384977185974653 0.037540591520384116 
0.37621858326021196 -0.005510245357429457 0.03638094339467963 
0.3761066142664594 -0.004622299225104227 0.03522579487504994 
0.3760041852539045 -0.003721862948076894 0.03407513477387505 
0.3759108042932909 -0.002809714485210687 0.03292897716133099 
0.3758259036700875 -0.001886655367438832 0.03178733532951751 
0.37574888199902756 -0.0009534856107980003 0.03065019912443995 
0.3756791471533251 -1.0984427774343199e-05 0.029517516447171238 
0.37561615679643207 0.0009401033116456202 0.028389179223608178 
0.375559453484783 0.001899075494550703 0.02726501377894052 
0.37550869175898366 0.0028652770594920413 0.026144775334374228 
0.37546365533090525 0.003838101323775114 0.02502814624759994 
0.3754242633448664 0.004816989425662816 0.023914737603052946 
0.37539056565228385 0.00580142872106677 0.0228040937748256 
0.37536272798106324 0.006790950635830207 0.021695699593501254 
0.3753410086922782 0.007785128124457473 0.020588989725422824 
0.3753257294051158 0.008783572599014897 0.019483359817366902 
0.3753172420816944 0.00978593001934133 0.018378178886683624 
0.375315895187738 0.01079187579876743 0.017272802370493157 
0.37532200131956456 0.011801108269812809 0.016166585210511935 
0.375335808281233 0.012813340640495155 0.015058894358395521 
0.37535747509100803 0.013828291609537899 0.013949120146644022 
0.37538705387218857 0.014845675050756001 0.012836686080196693 
0.3754244780999683 0.01586518938222003 0.011721056755637966 
0.37546955726855813 0.016886507375763422 0.010601743795587738 
0.3755219777223463 0.01790926722341077 0.009478309878444266 
0.3755813091546831 0.018933065660088278 0.008350371127341546 
0.37564701610201795 0.01995745385778786 0.007217598272910532 
0.37571847363246996 0.020981936671312255 0.006079717097130353 
0.3757949863335658 0.02200597564486363 0.0049365086780578694 
0.37587580963738937 0.02302899599144514 0.0037878098733283333 
0.3759601724823095 0.02405039753525735 0.0026335143029328585 
0.37604730030225825 0.02506956935716551 0.0014735738347801464 
0.3761364373620046 0.02608590760033826 0.0003080002740516426 
0.37622686752381557 0.027098835579352314 -0.0008631333408195938 
0.376317932638493 0.028107825007523134 -0.002039692667900098 
0.3764090478996121 0.029112416848968245 -0.0032214841650387684 
0.37649971367745616 0.03011224006722719 -0.004408260268377692 
0.37658952354823494 0.03110702644472341 -0.005599728325244355 
0.3766781684408279 0.03209661974585697 -0.006795563580807629 
0.37676543702123866 0.03308097782661533 -0.00799542603315525 
0.37685121260726145 0.03406016685093093 -0.009198980456779 
0.3769354670370865 0.035034347506414466 -0.010405918430169057 
0.3770182519939259 0.03600375392468515 -0.011615980855694454 
0.3770996883079436 0.03696866678516228 -0.012828979266932276 
0.3771799537172608 0.03792938269919747 -0.01404481418411528 
0.37725926947915106 0.038886182346489315 -0.015263488878387164 
0.3773378860954587 0.03983929992850767 -0.01648511710168147 
0.377416068273993 0.04078889632802857 -0.0177099235943247 
0.3774940791168612 0.04173503797812329 -0.0189382364737061 
0.37757216343763866 0.0426776829318818 -0.02017047093021103 
0.37765053009274624 0.04361667507233483 -0.021407104023095445 
0.37772933329582575 0.044551746879156626 -0.022648640799514026 
0.37780865308635053 0.04548253071164403 -0.0238955724732144 
0.3778884754508922 0.046408578176313504 -0.02514832800301825 
0.3779686730352291 0.04732938679018373 -0.026407221094340166 
0.37804898790489405 0.048244432776494005 -0.02767239537627441 
0.3781290183571336 0.049153208388743395 -0.02894377122500406 
0.3782082122881411 0.05005526162785956 -0.03022099833259305 
0.3782858699972813 0.05095023562219992 -0.03150341856437053 
0.37836115949133964 0.051837904374143456 -0.03279004380898407 
0.3784331472821939 0.05271820120311913 -0.03407955331195219 
0.37850084732558886 0.05359123624668102 -0.03537031432534985 
0.37856329012906303 0.05445730003881383 -0.03666042875694129 
0.37861961317349624 0.05531685162704091 -0.037947806834329384 
0.3786691726263152 0.0561704919327467 -0.03923026659286134 
0.37871167478701284 0.057018925892727335 -0.040505655233404436 
0.37874732362462066 0.05786291984845429 -0.041771985097717776 
0.3787769779341539 0.058703262880769026 -0.043027573323877195 
0.3788023079587352 0.059540741318055146 -0.04427117059790825 
0.378825937052102 0.06037613349352046 -0.04550206165778651 
0.3788515499493627 0.06121022644625246 -0.04672011961239861 
0.378883947006319 0.06204384807469531 -0.047925799140699804 
0.3789290252500809 0.06287789907213634 -0.04912006116050238 
0.3789936736854799 0.06371336191738404 -0.05030423316876451 
0.3790855819154669 0.0645512627623268 -0.05147982279867171 
0.37921297542066656 0.0653925685039665 -0.05264831325889767 
0.37938430363268505 0.06623801508181049 -0.05381097411106489 
0.3796079138769218 0.0670878803232959 -0.05496871703550538 
0.37989174294488964 0.06794172987871097 -0.05612201474465278 
0.38024304928264585 0.06879817309823115 -0.057270885840081165 
0.3806681961177614 0.06965466518883978 -0.05841493409243778 
0.3811724838182215 0.07050738415554667 -0.059553421211231666 
0.3817600218977146 0.07135119954607698 -0.06068534918316279 
0.38243362880344944 0.07217973869399386 -0.06180953096043132 
0.3831947504340418 0.07298554739578353 -0.06292463468751357 
0.3840433945259179 0.07376033625146369 -0.06402919462781788 
0.3849780854782737 0.07449530024095076 -0.0651215898470755 
0.38599585073766807 0.07518149589300856 -0.06619999847689344 
0.38709225362001615 0.07581025636114243 -0.06726234033499676 
0.3882614869028528 0.0763736196305906 -0.06830622326359007 
0.38949653597213296 0.07686474005045267 -0.06932890830855915 
0.39078941037405335 0.07727825054070793 -0.07032730565988958 
0.39213143051351906 0.07761054439800366 -0.07129800759344475 
0.3935135453683145 0.07785995275576835 -0.07223735774424903 
0.39492665091913104 0.07802680562063766 -0.07314154966389864 
0.39636187961090885 0.07811337828248562 -0.07400674344094013 
0.3978108383222061 0.07812373723243249 -0.07482918811025108 
0.39926578363256066 0.07806350768359814 -0.07560533946681071 
0.40071973524433074 0.07793958734770413 -0.07633196661901312 
0.40216653825280546 0.0777598291972165 -0.07700624465787569 
0.40360089091491996 0.07753271167133093 -0.07762583386035202 
0.4050183564051627 0.07726701046888006 -0.0781889471173782 
0.4064153754046316 0.07697148337056146 -0.07869440662719847 
0.40778929206049164 0.0766545790885842 -0.07914168866092838 
0.40913839941588964 0.07632418256822786 -0.079530952066139 
0.41046200208577327 0.07598741121294986 -0.0798630430537771 
0.41176048409718463 0.0756504773043987 -0.08013946686593909 
0.4130353595583828 0.07531862935485432 -0.08036231742787266 
0.4142892756461794 0.07499617766181824 -0.08053416013600331 
0.4155259350460051 0.07468659683274533 -0.08065787080956247 
0.416749912239761 0.0743926828552411 -0.08073644431281582 
0.41796635647182906 0.07411672925977174 -0.0807727964298323 
0.4191806008703581 0.07386068187990222 -0.0807695881920938 
0.4203977241638178 0.0736262384826261 -0.08072909975719486 
0.421622128639801 0.0734148771740362 -0.08065317068071576 
0.4228571981894167 0.07322781987771967 -0.08054320818773443 
0.4241050831281468 0.07306595587974714 -0.080400250273313 
0.4253666307762199 0.07292975899946867 -0.0802250610896294 
0.426641452604319 0.07281922893577207 -0.08001823424659907 
0.42792809839586615 0.07273387611805768 -0.07978028422114089 
0.4292242987642263 0.07267275550222159 -0.07951171392887439 
0.43052723815824084 0.07263454298354073 -0.0792130544574194 
0.431833827309607 0.07261764091137216 -0.07888487895440317 
0.43314095289510646 0.0726202967531002 -0.07852779609711917 
0.4344456902601678 0.07264072006811417 -0.07814242984304938 
0.4357454712081495 0.0726771860438686 -0.07772939206967795 
0.437038203116788 0.07272811759469489 -0.07728925399603054 
0.438322338611079 0.07279214158519991 -0.07682252139422473 
0.4395968974134177 0.07286811771316547 -0.07632961769732148 
0.44086144431016455 0.072955140884458 -0.07581087812123981 
0.44211602957579843 0.07305251962286378 -0.07526655669171683 
0.4433611004974548 0.07315973433357426 -0.07469684650521902 
0.44459739443368895 0.07327638021530232 -0.07410191171365911 
0.4458258246695773 0.07340210035692794 -0.07348192785105787 
0.4470473698980796 0.07353651503364089 -0.07283712559084658 
0.4482629764602717 0.07367915333693156 -0.0721678322156921 
0.44947347982883445 0.07382939291765139 -0.07147450523849667 
0.4506795487558855 0.07398641272858568 -0.07075775373507673 
0.4518816526095448 0.07414916226336943 -0.07001834478860312 
0.45308005014420794 0.07431634905776827 -0.0692571945905762 
0.45427479649970404 0.07448644438283016 -0.06847534575063638 
0.4554657645705733 0.07465770536939481 -0.0676739338938145 
0.4566526768227343 0.07482821046656793 -0.06685414749663793 
0.4578351438921096 0.07499590427593644 -0.06601718513687939 
0.4590127066441843 0.07515864745154353 -0.06516421403751256 
0.4601848786627203 0.07531426747438565 -0.0642963331623638 
0.46135118633248523 0.07546060661709846 -0.06341454335010493 
0.4625112038316745 0.07559556420751574 -0.06251972618648849 
0.4636645805479091 0.07571713127092523 -0.06161263258016392 
0.46481105877570966 0.07582341667055817 -0.06069388133710543 
0.46595048011118917 0.0759126648637546 -0.059763967400744744 
0.4670827797446539 0.07598326623975622 -0.05882327881123384 
0.4682079688131934 0.07603376161010728 -0.05787212082900151 
0.4693261060062055 0.0760628427205538 -0.05691074509149305 
0.4704372605779418 0.07606935062846182 -0.05593938119147117 
0.4715414696755631 0.07605227348403555 -0.05495826776735255 
0.47263869333923947 0.07601074476096664 -0.053967680164213806 
0.47372877063432 0.07594404242650481 -0.052967952008488084 
0.47481138016225666 0.07585158904347028 -0.05195948863433701 
0.4758860077446453 0.07573295244406741 -0.0509427711375771 
0.47695192348220017 0.07558784644049173 -0.04991835079682201 
0.47800816974687166 0.07541613101970814 -0.04888683455160879 
0.4790535610297396 0.07521781155278716 -0.04784886303320607 
0.4800866959632818 0.07499303666668654 -0.04680508321056259 
0.48110598126066956 0.07474209452751718 -0.04575611799676201 
0.482109666752411 0.07446540734846496 -0.04470253516757267 
0.4830958901429395 0.07416352397382218 -0.043644817723119816 
0.48406272956424384 0.07383711043616586 -0.04258333745345262 
0.48500826149892096 0.07348693847518073 -0.041518333035574354 
0.4859306212275586 0.07311387217017026 -0.04044989357331363 
0.4868280626814234 0.07271885307374105 -0.03937794815204838 
0.48769901450503444 0.0723028845081976 -0.038302261748329666 
0.48854212929254054 0.07186701593541217 -0.0372224377073018 
0.4893563233663644 0.07141232845500553 -0.03613792694474317 
0.4901408050888034 0.07093992244924371 -0.03504804398897118 
0.49089509047235186 0.07045090813176984 -0.03395198988523193 
0.4916190056906586 0.06994639928039549 -0.03284888178431224 
0.4923126768902819 0.06942750981496867 -0.03173778869581955 
0.4929765083814847 0.06889535224859095 -0.03061777240959006 
0.49361115079786994 0.06835103654961742 -0.02948793202079711 
0.49421746115612125 0.06779566774260466 -0.02834744991392501 
0.49479645694917407 0.06723034072957064 -0.027195636565306314 
0.4953492665139061 0.06665613132238152 -0.026031971211085338 
0.49587707796561137 0.06607408324626665 -0.02485613537617039 
0.49638108900215866 0.06548519174043266 -0.023668036514379612 
0.49686245984289557 0.06489038515798619 -0.022467819570693156 
0.4973222714572573 0.06429050649177048 -0.021255865097286067 
0.49776149102854533 0.06368629692591901 -0.02003277355065212 
0.49818094626979953 0.06307838331721752 -0.018799336458384847 
0.49858130975583015 0.0624672710062618 -0.017556496157510964 
0.49896309386981574 0.061853342663065226 -0.016305296673154317 
0.49932665631344325 0.06123686312745816 -0.015046828956783172 
0.49967221544224183 0.06061798954611745 -0.013782174100504866 
0.49999987402277196 0.059996785636228164 -0.012512348279870737 
0.500309649434753 0.05937323867135104 -0.011238253063671516 
0.500601507926989 0.05874727778415258 -0.009960634385202413 
0.5008754003347832 0.058118792361559056 -0.008680052917376562 
0.5011312967043732 0.057487649587546936 -0.007396867856958109 
0.5013692175357143 0.05685371047573212 -0.00611123523029963 
0.501589259799893 0.056216843953060494 -0.004823120827297075 
0.5017916164346855 0.055576938668736656 -0.0035323268145869635 
0.5019765885847453 0.054933912216726645 -0.0022385300559774777 
0.5021445903574475 0.054287717424519745 -0.0009413292725114646 
0.5022961462673039 0.05363834534637486 0.00035970250130726343 
0.5024318818346339 0.052985824672605285 0.0016649640922504851 
0.5025525080137552 0.05233021746454415 0.0029747749744817057 
0.5026588002954531 0.05167161144041086 0.004289330373634098 
0.5027515734988736 0.05101010941957266 0.005608665836839707 
0.5028316534619464 0.05034581690238021 0.0069326336443616314 
0.502899847053101 0.04967882903519488 0.008260892537079161 
0.502956912130991 0.04900921831861544 0.009592911286747925 
0.5030035292270277 0.04833702432885206 0.010927985712647477 
0.5030402767672275 0.04766224644626154 0.012265267899705265 
0.5030676115437546 0.046984840167591475 0.013603805631160357 
0.5030858558709809 0.04630471709303063 0.014942589431084284 
0.5030951924214013 0.045621748211674355 0.016280604130454897 
0.5030956671679556 0.044935769741450735 0.017616881539014508 
0.5030872002218341 0.04424659057409394 0.01895055064555036 
0.5030696037260314 0.04355400036163942 0.02028088181139681 
0.5030426054252495 0.04285777744650573 0.02160732169831286 
0.503005876149423 0.04215769613015615 0.022929516206147093 
0.502959059260058 0.04145353311282652 0.02424731948858484 
0.5029018001175127 0.040745073225894976 0.025560788131756957 
0.5028337737984713 0.040032114741817955 0.0268701607437874 
0.5027547095664321 0.03931447454628811 0.028175824399761597 
0.5026644109083103 0.03859199330789592 0.02947827048209534 
0.5025627702460859 0.037864540544979015 0.030778043321503284 
0.5024497776911725 0.03713201925789013 0.03207568558030491 
0.5023255234393956 0.03639436965482711 0.033371684479735174 
0.5021901936363098 0.035651571505565 0.03466642276559798 
0.5020440598105687 0.03490364481549257 0.035960137791234977 
0.5018874622982712 0.03415064877881697 0.03725289136425343 
0.5017207884594965 0.03339267926807143 0.03854455215364631 
0.5015444468880784 0.03262986536190652 0.03983479157538636 
0.5013588391847732 0.03186236553511736 0.04112309323120542 
0.5011643311422238 0.031090364097953453 0.04240877520202945 
0.5009612253232768 0.030314068281249662 0.043691023804275454 
0.5007497369665191 0.02953370606455362 0.04496893679853985 
0.5005299749149611 0.02874952451089209 0.04624157348835496 
0.500301928856041 0.027961788093574896 0.047508008664459075 
0.5000654636316804 0.02717077636273255 0.04876738696053532 
0.4998203207948843 0.026376780362344858 0.050018973936731326 
0.49956612703192826 0.025580097488097808 0.05126220016354166 
0.49930240860745684 0.02478102493095227 0.0524966948112943 
0.4990286106725819 0.023979852381930872 0.05372230581218595 
0.49874412011777874 0.023176855141667337 0.05493910456306375 
0.4984482906303508 0.022372289040110162 0.056147374328060454 
0.4981404686785031 0.021566388522913003 0.057347582866742706 
0.4978200192280975 0.020759368874695375 0.05854034119279784 
0.49748635005368436 0.01995143289347949 0.05972635158101301 
0.4971389335140089 0.01914278155362741 0.06090634883004998 
0.4967773246446465 0.018333627482339295 0.06208103925635153 
0.49640117442901843 0.017524209593799252 0.06325104191660924 
0.4960102372070704 0.01671480707360856 0.06441683618037489 
0.4956043714175841 0.01590575109012861 0.06557871909875863 
0.4951835332602544 0.015097433049627084 0.06673677515825976 
0.4947477633795822 0.014290308776752733 0.06789086008105981 
0.49429716724936573 0.013484898549010985 0.06904059941747916 
0.49383189048844905 0.012681783330437362 0.0701854018204361 
0.4933520907796991 0.011881597775571413 0.0713244861111158 
0.4928579083290269 0.011085020610675586 0.07245692053316845 
0.492349436857369 0.010292762898715162 0.07358167193505567 
0.491826696973636 0.009505554547460951 0.07469766200846345 
0.4912896134766997 0.008724129327911154 0.07580382715577597 
0.49073799775414173 0.007949208720237355 0.07689917809963415 
0.49017153607128855 0.007181485142418419 0.07798285504983049 
0.4895897842525606 0.006421605524588735 0.07905417419580339 
0.48899216909119203 0.005670156677501156 0.08011266158804155 
0.48837799677327626 0.004927654309591364 0.08115807117484526 
0.4877464685997365 0.00419453768867335 0.08219038488186828 
0.4870967042227636 0.0034711716659645815 0.083209794090355 
0.48642777236012064 0.002757857021259206 0.0842166635306703 
0.4857387284300679 0.0020548489277386456 0.08521148024185925 
0.48502865776514 0.0013623819924845934 0.08619479161973512 
0.4842967221238603 0.0006806991099524576 0.08716713749057714 
0.48354220632250766 1.0080569166031998e-05 0.0881289815009141 
0.48276456118330613 -0.0006491303241463152 0.08908064691544045 
0.4819634388293658 -0.001296508381775697 0.09002226127464243 
0.4811387167362285 -0.0019315367153541416 0.09095371344931878 
0.4802905078319766 -0.0025536070111464547 0.09187462561359733 
0.479419155167801 -0.0031620296962072986 0.09278434167323439 
0.47852521104248985 -0.0037560527689434325 0.0936819327993758 
0.4776094017417138 -0.00433488738112844 0.09456621993292091 
0.47667258008336455 -0.004897737928282583 0.09543581239904413 
0.47571566866389425 -0.005443834366284288 0.09628916104476008 
0.47473959708751445 -0.005972464616807716 0.09712462353350497 
0.47374523661561074 -0.006483005141894136 0.0979405385821436 
0.47273333572961024 -0.0069749479760406125 0.09873530504344258 
0.47170446019375073 -0.007447922669196272 0.09950746092279586 
0.47065894142613546 -0.007901711740670092 0.10025575684064243 
0.46959683732863355 -0.008336258449282192 0.10097921832694379 
0.468517910038753 -0.00875166605459036 0.10167719187263176 
0.4674216250558273 -0.009148188367690172 0.10234937099106865 
0.4663071754870691 -0.00952621228650501 0.10299580060774126 
0.4651735334454774 -0.00988623407965614 0.10361686060477711 
0.46401952784471084 -0.01022883219809878 0.10421323178315857 
0.462843944294328 -0.01055464005467129 0.10478584926567752 
0.46164563920630425 -0.010864322254908909 0.10533584897219184 
0.46042365748166614 -0.011158557082162323 0.10586451211741443 
0.4591773420303233 -0.011438026756864696 0.1063732109948823 
0.4579064242314776 -0.011703415421637879 0.10686335722698621 
0.45661108704522924 -0.011955413348366799 0.10733635186964498 
0.4552919961576011 -0.012194724851668478 0.1077935357727215 
0.45395029841653983 -0.012422076988386132 0.10823613859474888 
0.4525875901431652 -0.012638226301062566 0.10866522571077303 
0.45120586022889136 -0.012843961468426712 0.109081643594495 
0.4498074141384911 -0.013040100553580567 0.10948596571662739 
0.4483947851690714 -0.013227482411084247 0.10987844226470611 
0.4469706388323123 -0.013406952609547818 0.11025895784682135 
0.4455376753231079 -0.013579344892809783 0.11062700167313069 
0.44409853396719434 -0.013745459730744956 0.11098165444398204 
0.4426557025078178 -0.013906041907521476 0.1113215952626964 
0.4412114332625948 -0.014061759360865272 0.11164513031090613 
0.439767667701941 -0.014213185599447281 0.11195024281694448 
0.4383259710002057 -0.014360787944194674 0.1122346611830272 
0.436887478680399 -0.014504923514435062 0.11249593936771696 
0.43545285860041394 -0.014645844286126287 0.11273154129111927 
0.4340222930078257 -0.014783711720051456 0.11293891980239743 
0.4325954867527862 -0.014918620506601782 0.11311558122320643 
0.4311717082791421 -0.015050630084353065 0.11325912894877517 
0.42974986892283235 -0.015179801959701651 0.1133672838030709 
0.42832864279277466 -0.015306240608766751 0.11343788393285531 
0.426906624161956 -0.01543013585744364 0.1134688716568023 
0.4254825127313035 -0.015551804932096552 0.11345827749381605 
0.42405531088179665 -0.015671732598861985 0.11340421170155028 
0.42262451279540186 -0.01579060777307236 0.11330487104468871 
0.42119026431436657 -0.01590935466682568 0.11315856403535147 
0.41975347489815446 -0.016029156135298546 0.11296375289628802 
0.4183158683412158 -0.016151466684048325 0.11271910628984436 
0.41687996576398006 -0.016278012905212247 0.11242355423520232 
0.41544900149244646 -0.016410780095960878 0.11207633577260577 
0.41402677893638395 -0.016551985473613647 0.11167703053443047 
0.412617479196027 -0.016704040528970596 0.11122556703560824 line 4  
