periods 0
begin filament
FOCUSADD Coils
6.9315743714184945 0.4367756730852032 0.06653631990299916 1620000.0000001318
6.852455609464884 0.43155621020090695 0.07716546446534693 1620000.0000001318
6.852455609464884 0.43155621020090695 0.07716546446534693 1620000.0000001318
6.852455609464884 0.43155621020090695 0.07716546446534693 1620000.0000001318
6.852455609464884 0.43155621020090695 0.07716546446534693 1620000.0000001318
6.852455609464884 0.43155621020090695 0.07716546446534693 1620000.0000001318
6.852455609464884 0.43155621020090695 0.07716546446534693 1620000.0000001318
6.852455609464884 0.43155621020090695 0.07716546446534693 1620000.0000001318
6.852455609464884 0.43155621020090695 0.07716546446534693 1620000.0000001318
6.852455609464884 0.43155621020090695 0.07716546446534693 1620000.0000001318
6.852455609464884 0.43155621020090695 0.07716546446534693 1620000.0000001318
6.852455609464884 0.43155621020090695 0.07716546446534693 1620000.0000001318
6.852455609464884 0.43155621020090695 0.07716546446534693 1620000.0000001318
6.852455609464884 0.43155621020090695 0.07716546446534693 1620000.0000001318
6.852455609464884 0.43155621020090695 0.07716546446534693 1620000.0000001318
6.852455609464884 0.43155621020090695 0.07716546446534693 1620000.0000001318
6.852455609464884 0.43155621020090695 0.07716546446534693 1620000.0000001318
6.852455609464884 0.43155621020090695 0.07716546446534693 1620000.0000001318
6.852455609464884 0.43155621020090695 0.07716546446534693 1620000.0000001318
6.852455609464884 0.43155621020090695 0.07716546446534693 1620000.0000001318
6.852455609464884 0.43155621020090695 0.07716546446534693 1620000.0000001318
6.852455609464884 0.43155621020090695 0.07716546446534693 1620000.0000001318
6.852455609464884 0.43155621020090695 0.07716546446534693 1620000.0000001318
6.852455609464884 0.43155621020090695 0.07716546446534693 1620000.0000001318
6.852455609464884 0.43155621020090695 0.07716546446534693 1620000.0000001318
6.852455609464884 0.43155621020090695 0.07716546446534693 1620000.0000001318
6.852455609464884 0.43155621020090695 0.07716546446534693 1620000.0000001318
6.852455609464884 0.43155621020090695 0.07716546446534693 1620000.0000001318
6.852455609464884 0.43155621020090695 0.07716546446534693 1620000.0000001318
6.852455609464884 0.43155621020090695 0.07716546446534693 1620000.0000001318
6.852455609464884 0.43155621020090695 0.07716546446534693 1620000.0000001318
6.852455609464884 0.43155621020090695 0.07716546446534693 1620000.0000001318
6.852455609464884 0.43155621020090695 0.07716546446534693 1620000.0000001318
6.852455609464884 0.43155621020090695 0.07716546446534693 1620000.0000001318
6.852455609464884 0.43155621020090695 0.07716546446534693 1620000.0000001318
6.852455609464884 0.43155621020090695 0.07716546446534693 1620000.0000001318
6.852455609464884 0.43155621020090695 0.07716546446534693 1620000.0000001318
6.852455609464884 0.43155621020090695 0.07716546446534693 1620000.0000001318
6.852455609464884 0.43155621020090695 0.07716546446534693 1620000.0000001318
6.852455609464884 0.43155621020090695 0.07716546446534693 1620000.0000001318
6.852455609464884 0.43155621020090695 0.07716546446534693 1620000.0000001318
6.852455609464884 0.43155621020090695 0.07716546446534693 1620000.0000001318
6.852455609464884 0.43155621020090695 0.07716546446534693 1620000.0000001318
6.852455609464884 0.43155621020090695 0.07716546446534693 1620000.0000001318
6.852455609464884 0.43155621020090695 0.07716546446534693 1620000.0000001318
6.852455609464884 0.43155621020090695 0.07716546446534693 1620000.0000001318
6.852455609464884 0.43155621020090695 0.07716546446534693 1620000.0000001318
6.852455609464884 0.43155621020090695 0.07716546446534693 1620000.0000001318
6.852455609464884 0.43155621020090695 0.07716546446534693 1620000.0000001318
6.852455609464884 0.43155621020090695 0.07716546446534693 1620000.0000001318
6.852455609464884 0.43155621020090695 0.07716546446534693 1620000.0000001318
6.852455609464884 0.43155621020090695 0.07716546446534693 1620000.0000001318
6.852455609464884 0.43155621020090695 0.07716546446534693 1620000.0000001318
6.852455609464884 0.43155621020090695 0.07716546446534693 1620000.0000001318
6.852455609464884 0.43155621020090695 0.07716546446534693 1620000.0000001318
6.852455609464884 0.43155621020090695 0.07716546446534693 1620000.0000001318
6.852455609464884 0.43155621020090695 0.07716546446534693 1620000.0000001318
6.852455609464884 0.43155621020090695 0.07716546446534693 1620000.0000001318
6.852455609464884 0.43155621020090695 0.07716546446534693 1620000.0000001318
6.852455609464884 0.43155621020090695 0.07716546446534693 1620000.0000001318
6.852455609464884 0.43155621020090695 0.07716546446534693 1620000.0000001318
6.852455609464884 0.43155621020090695 0.07716546446534693 1620000.0000001318
6.852455609464884 0.43155621020090695 0.07716546446534693 1620000.0000001318
6.852455609464884 0.43155621020090695 0.07716546446534693 1620000.0000001318
6.9315743714184945 0.4367756730852032 0.06653631990299916 0.0 0,0,0 coil/filament1/filament2
6.936950666954195 0.44786384768393817 0.19722756639318006 1620000.0000001318
6.857275077558968 0.4417146452087912 0.19348754454261732 1620000.0000001318
6.857275077558968 0.4417146452087912 0.19348754454261732 1620000.0000001318
6.857275077558968 0.4417146452087912 0.19348754454261732 1620000.0000001318
6.857275077558968 0.4417146452087912 0.19348754454261732 1620000.0000001318
6.857275077558968 0.4417146452087912 0.19348754454261732 1620000.0000001318
6.857275077558968 0.4417146452087912 0.19348754454261732 1620000.0000001318
6.857275077558968 0.4417146452087912 0.19348754454261732 1620000.0000001318
6.857275077558968 0.4417146452087912 0.19348754454261732 1620000.0000001318
6.857275077558968 0.4417146452087912 0.19348754454261732 1620000.0000001318
6.857275077558968 0.4417146452087912 0.19348754454261732 1620000.0000001318
6.857275077558968 0.4417146452087912 0.19348754454261732 1620000.0000001318
6.857275077558968 0.4417146452087912 0.19348754454261732 1620000.0000001318
6.857275077558968 0.4417146452087912 0.19348754454261732 1620000.0000001318
6.857275077558968 0.4417146452087912 0.19348754454261732 1620000.0000001318
6.857275077558968 0.4417146452087912 0.19348754454261732 1620000.0000001318
6.857275077558968 0.4417146452087912 0.19348754454261732 1620000.0000001318
6.857275077558968 0.4417146452087912 0.19348754454261732 1620000.0000001318
6.857275077558968 0.4417146452087912 0.19348754454261732 1620000.0000001318
6.857275077558968 0.4417146452087912 0.19348754454261732 1620000.0000001318
6.857275077558968 0.4417146452087912 0.19348754454261732 1620000.0000001318
6.857275077558968 0.4417146452087912 0.19348754454261732 1620000.0000001318
6.857275077558968 0.4417146452087912 0.19348754454261732 1620000.0000001318
6.857275077558968 0.4417146452087912 0.19348754454261732 1620000.0000001318
6.857275077558968 0.4417146452087912 0.19348754454261732 1620000.0000001318
6.857275077558968 0.4417146452087912 0.19348754454261732 1620000.0000001318
6.857275077558968 0.4417146452087912 0.19348754454261732 1620000.0000001318
6.857275077558968 0.4417146452087912 0.19348754454261732 1620000.0000001318
6.857275077558968 0.4417146452087912 0.19348754454261732 1620000.0000001318
6.857275077558968 0.4417146452087912 0.19348754454261732 1620000.0000001318
6.857275077558968 0.4417146452087912 0.19348754454261732 1620000.0000001318
6.857275077558968 0.4417146452087912 0.19348754454261732 1620000.0000001318
6.857275077558968 0.4417146452087912 0.19348754454261732 1620000.0000001318
6.857275077558968 0.4417146452087912 0.19348754454261732 1620000.0000001318
6.857275077558968 0.4417146452087912 0.19348754454261732 1620000.0000001318
6.857275077558968 0.4417146452087912 0.19348754454261732 1620000.0000001318
6.857275077558968 0.4417146452087912 0.19348754454261732 1620000.0000001318
6.857275077558968 0.4417146452087912 0.19348754454261732 1620000.0000001318
6.857275077558968 0.4417146452087912 0.19348754454261732 1620000.0000001318
6.857275077558968 0.4417146452087912 0.19348754454261732 1620000.0000001318
6.857275077558968 0.4417146452087912 0.19348754454261732 1620000.0000001318
6.857275077558968 0.4417146452087912 0.19348754454261732 1620000.0000001318
6.857275077558968 0.4417146452087912 0.19348754454261732 1620000.0000001318
6.857275077558968 0.4417146452087912 0.19348754454261732 1620000.0000001318
6.857275077558968 0.4417146452087912 0.19348754454261732 1620000.0000001318
6.857275077558968 0.4417146452087912 0.19348754454261732 1620000.0000001318
6.857275077558968 0.4417146452087912 0.19348754454261732 1620000.0000001318
6.857275077558968 0.4417146452087912 0.19348754454261732 1620000.0000001318
6.857275077558968 0.4417146452087912 0.19348754454261732 1620000.0000001318
6.857275077558968 0.4417146452087912 0.19348754454261732 1620000.0000001318
6.857275077558968 0.4417146452087912 0.19348754454261732 1620000.0000001318
6.857275077558968 0.4417146452087912 0.19348754454261732 1620000.0000001318
6.857275077558968 0.4417146452087912 0.19348754454261732 1620000.0000001318
6.857275077558968 0.4417146452087912 0.19348754454261732 1620000.0000001318
6.857275077558968 0.4417146452087912 0.19348754454261732 1620000.0000001318
6.857275077558968 0.4417146452087912 0.19348754454261732 1620000.0000001318
6.857275077558968 0.4417146452087912 0.19348754454261732 1620000.0000001318
6.857275077558968 0.4417146452087912 0.19348754454261732 1620000.0000001318
6.857275077558968 0.4417146452087912 0.19348754454261732 1620000.0000001318
6.857275077558968 0.4417146452087912 0.19348754454261732 1620000.0000001318
6.857275077558968 0.4417146452087912 0.19348754454261732 1620000.0000001318
6.857275077558968 0.4417146452087912 0.19348754454261732 1620000.0000001318
6.857275077558968 0.4417146452087912 0.19348754454261732 1620000.0000001318
6.857275077558968 0.4417146452087912 0.19348754454261732 1620000.0000001318
6.936950666954195 0.44786384768393817 0.19722756639318006 0.0 0,0,1 coil/filament1/filament2
6.937469651883469 0.35713619159510845 0.07131111374442757 1620000.0000001318
6.858350889929858 0.3519167287108122 0.08194025830677534 1620000.0000001318
6.858350889929858 0.3519167287108122 0.08194025830677534 1620000.0000001318
6.858350889929858 0.3519167287108122 0.08194025830677534 1620000.0000001318
6.858350889929858 0.3519167287108122 0.08194025830677534 1620000.0000001318
6.858350889929858 0.3519167287108122 0.08194025830677534 1620000.0000001318
6.858350889929858 0.3519167287108122 0.08194025830677534 1620000.0000001318
6.858350889929858 0.3519167287108122 0.08194025830677534 1620000.0000001318
6.858350889929858 0.3519167287108122 0.08194025830677534 1620000.0000001318
6.858350889929858 0.3519167287108122 0.08194025830677534 1620000.0000001318
6.858350889929858 0.3519167287108122 0.08194025830677534 1620000.0000001318
6.858350889929858 0.3519167287108122 0.08194025830677534 1620000.0000001318
6.858350889929858 0.3519167287108122 0.08194025830677534 1620000.0000001318
6.858350889929858 0.3519167287108122 0.08194025830677534 1620000.0000001318
6.858350889929858 0.3519167287108122 0.08194025830677534 1620000.0000001318
6.858350889929858 0.3519167287108122 0.08194025830677534 1620000.0000001318
6.858350889929858 0.3519167287108122 0.08194025830677534 1620000.0000001318
6.858350889929858 0.3519167287108122 0.08194025830677534 1620000.0000001318
6.858350889929858 0.3519167287108122 0.08194025830677534 1620000.0000001318
6.858350889929858 0.3519167287108122 0.08194025830677534 1620000.0000001318
6.858350889929858 0.3519167287108122 0.08194025830677534 1620000.0000001318
6.858350889929858 0.3519167287108122 0.08194025830677534 1620000.0000001318
6.858350889929858 0.3519167287108122 0.08194025830677534 1620000.0000001318
6.858350889929858 0.3519167287108122 0.08194025830677534 1620000.0000001318
6.858350889929858 0.3519167287108122 0.08194025830677534 1620000.0000001318
6.858350889929858 0.3519167287108122 0.08194025830677534 1620000.0000001318
6.858350889929858 0.3519167287108122 0.08194025830677534 1620000.0000001318
6.858350889929858 0.3519167287108122 0.08194025830677534 1620000.0000001318
6.858350889929858 0.3519167287108122 0.08194025830677534 1620000.0000001318
6.858350889929858 0.3519167287108122 0.08194025830677534 1620000.0000001318
6.858350889929858 0.3519167287108122 0.08194025830677534 1620000.0000001318
6.858350889929858 0.3519167287108122 0.08194025830677534 1620000.0000001318
6.858350889929858 0.3519167287108122 0.08194025830677534 1620000.0000001318
6.858350889929858 0.3519167287108122 0.08194025830677534 1620000.0000001318
6.858350889929858 0.3519167287108122 0.08194025830677534 1620000.0000001318
6.858350889929858 0.3519167287108122 0.08194025830677534 1620000.0000001318
6.858350889929858 0.3519167287108122 0.08194025830677534 1620000.0000001318
6.858350889929858 0.3519167287108122 0.08194025830677534 1620000.0000001318
6.858350889929858 0.3519167287108122 0.08194025830677534 1620000.0000001318
6.858350889929858 0.3519167287108122 0.08194025830677534 1620000.0000001318
6.858350889929858 0.3519167287108122 0.08194025830677534 1620000.0000001318
6.858350889929858 0.3519167287108122 0.08194025830677534 1620000.0000001318
6.858350889929858 0.3519167287108122 0.08194025830677534 1620000.0000001318
6.858350889929858 0.3519167287108122 0.08194025830677534 1620000.0000001318
6.858350889929858 0.3519167287108122 0.08194025830677534 1620000.0000001318
6.858350889929858 0.3519167287108122 0.08194025830677534 1620000.0000001318
6.858350889929858 0.3519167287108122 0.08194025830677534 1620000.0000001318
6.858350889929858 0.3519167287108122 0.08194025830677534 1620000.0000001318
6.858350889929858 0.3519167287108122 0.08194025830677534 1620000.0000001318
6.858350889929858 0.3519167287108122 0.08194025830677534 1620000.0000001318
6.858350889929858 0.3519167287108122 0.08194025830677534 1620000.0000001318
6.858350889929858 0.3519167287108122 0.08194025830677534 1620000.0000001318
6.858350889929858 0.3519167287108122 0.08194025830677534 1620000.0000001318
6.858350889929858 0.3519167287108122 0.08194025830677534 1620000.0000001318
6.858350889929858 0.3519167287108122 0.08194025830677534 1620000.0000001318
6.858350889929858 0.3519167287108122 0.08194025830677534 1620000.0000001318
6.858350889929858 0.3519167287108122 0.08194025830677534 1620000.0000001318
6.858350889929858 0.3519167287108122 0.08194025830677534 1620000.0000001318
6.858350889929858 0.3519167287108122 0.08194025830677534 1620000.0000001318
6.858350889929858 0.3519167287108122 0.08194025830677534 1620000.0000001318
6.858350889929858 0.3519167287108122 0.08194025830677534 1620000.0000001318
6.858350889929858 0.3519167287108122 0.08194025830677534 1620000.0000001318
6.858350889929858 0.3519167287108122 0.08194025830677534 1620000.0000001318
6.858350889929858 0.3519167287108122 0.08194025830677534 1620000.0000001318
6.937469651883469 0.35713619159510845 0.07131111374442757 0.0 0,1,0 coil/filament1/filament2
6.942691855109552 0.36849185120702055 0.20542054715923683 1620000.0000001318
6.863016265714324 0.3623426487318736 0.20168052530867409 1620000.0000001318
6.863016265714324 0.3623426487318736 0.20168052530867409 1620000.0000001318
6.863016265714324 0.3623426487318736 0.20168052530867409 1620000.0000001318
6.863016265714324 0.3623426487318736 0.20168052530867409 1620000.0000001318
6.863016265714324 0.3623426487318736 0.20168052530867409 1620000.0000001318
6.863016265714324 0.3623426487318736 0.20168052530867409 1620000.0000001318
6.863016265714324 0.3623426487318736 0.20168052530867409 1620000.0000001318
6.863016265714324 0.3623426487318736 0.20168052530867409 1620000.0000001318
6.863016265714324 0.3623426487318736 0.20168052530867409 1620000.0000001318
6.863016265714324 0.3623426487318736 0.20168052530867409 1620000.0000001318
6.863016265714324 0.3623426487318736 0.20168052530867409 1620000.0000001318
6.863016265714324 0.3623426487318736 0.20168052530867409 1620000.0000001318
6.863016265714324 0.3623426487318736 0.20168052530867409 1620000.0000001318
6.863016265714324 0.3623426487318736 0.20168052530867409 1620000.0000001318
6.863016265714324 0.3623426487318736 0.20168052530867409 1620000.0000001318
6.863016265714324 0.3623426487318736 0.20168052530867409 1620000.0000001318
6.863016265714324 0.3623426487318736 0.20168052530867409 1620000.0000001318
6.863016265714324 0.3623426487318736 0.20168052530867409 1620000.0000001318
6.863016265714324 0.3623426487318736 0.20168052530867409 1620000.0000001318
6.863016265714324 0.3623426487318736 0.20168052530867409 1620000.0000001318
6.863016265714324 0.3623426487318736 0.20168052530867409 1620000.0000001318
6.863016265714324 0.3623426487318736 0.20168052530867409 1620000.0000001318
6.863016265714324 0.3623426487318736 0.20168052530867409 1620000.0000001318
6.863016265714324 0.3623426487318736 0.20168052530867409 1620000.0000001318
6.863016265714324 0.3623426487318736 0.20168052530867409 1620000.0000001318
6.863016265714324 0.3623426487318736 0.20168052530867409 1620000.0000001318
6.863016265714324 0.3623426487318736 0.20168052530867409 1620000.0000001318
6.863016265714324 0.3623426487318736 0.20168052530867409 1620000.0000001318
6.863016265714324 0.3623426487318736 0.20168052530867409 1620000.0000001318
6.863016265714324 0.3623426487318736 0.20168052530867409 1620000.0000001318
6.863016265714324 0.3623426487318736 0.20168052530867409 1620000.0000001318
6.863016265714324 0.3623426487318736 0.20168052530867409 1620000.0000001318
6.863016265714324 0.3623426487318736 0.20168052530867409 1620000.0000001318
6.863016265714324 0.3623426487318736 0.20168052530867409 1620000.0000001318
6.863016265714324 0.3623426487318736 0.20168052530867409 1620000.0000001318
6.863016265714324 0.3623426487318736 0.20168052530867409 1620000.0000001318
6.863016265714324 0.3623426487318736 0.20168052530867409 1620000.0000001318
6.863016265714324 0.3623426487318736 0.20168052530867409 1620000.0000001318
6.863016265714324 0.3623426487318736 0.20168052530867409 1620000.0000001318
6.863016265714324 0.3623426487318736 0.20168052530867409 1620000.0000001318
6.863016265714324 0.3623426487318736 0.20168052530867409 1620000.0000001318
6.863016265714324 0.3623426487318736 0.20168052530867409 1620000.0000001318
6.863016265714324 0.3623426487318736 0.20168052530867409 1620000.0000001318
6.863016265714324 0.3623426487318736 0.20168052530867409 1620000.0000001318
6.863016265714324 0.3623426487318736 0.20168052530867409 1620000.0000001318
6.863016265714324 0.3623426487318736 0.20168052530867409 1620000.0000001318
6.863016265714324 0.3623426487318736 0.20168052530867409 1620000.0000001318
6.863016265714324 0.3623426487318736 0.20168052530867409 1620000.0000001318
6.863016265714324 0.3623426487318736 0.20168052530867409 1620000.0000001318
6.863016265714324 0.3623426487318736 0.20168052530867409 1620000.0000001318
6.863016265714324 0.3623426487318736 0.20168052530867409 1620000.0000001318
6.863016265714324 0.3623426487318736 0.20168052530867409 1620000.0000001318
6.863016265714324 0.3623426487318736 0.20168052530867409 1620000.0000001318
6.863016265714324 0.3623426487318736 0.20168052530867409 1620000.0000001318
6.863016265714324 0.3623426487318736 0.20168052530867409 1620000.0000001318
6.863016265714324 0.3623426487318736 0.20168052530867409 1620000.0000001318
6.863016265714324 0.3623426487318736 0.20168052530867409 1620000.0000001318
6.863016265714324 0.3623426487318736 0.20168052530867409 1620000.0000001318
6.863016265714324 0.3623426487318736 0.20168052530867409 1620000.0000001318
6.863016265714324 0.3623426487318736 0.20168052530867409 1620000.0000001318
6.863016265714324 0.3623426487318736 0.20168052530867409 1620000.0000001318
6.863016265714324 0.3623426487318736 0.20168052530867409 1620000.0000001318
6.863016265714324 0.3623426487318736 0.20168052530867409 1620000.0000001318
6.942691855109552 0.36849185120702055 0.20542054715923683 0.0 0,1,1 coil/filament1/filament2
6.660838420948177 1.3669706123279908 0.19535896466513752 1620000.0000000838
6.5853635129074455 1.341789097094826 0.1870265252381079 1620000.0000000838
6.5853635129074455 1.341789097094826 0.1870265252381079 1620000.0000000838
6.5853635129074455 1.341789097094826 0.1870265252381079 1620000.0000000838
6.5853635129074455 1.341789097094826 0.1870265252381079 1620000.0000000838
6.5853635129074455 1.341789097094826 0.1870265252381079 1620000.0000000838
6.5853635129074455 1.341789097094826 0.1870265252381079 1620000.0000000838
6.5853635129074455 1.341789097094826 0.1870265252381079 1620000.0000000838
6.5853635129074455 1.341789097094826 0.1870265252381079 1620000.0000000838
6.5853635129074455 1.341789097094826 0.1870265252381079 1620000.0000000838
6.5853635129074455 1.341789097094826 0.1870265252381079 1620000.0000000838
6.5853635129074455 1.341789097094826 0.1870265252381079 1620000.0000000838
6.5853635129074455 1.341789097094826 0.1870265252381079 1620000.0000000838
6.5853635129074455 1.341789097094826 0.1870265252381079 1620000.0000000838
6.5853635129074455 1.341789097094826 0.1870265252381079 1620000.0000000838
6.5853635129074455 1.341789097094826 0.1870265252381079 1620000.0000000838
6.5853635129074455 1.341789097094826 0.1870265252381079 1620000.0000000838
6.5853635129074455 1.341789097094826 0.1870265252381079 1620000.0000000838
6.5853635129074455 1.341789097094826 0.1870265252381079 1620000.0000000838
6.5853635129074455 1.341789097094826 0.1870265252381079 1620000.0000000838
6.5853635129074455 1.341789097094826 0.1870265252381079 1620000.0000000838
6.5853635129074455 1.341789097094826 0.1870265252381079 1620000.0000000838
6.5853635129074455 1.341789097094826 0.1870265252381079 1620000.0000000838
6.5853635129074455 1.341789097094826 0.1870265252381079 1620000.0000000838
6.5853635129074455 1.341789097094826 0.1870265252381079 1620000.0000000838
6.5853635129074455 1.341789097094826 0.1870265252381079 1620000.0000000838
6.5853635129074455 1.341789097094826 0.1870265252381079 1620000.0000000838
6.5853635129074455 1.341789097094826 0.1870265252381079 1620000.0000000838
6.5853635129074455 1.341789097094826 0.1870265252381079 1620000.0000000838
6.5853635129074455 1.341789097094826 0.1870265252381079 1620000.0000000838
6.5853635129074455 1.341789097094826 0.1870265252381079 1620000.0000000838
6.5853635129074455 1.341789097094826 0.1870265252381079 1620000.0000000838
6.5853635129074455 1.341789097094826 0.1870265252381079 1620000.0000000838
6.5853635129074455 1.341789097094826 0.1870265252381079 1620000.0000000838
6.5853635129074455 1.341789097094826 0.1870265252381079 1620000.0000000838
6.5853635129074455 1.341789097094826 0.1870265252381079 1620000.0000000838
6.5853635129074455 1.341789097094826 0.1870265252381079 1620000.0000000838
6.5853635129074455 1.341789097094826 0.1870265252381079 1620000.0000000838
6.5853635129074455 1.341789097094826 0.1870265252381079 1620000.0000000838
6.5853635129074455 1.341789097094826 0.1870265252381079 1620000.0000000838
6.5853635129074455 1.341789097094826 0.1870265252381079 1620000.0000000838
6.5853635129074455 1.341789097094826 0.1870265252381079 1620000.0000000838
6.5853635129074455 1.341789097094826 0.1870265252381079 1620000.0000000838
6.5853635129074455 1.341789097094826 0.1870265252381079 1620000.0000000838
6.5853635129074455 1.341789097094826 0.1870265252381079 1620000.0000000838
6.5853635129074455 1.341789097094826 0.1870265252381079 1620000.0000000838
6.5853635129074455 1.341789097094826 0.1870265252381079 1620000.0000000838
6.5853635129074455 1.341789097094826 0.1870265252381079 1620000.0000000838
6.5853635129074455 1.341789097094826 0.1870265252381079 1620000.0000000838
6.5853635129074455 1.341789097094826 0.1870265252381079 1620000.0000000838
6.5853635129074455 1.341789097094826 0.1870265252381079 1620000.0000000838
6.5853635129074455 1.341789097094826 0.1870265252381079 1620000.0000000838
6.5853635129074455 1.341789097094826 0.1870265252381079 1620000.0000000838
6.5853635129074455 1.341789097094826 0.1870265252381079 1620000.0000000838
6.5853635129074455 1.341789097094826 0.1870265252381079 1620000.0000000838
6.5853635129074455 1.341789097094826 0.1870265252381079 1620000.0000000838
6.5853635129074455 1.341789097094826 0.1870265252381079 1620000.0000000838
6.5853635129074455 1.341789097094826 0.1870265252381079 1620000.0000000838
6.5853635129074455 1.341789097094826 0.1870265252381079 1620000.0000000838
6.5853635129074455 1.341789097094826 0.1870265252381079 1620000.0000000838
6.5853635129074455 1.341789097094826 0.1870265252381079 1620000.0000000838
6.5853635129074455 1.341789097094826 0.1870265252381079 1620000.0000000838
6.5853635129074455 1.341789097094826 0.1870265252381079 1620000.0000000838
6.5853635129074455 1.341789097094826 0.1870265252381079 1620000.0000000838
6.660838420948177 1.3669706123279908 0.19535896466513752 0.0 1,0,0 coil/filament1/filament2
6.655797941918815 1.3421526714188081 0.302249538172244 1620000.0000000838
6.580591704770712 1.3168613255422337 0.29203338832139875 1620000.0000000838
6.580591704770712 1.3168613255422337 0.29203338832139875 1620000.0000000838
6.580591704770712 1.3168613255422337 0.29203338832139875 1620000.0000000838
6.580591704770712 1.3168613255422337 0.29203338832139875 1620000.0000000838
6.580591704770712 1.3168613255422337 0.29203338832139875 1620000.0000000838
6.580591704770712 1.3168613255422337 0.29203338832139875 1620000.0000000838
6.580591704770712 1.3168613255422337 0.29203338832139875 1620000.0000000838
6.580591704770712 1.3168613255422337 0.29203338832139875 1620000.0000000838
6.580591704770712 1.3168613255422337 0.29203338832139875 1620000.0000000838
6.580591704770712 1.3168613255422337 0.29203338832139875 1620000.0000000838
6.580591704770712 1.3168613255422337 0.29203338832139875 1620000.0000000838
6.580591704770712 1.3168613255422337 0.29203338832139875 1620000.0000000838
6.580591704770712 1.3168613255422337 0.29203338832139875 1620000.0000000838
6.580591704770712 1.3168613255422337 0.29203338832139875 1620000.0000000838
6.580591704770712 1.3168613255422337 0.29203338832139875 1620000.0000000838
6.580591704770712 1.3168613255422337 0.29203338832139875 1620000.0000000838
6.580591704770712 1.3168613255422337 0.29203338832139875 1620000.0000000838
6.580591704770712 1.3168613255422337 0.29203338832139875 1620000.0000000838
6.580591704770712 1.3168613255422337 0.29203338832139875 1620000.0000000838
6.580591704770712 1.3168613255422337 0.29203338832139875 1620000.0000000838
6.580591704770712 1.3168613255422337 0.29203338832139875 1620000.0000000838
6.580591704770712 1.3168613255422337 0.29203338832139875 1620000.0000000838
6.580591704770712 1.3168613255422337 0.29203338832139875 1620000.0000000838
6.580591704770712 1.3168613255422337 0.29203338832139875 1620000.0000000838
6.580591704770712 1.3168613255422337 0.29203338832139875 1620000.0000000838
6.580591704770712 1.3168613255422337 0.29203338832139875 1620000.0000000838
6.580591704770712 1.3168613255422337 0.29203338832139875 1620000.0000000838
6.580591704770712 1.3168613255422337 0.29203338832139875 1620000.0000000838
6.580591704770712 1.3168613255422337 0.29203338832139875 1620000.0000000838
6.580591704770712 1.3168613255422337 0.29203338832139875 1620000.0000000838
6.580591704770712 1.3168613255422337 0.29203338832139875 1620000.0000000838
6.580591704770712 1.3168613255422337 0.29203338832139875 1620000.0000000838
6.580591704770712 1.3168613255422337 0.29203338832139875 1620000.0000000838
6.580591704770712 1.3168613255422337 0.29203338832139875 1620000.0000000838
6.580591704770712 1.3168613255422337 0.29203338832139875 1620000.0000000838
6.580591704770712 1.3168613255422337 0.29203338832139875 1620000.0000000838
6.580591704770712 1.3168613255422337 0.29203338832139875 1620000.0000000838
6.580591704770712 1.3168613255422337 0.29203338832139875 1620000.0000000838
6.580591704770712 1.3168613255422337 0.29203338832139875 1620000.0000000838
6.580591704770712 1.3168613255422337 0.29203338832139875 1620000.0000000838
6.580591704770712 1.3168613255422337 0.29203338832139875 1620000.0000000838
6.580591704770712 1.3168613255422337 0.29203338832139875 1620000.0000000838
6.580591704770712 1.3168613255422337 0.29203338832139875 1620000.0000000838
6.580591704770712 1.3168613255422337 0.29203338832139875 1620000.0000000838
6.580591704770712 1.3168613255422337 0.29203338832139875 1620000.0000000838
6.580591704770712 1.3168613255422337 0.29203338832139875 1620000.0000000838
6.580591704770712 1.3168613255422337 0.29203338832139875 1620000.0000000838
6.580591704770712 1.3168613255422337 0.29203338832139875 1620000.0000000838
6.580591704770712 1.3168613255422337 0.29203338832139875 1620000.0000000838
6.580591704770712 1.3168613255422337 0.29203338832139875 1620000.0000000838
6.580591704770712 1.3168613255422337 0.29203338832139875 1620000.0000000838
6.580591704770712 1.3168613255422337 0.29203338832139875 1620000.0000000838
6.580591704770712 1.3168613255422337 0.29203338832139875 1620000.0000000838
6.580591704770712 1.3168613255422337 0.29203338832139875 1620000.0000000838
6.580591704770712 1.3168613255422337 0.29203338832139875 1620000.0000000838
6.580591704770712 1.3168613255422337 0.29203338832139875 1620000.0000000838
6.580591704770712 1.3168613255422337 0.29203338832139875 1620000.0000000838
6.580591704770712 1.3168613255422337 0.29203338832139875 1620000.0000000838
6.580591704770712 1.3168613255422337 0.29203338832139875 1620000.0000000838
6.580591704770712 1.3168613255422337 0.29203338832139875 1620000.0000000838
6.580591704770712 1.3168613255422337 0.29203338832139875 1620000.0000000838
6.580591704770712 1.3168613255422337 0.29203338832139875 1620000.0000000838
6.580591704770712 1.3168613255422337 0.29203338832139875 1620000.0000000838
6.655797941918815 1.3421526714188081 0.302249538172244 0.0 1,0,1 coil/filament1/filament2
6.687301712318099 1.2937778895965624 0.17685168099003143 1620000.0000000838
6.611826804277368 1.2685963743633977 0.1685192415630018 1620000.0000000838
6.611826804277368 1.2685963743633977 0.1685192415630018 1620000.0000000838
6.611826804277368 1.2685963743633977 0.1685192415630018 1620000.0000000838
6.611826804277368 1.2685963743633977 0.1685192415630018 1620000.0000000838
6.611826804277368 1.2685963743633977 0.1685192415630018 1620000.0000000838
6.611826804277368 1.2685963743633977 0.1685192415630018 1620000.0000000838
6.611826804277368 1.2685963743633977 0.1685192415630018 1620000.0000000838
6.611826804277368 1.2685963743633977 0.1685192415630018 1620000.0000000838
6.611826804277368 1.2685963743633977 0.1685192415630018 1620000.0000000838
6.611826804277368 1.2685963743633977 0.1685192415630018 1620000.0000000838
6.611826804277368 1.2685963743633977 0.1685192415630018 1620000.0000000838
6.611826804277368 1.2685963743633977 0.1685192415630018 1620000.0000000838
6.611826804277368 1.2685963743633977 0.1685192415630018 1620000.0000000838
6.611826804277368 1.2685963743633977 0.1685192415630018 1620000.0000000838
6.611826804277368 1.2685963743633977 0.1685192415630018 1620000.0000000838
6.611826804277368 1.2685963743633977 0.1685192415630018 1620000.0000000838
6.611826804277368 1.2685963743633977 0.1685192415630018 1620000.0000000838
6.611826804277368 1.2685963743633977 0.1685192415630018 1620000.0000000838
6.611826804277368 1.2685963743633977 0.1685192415630018 1620000.0000000838
6.611826804277368 1.2685963743633977 0.1685192415630018 1620000.0000000838
6.611826804277368 1.2685963743633977 0.1685192415630018 1620000.0000000838
6.611826804277368 1.2685963743633977 0.1685192415630018 1620000.0000000838
6.611826804277368 1.2685963743633977 0.1685192415630018 1620000.0000000838
6.611826804277368 1.2685963743633977 0.1685192415630018 1620000.0000000838
6.611826804277368 1.2685963743633977 0.1685192415630018 1620000.0000000838
6.611826804277368 1.2685963743633977 0.1685192415630018 1620000.0000000838
6.611826804277368 1.2685963743633977 0.1685192415630018 1620000.0000000838
6.611826804277368 1.2685963743633977 0.1685192415630018 1620000.0000000838
6.611826804277368 1.2685963743633977 0.1685192415630018 1620000.0000000838
6.611826804277368 1.2685963743633977 0.1685192415630018 1620000.0000000838
6.611826804277368 1.2685963743633977 0.1685192415630018 1620000.0000000838
6.611826804277368 1.2685963743633977 0.1685192415630018 1620000.0000000838
6.611826804277368 1.2685963743633977 0.1685192415630018 1620000.0000000838
6.611826804277368 1.2685963743633977 0.1685192415630018 1620000.0000000838
6.611826804277368 1.2685963743633977 0.1685192415630018 1620000.0000000838
6.611826804277368 1.2685963743633977 0.1685192415630018 1620000.0000000838
6.611826804277368 1.2685963743633977 0.1685192415630018 1620000.0000000838
6.611826804277368 1.2685963743633977 0.1685192415630018 1620000.0000000838
6.611826804277368 1.2685963743633977 0.1685192415630018 1620000.0000000838
6.611826804277368 1.2685963743633977 0.1685192415630018 1620000.0000000838
6.611826804277368 1.2685963743633977 0.1685192415630018 1620000.0000000838
6.611826804277368 1.2685963743633977 0.1685192415630018 1620000.0000000838
6.611826804277368 1.2685963743633977 0.1685192415630018 1620000.0000000838
6.611826804277368 1.2685963743633977 0.1685192415630018 1620000.0000000838
6.611826804277368 1.2685963743633977 0.1685192415630018 1620000.0000000838
6.611826804277368 1.2685963743633977 0.1685192415630018 1620000.0000000838
6.611826804277368 1.2685963743633977 0.1685192415630018 1620000.0000000838
6.611826804277368 1.2685963743633977 0.1685192415630018 1620000.0000000838
6.611826804277368 1.2685963743633977 0.1685192415630018 1620000.0000000838
6.611826804277368 1.2685963743633977 0.1685192415630018 1620000.0000000838
6.611826804277368 1.2685963743633977 0.1685192415630018 1620000.0000000838
6.611826804277368 1.2685963743633977 0.1685192415630018 1620000.0000000838
6.611826804277368 1.2685963743633977 0.1685192415630018 1620000.0000000838
6.611826804277368 1.2685963743633977 0.1685192415630018 1620000.0000000838
6.611826804277368 1.2685963743633977 0.1685192415630018 1620000.0000000838
6.611826804277368 1.2685963743633977 0.1685192415630018 1620000.0000000838
6.611826804277368 1.2685963743633977 0.1685192415630018 1620000.0000000838
6.611826804277368 1.2685963743633977 0.1685192415630018 1620000.0000000838
6.611826804277368 1.2685963743633977 0.1685192415630018 1620000.0000000838
6.611826804277368 1.2685963743633977 0.1685192415630018 1620000.0000000838
6.611826804277368 1.2685963743633977 0.1685192415630018 1620000.0000000838
6.611826804277368 1.2685963743633977 0.1685192415630018 1620000.0000000838
6.611826804277368 1.2685963743633977 0.1685192415630018 1620000.0000000838
6.687301712318099 1.2937778895965624 0.17685168099003143 0.0 1,1,0 coil/filament1/filament2
6.682574053141871 1.267986057551062 0.2887457144484557 1620000.0000000838
6.6073678159937685 1.2426947116744875 0.27852956459761047 1620000.0000000838
6.6073678159937685 1.2426947116744875 0.27852956459761047 1620000.0000000838
6.6073678159937685 1.2426947116744875 0.27852956459761047 1620000.0000000838
6.6073678159937685 1.2426947116744875 0.27852956459761047 1620000.0000000838
6.6073678159937685 1.2426947116744875 0.27852956459761047 1620000.0000000838
6.6073678159937685 1.2426947116744875 0.27852956459761047 1620000.0000000838
6.6073678159937685 1.2426947116744875 0.27852956459761047 1620000.0000000838
6.6073678159937685 1.2426947116744875 0.27852956459761047 1620000.0000000838
6.6073678159937685 1.2426947116744875 0.27852956459761047 1620000.0000000838
6.6073678159937685 1.2426947116744875 0.27852956459761047 1620000.0000000838
6.6073678159937685 1.2426947116744875 0.27852956459761047 1620000.0000000838
6.6073678159937685 1.2426947116744875 0.27852956459761047 1620000.0000000838
6.6073678159937685 1.2426947116744875 0.27852956459761047 1620000.0000000838
6.6073678159937685 1.2426947116744875 0.27852956459761047 1620000.0000000838
6.6073678159937685 1.2426947116744875 0.27852956459761047 1620000.0000000838
6.6073678159937685 1.2426947116744875 0.27852956459761047 1620000.0000000838
6.6073678159937685 1.2426947116744875 0.27852956459761047 1620000.0000000838
6.6073678159937685 1.2426947116744875 0.27852956459761047 1620000.0000000838
6.6073678159937685 1.2426947116744875 0.27852956459761047 1620000.0000000838
6.6073678159937685 1.2426947116744875 0.27852956459761047 1620000.0000000838
6.6073678159937685 1.2426947116744875 0.27852956459761047 1620000.0000000838
6.6073678159937685 1.2426947116744875 0.27852956459761047 1620000.0000000838
6.6073678159937685 1.2426947116744875 0.27852956459761047 1620000.0000000838
6.6073678159937685 1.2426947116744875 0.27852956459761047 1620000.0000000838
6.6073678159937685 1.2426947116744875 0.27852956459761047 1620000.0000000838
6.6073678159937685 1.2426947116744875 0.27852956459761047 1620000.0000000838
6.6073678159937685 1.2426947116744875 0.27852956459761047 1620000.0000000838
6.6073678159937685 1.2426947116744875 0.27852956459761047 1620000.0000000838
6.6073678159937685 1.2426947116744875 0.27852956459761047 1620000.0000000838
6.6073678159937685 1.2426947116744875 0.27852956459761047 1620000.0000000838
6.6073678159937685 1.2426947116744875 0.27852956459761047 1620000.0000000838
6.6073678159937685 1.2426947116744875 0.27852956459761047 1620000.0000000838
6.6073678159937685 1.2426947116744875 0.27852956459761047 1620000.0000000838
6.6073678159937685 1.2426947116744875 0.27852956459761047 1620000.0000000838
6.6073678159937685 1.2426947116744875 0.27852956459761047 1620000.0000000838
6.6073678159937685 1.2426947116744875 0.27852956459761047 1620000.0000000838
6.6073678159937685 1.2426947116744875 0.27852956459761047 1620000.0000000838
6.6073678159937685 1.2426947116744875 0.27852956459761047 1620000.0000000838
6.6073678159937685 1.2426947116744875 0.27852956459761047 1620000.0000000838
6.6073678159937685 1.2426947116744875 0.27852956459761047 1620000.0000000838
6.6073678159937685 1.2426947116744875 0.27852956459761047 1620000.0000000838
6.6073678159937685 1.2426947116744875 0.27852956459761047 1620000.0000000838
6.6073678159937685 1.2426947116744875 0.27852956459761047 1620000.0000000838
6.6073678159937685 1.2426947116744875 0.27852956459761047 1620000.0000000838
6.6073678159937685 1.2426947116744875 0.27852956459761047 1620000.0000000838
6.6073678159937685 1.2426947116744875 0.27852956459761047 1620000.0000000838
6.6073678159937685 1.2426947116744875 0.27852956459761047 1620000.0000000838
6.6073678159937685 1.2426947116744875 0.27852956459761047 1620000.0000000838
6.6073678159937685 1.2426947116744875 0.27852956459761047 1620000.0000000838
6.6073678159937685 1.2426947116744875 0.27852956459761047 1620000.0000000838
6.6073678159937685 1.2426947116744875 0.27852956459761047 1620000.0000000838
6.6073678159937685 1.2426947116744875 0.27852956459761047 1620000.0000000838
6.6073678159937685 1.2426947116744875 0.27852956459761047 1620000.0000000838
6.6073678159937685 1.2426947116744875 0.27852956459761047 1620000.0000000838
6.6073678159937685 1.2426947116744875 0.27852956459761047 1620000.0000000838
6.6073678159937685 1.2426947116744875 0.27852956459761047 1620000.0000000838
6.6073678159937685 1.2426947116744875 0.27852956459761047 1620000.0000000838
6.6073678159937685 1.2426947116744875 0.27852956459761047 1620000.0000000838
6.6073678159937685 1.2426947116744875 0.27852956459761047 1620000.0000000838
6.6073678159937685 1.2426947116744875 0.27852956459761047 1620000.0000000838
6.6073678159937685 1.2426947116744875 0.27852956459761047 1620000.0000000838
6.6073678159937685 1.2426947116744875 0.27852956459761047 1620000.0000000838
6.6073678159937685 1.2426947116744875 0.27852956459761047 1620000.0000000838
6.682574053141871 1.267986057551062 0.2887457144484557 0.0 1,1,1 coil/filament1/filament2
6.278294379715886 2.2207138661033947 0.25668360602963963 1619999.999999994
6.212942365958389 2.1755528977532457 0.2472178131142655 1619999.999999994
6.212942365958389 2.1755528977532457 0.2472178131142655 1619999.999999994
6.212942365958389 2.1755528977532457 0.2472178131142655 1619999.999999994
6.212942365958389 2.1755528977532457 0.2472178131142655 1619999.999999994
6.212942365958389 2.1755528977532457 0.2472178131142655 1619999.999999994
6.212942365958389 2.1755528977532457 0.2472178131142655 1619999.999999994
6.212942365958389 2.1755528977532457 0.2472178131142655 1619999.999999994
6.212942365958389 2.1755528977532457 0.2472178131142655 1619999.999999994
6.212942365958389 2.1755528977532457 0.2472178131142655 1619999.999999994
6.212942365958389 2.1755528977532457 0.2472178131142655 1619999.999999994
6.212942365958389 2.1755528977532457 0.2472178131142655 1619999.999999994
6.212942365958389 2.1755528977532457 0.2472178131142655 1619999.999999994
6.212942365958389 2.1755528977532457 0.2472178131142655 1619999.999999994
6.212942365958389 2.1755528977532457 0.2472178131142655 1619999.999999994
6.212942365958389 2.1755528977532457 0.2472178131142655 1619999.999999994
6.212942365958389 2.1755528977532457 0.2472178131142655 1619999.999999994
6.212942365958389 2.1755528977532457 0.2472178131142655 1619999.999999994
6.212942365958389 2.1755528977532457 0.2472178131142655 1619999.999999994
6.212942365958389 2.1755528977532457 0.2472178131142655 1619999.999999994
6.212942365958389 2.1755528977532457 0.2472178131142655 1619999.999999994
6.212942365958389 2.1755528977532457 0.2472178131142655 1619999.999999994
6.212942365958389 2.1755528977532457 0.2472178131142655 1619999.999999994
6.212942365958389 2.1755528977532457 0.2472178131142655 1619999.999999994
6.212942365958389 2.1755528977532457 0.2472178131142655 1619999.999999994
6.212942365958389 2.1755528977532457 0.2472178131142655 1619999.999999994
6.212942365958389 2.1755528977532457 0.2472178131142655 1619999.999999994
6.212942365958389 2.1755528977532457 0.2472178131142655 1619999.999999994
6.212942365958389 2.1755528977532457 0.2472178131142655 1619999.999999994
6.212942365958389 2.1755528977532457 0.2472178131142655 1619999.999999994
6.212942365958389 2.1755528977532457 0.2472178131142655 1619999.999999994
6.212942365958389 2.1755528977532457 0.2472178131142655 1619999.999999994
6.212942365958389 2.1755528977532457 0.2472178131142655 1619999.999999994
6.212942365958389 2.1755528977532457 0.2472178131142655 1619999.999999994
6.212942365958389 2.1755528977532457 0.2472178131142655 1619999.999999994
6.212942365958389 2.1755528977532457 0.2472178131142655 1619999.999999994
6.212942365958389 2.1755528977532457 0.2472178131142655 1619999.999999994
6.212942365958389 2.1755528977532457 0.2472178131142655 1619999.999999994
6.212942365958389 2.1755528977532457 0.2472178131142655 1619999.999999994
6.212942365958389 2.1755528977532457 0.2472178131142655 1619999.999999994
6.212942365958389 2.1755528977532457 0.2472178131142655 1619999.999999994
6.212942365958389 2.1755528977532457 0.2472178131142655 1619999.999999994
6.212942365958389 2.1755528977532457 0.2472178131142655 1619999.999999994
6.212942365958389 2.1755528977532457 0.2472178131142655 1619999.999999994
6.212942365958389 2.1755528977532457 0.2472178131142655 1619999.999999994
6.212942365958389 2.1755528977532457 0.2472178131142655 1619999.999999994
6.212942365958389 2.1755528977532457 0.2472178131142655 1619999.999999994
6.212942365958389 2.1755528977532457 0.2472178131142655 1619999.999999994
6.212942365958389 2.1755528977532457 0.2472178131142655 1619999.999999994
6.212942365958389 2.1755528977532457 0.2472178131142655 1619999.999999994
6.212942365958389 2.1755528977532457 0.2472178131142655 1619999.999999994
6.212942365958389 2.1755528977532457 0.2472178131142655 1619999.999999994
6.212942365958389 2.1755528977532457 0.2472178131142655 1619999.999999994
6.212942365958389 2.1755528977532457 0.2472178131142655 1619999.999999994
6.212942365958389 2.1755528977532457 0.2472178131142655 1619999.999999994
6.212942365958389 2.1755528977532457 0.2472178131142655 1619999.999999994
6.212942365958389 2.1755528977532457 0.2472178131142655 1619999.999999994
6.212942365958389 2.1755528977532457 0.2472178131142655 1619999.999999994
6.212942365958389 2.1755528977532457 0.2472178131142655 1619999.999999994
6.212942365958389 2.1755528977532457 0.2472178131142655 1619999.999999994
6.212942365958389 2.1755528977532457 0.2472178131142655 1619999.999999994
6.212942365958389 2.1755528977532457 0.2472178131142655 1619999.999999994
6.212942365958389 2.1755528977532457 0.2472178131142655 1619999.999999994
6.212942365958389 2.1755528977532457 0.2472178131142655 1619999.999999994
6.278294379715886 2.2207138661033947 0.25668360602963963 0.0 2,0,0 coil/filament1/filament2
6.248344215299112 2.231181765825348 0.36750645469191917 1619999.999999994
6.184506315541901 2.1866297499611713 0.34907169304370544 1619999.999999994
6.184506315541901 2.1866297499611713 0.34907169304370544 1619999.999999994
6.184506315541901 2.1866297499611713 0.34907169304370544 1619999.999999994
6.184506315541901 2.1866297499611713 0.34907169304370544 1619999.999999994
6.184506315541901 2.1866297499611713 0.34907169304370544 1619999.999999994
6.184506315541901 2.1866297499611713 0.34907169304370544 1619999.999999994
6.184506315541901 2.1866297499611713 0.34907169304370544 1619999.999999994
6.184506315541901 2.1866297499611713 0.34907169304370544 1619999.999999994
6.184506315541901 2.1866297499611713 0.34907169304370544 1619999.999999994
6.184506315541901 2.1866297499611713 0.34907169304370544 1619999.999999994
6.184506315541901 2.1866297499611713 0.34907169304370544 1619999.999999994
6.184506315541901 2.1866297499611713 0.34907169304370544 1619999.999999994
6.184506315541901 2.1866297499611713 0.34907169304370544 1619999.999999994
6.184506315541901 2.1866297499611713 0.34907169304370544 1619999.999999994
6.184506315541901 2.1866297499611713 0.34907169304370544 1619999.999999994
6.184506315541901 2.1866297499611713 0.34907169304370544 1619999.999999994
6.184506315541901 2.1866297499611713 0.34907169304370544 1619999.999999994
6.184506315541901 2.1866297499611713 0.34907169304370544 1619999.999999994
6.184506315541901 2.1866297499611713 0.34907169304370544 1619999.999999994
6.184506315541901 2.1866297499611713 0.34907169304370544 1619999.999999994
6.184506315541901 2.1866297499611713 0.34907169304370544 1619999.999999994
6.184506315541901 2.1866297499611713 0.34907169304370544 1619999.999999994
6.184506315541901 2.1866297499611713 0.34907169304370544 1619999.999999994
6.184506315541901 2.1866297499611713 0.34907169304370544 1619999.999999994
6.184506315541901 2.1866297499611713 0.34907169304370544 1619999.999999994
6.184506315541901 2.1866297499611713 0.34907169304370544 1619999.999999994
6.184506315541901 2.1866297499611713 0.34907169304370544 1619999.999999994
6.184506315541901 2.1866297499611713 0.34907169304370544 1619999.999999994
6.184506315541901 2.1866297499611713 0.34907169304370544 1619999.999999994
6.184506315541901 2.1866297499611713 0.34907169304370544 1619999.999999994
6.184506315541901 2.1866297499611713 0.34907169304370544 1619999.999999994
6.184506315541901 2.1866297499611713 0.34907169304370544 1619999.999999994
6.184506315541901 2.1866297499611713 0.34907169304370544 1619999.999999994
6.184506315541901 2.1866297499611713 0.34907169304370544 1619999.999999994
6.184506315541901 2.1866297499611713 0.34907169304370544 1619999.999999994
6.184506315541901 2.1866297499611713 0.34907169304370544 1619999.999999994
6.184506315541901 2.1866297499611713 0.34907169304370544 1619999.999999994
6.184506315541901 2.1866297499611713 0.34907169304370544 1619999.999999994
6.184506315541901 2.1866297499611713 0.34907169304370544 1619999.999999994
6.184506315541901 2.1866297499611713 0.34907169304370544 1619999.999999994
6.184506315541901 2.1866297499611713 0.34907169304370544 1619999.999999994
6.184506315541901 2.1866297499611713 0.34907169304370544 1619999.999999994
6.184506315541901 2.1866297499611713 0.34907169304370544 1619999.999999994
6.184506315541901 2.1866297499611713 0.34907169304370544 1619999.999999994
6.184506315541901 2.1866297499611713 0.34907169304370544 1619999.999999994
6.184506315541901 2.1866297499611713 0.34907169304370544 1619999.999999994
6.184506315541901 2.1866297499611713 0.34907169304370544 1619999.999999994
6.184506315541901 2.1866297499611713 0.34907169304370544 1619999.999999994
6.184506315541901 2.1866297499611713 0.34907169304370544 1619999.999999994
6.184506315541901 2.1866297499611713 0.34907169304370544 1619999.999999994
6.184506315541901 2.1866297499611713 0.34907169304370544 1619999.999999994
6.184506315541901 2.1866297499611713 0.34907169304370544 1619999.999999994
6.184506315541901 2.1866297499611713 0.34907169304370544 1619999.999999994
6.184506315541901 2.1866297499611713 0.34907169304370544 1619999.999999994
6.184506315541901 2.1866297499611713 0.34907169304370544 1619999.999999994
6.184506315541901 2.1866297499611713 0.34907169304370544 1619999.999999994
6.184506315541901 2.1866297499611713 0.34907169304370544 1619999.999999994
6.184506315541901 2.1866297499611713 0.34907169304370544 1619999.999999994
6.184506315541901 2.1866297499611713 0.34907169304370544 1619999.999999994
6.184506315541901 2.1866297499611713 0.34907169304370544 1619999.999999994
6.184506315541901 2.1866297499611713 0.34907169304370544 1619999.999999994
6.184506315541901 2.1866297499611713 0.34907169304370544 1619999.999999994
6.184506315541901 2.1866297499611713 0.34907169304370544 1619999.999999994
6.248344215299112 2.231181765825348 0.36750645469191917 0.0 2,0,1 coil/filament1/filament2
6.3195845320577 2.156152047796776 0.2796377981638215 1619999.999999994
6.254232518300203 2.110991079446627 0.27017200524844737 1619999.999999994
6.254232518300203 2.110991079446627 0.27017200524844737 1619999.999999994
6.254232518300203 2.110991079446627 0.27017200524844737 1619999.999999994
6.254232518300203 2.110991079446627 0.27017200524844737 1619999.999999994
6.254232518300203 2.110991079446627 0.27017200524844737 1619999.999999994
6.254232518300203 2.110991079446627 0.27017200524844737 1619999.999999994
6.254232518300203 2.110991079446627 0.27017200524844737 1619999.999999994
6.254232518300203 2.110991079446627 0.27017200524844737 1619999.999999994
6.254232518300203 2.110991079446627 0.27017200524844737 1619999.999999994
6.254232518300203 2.110991079446627 0.27017200524844737 1619999.999999994
6.254232518300203 2.110991079446627 0.27017200524844737 1619999.999999994
6.254232518300203 2.110991079446627 0.27017200524844737 1619999.999999994
6.254232518300203 2.110991079446627 0.27017200524844737 1619999.999999994
6.254232518300203 2.110991079446627 0.27017200524844737 1619999.999999994
6.254232518300203 2.110991079446627 0.27017200524844737 1619999.999999994
6.254232518300203 2.110991079446627 0.27017200524844737 1619999.999999994
6.254232518300203 2.110991079446627 0.27017200524844737 1619999.999999994
6.254232518300203 2.110991079446627 0.27017200524844737 1619999.999999994
6.254232518300203 2.110991079446627 0.27017200524844737 1619999.999999994
6.254232518300203 2.110991079446627 0.27017200524844737 1619999.999999994
6.254232518300203 2.110991079446627 0.27017200524844737 1619999.999999994
6.254232518300203 2.110991079446627 0.27017200524844737 1619999.999999994
6.254232518300203 2.110991079446627 0.27017200524844737 1619999.999999994
6.254232518300203 2.110991079446627 0.27017200524844737 1619999.999999994
6.254232518300203 2.110991079446627 0.27017200524844737 1619999.999999994
6.254232518300203 2.110991079446627 0.27017200524844737 1619999.999999994
6.254232518300203 2.110991079446627 0.27017200524844737 1619999.999999994
6.254232518300203 2.110991079446627 0.27017200524844737 1619999.999999994
6.254232518300203 2.110991079446627 0.27017200524844737 1619999.999999994
6.254232518300203 2.110991079446627 0.27017200524844737 1619999.999999994
6.254232518300203 2.110991079446627 0.27017200524844737 1619999.999999994
6.254232518300203 2.110991079446627 0.27017200524844737 1619999.999999994
6.254232518300203 2.110991079446627 0.27017200524844737 1619999.999999994
6.254232518300203 2.110991079446627 0.27017200524844737 1619999.999999994
6.254232518300203 2.110991079446627 0.27017200524844737 1619999.999999994
6.254232518300203 2.110991079446627 0.27017200524844737 1619999.999999994
6.254232518300203 2.110991079446627 0.27017200524844737 1619999.999999994
6.254232518300203 2.110991079446627 0.27017200524844737 1619999.999999994
6.254232518300203 2.110991079446627 0.27017200524844737 1619999.999999994
6.254232518300203 2.110991079446627 0.27017200524844737 1619999.999999994
6.254232518300203 2.110991079446627 0.27017200524844737 1619999.999999994
6.254232518300203 2.110991079446627 0.27017200524844737 1619999.999999994
6.254232518300203 2.110991079446627 0.27017200524844737 1619999.999999994
6.254232518300203 2.110991079446627 0.27017200524844737 1619999.999999994
6.254232518300203 2.110991079446627 0.27017200524844737 1619999.999999994
6.254232518300203 2.110991079446627 0.27017200524844737 1619999.999999994
6.254232518300203 2.110991079446627 0.27017200524844737 1619999.999999994
6.254232518300203 2.110991079446627 0.27017200524844737 1619999.999999994
6.254232518300203 2.110991079446627 0.27017200524844737 1619999.999999994
6.254232518300203 2.110991079446627 0.27017200524844737 1619999.999999994
6.254232518300203 2.110991079446627 0.27017200524844737 1619999.999999994
6.254232518300203 2.110991079446627 0.27017200524844737 1619999.999999994
6.254232518300203 2.110991079446627 0.27017200524844737 1619999.999999994
6.254232518300203 2.110991079446627 0.27017200524844737 1619999.999999994
6.254232518300203 2.110991079446627 0.27017200524844737 1619999.999999994
6.254232518300203 2.110991079446627 0.27017200524844737 1619999.999999994
6.254232518300203 2.110991079446627 0.27017200524844737 1619999.999999994
6.254232518300203 2.110991079446627 0.27017200524844737 1619999.999999994
6.254232518300203 2.110991079446627 0.27017200524844737 1619999.999999994
6.254232518300203 2.110991079446627 0.27017200524844737 1619999.999999994
6.254232518300203 2.110991079446627 0.27017200524844737 1619999.999999994
6.254232518300203 2.110991079446627 0.27017200524844737 1619999.999999994
6.254232518300203 2.110991079446627 0.27017200524844737 1619999.999999994
6.3195845320577 2.156152047796776 0.2796377981638215 0.0 2,1,0 coil/filament1/filament2
6.29104513791623 2.1647361097647417 0.38021888948320237 1619999.999999994
6.227207238159019 2.120184093900565 0.36178412783498864 1619999.999999994
6.227207238159019 2.120184093900565 0.36178412783498864 1619999.999999994
6.227207238159019 2.120184093900565 0.36178412783498864 1619999.999999994
6.227207238159019 2.120184093900565 0.36178412783498864 1619999.999999994
6.227207238159019 2.120184093900565 0.36178412783498864 1619999.999999994
6.227207238159019 2.120184093900565 0.36178412783498864 1619999.999999994
6.227207238159019 2.120184093900565 0.36178412783498864 1619999.999999994
6.227207238159019 2.120184093900565 0.36178412783498864 1619999.999999994
6.227207238159019 2.120184093900565 0.36178412783498864 1619999.999999994
6.227207238159019 2.120184093900565 0.36178412783498864 1619999.999999994
6.227207238159019 2.120184093900565 0.36178412783498864 1619999.999999994
6.227207238159019 2.120184093900565 0.36178412783498864 1619999.999999994
6.227207238159019 2.120184093900565 0.36178412783498864 1619999.999999994
6.227207238159019 2.120184093900565 0.36178412783498864 1619999.999999994
6.227207238159019 2.120184093900565 0.36178412783498864 1619999.999999994
6.227207238159019 2.120184093900565 0.36178412783498864 1619999.999999994
6.227207238159019 2.120184093900565 0.36178412783498864 1619999.999999994
6.227207238159019 2.120184093900565 0.36178412783498864 1619999.999999994
6.227207238159019 2.120184093900565 0.36178412783498864 1619999.999999994
6.227207238159019 2.120184093900565 0.36178412783498864 1619999.999999994
6.227207238159019 2.120184093900565 0.36178412783498864 1619999.999999994
6.227207238159019 2.120184093900565 0.36178412783498864 1619999.999999994
6.227207238159019 2.120184093900565 0.36178412783498864 1619999.999999994
6.227207238159019 2.120184093900565 0.36178412783498864 1619999.999999994
6.227207238159019 2.120184093900565 0.36178412783498864 1619999.999999994
6.227207238159019 2.120184093900565 0.36178412783498864 1619999.999999994
6.227207238159019 2.120184093900565 0.36178412783498864 1619999.999999994
6.227207238159019 2.120184093900565 0.36178412783498864 1619999.999999994
6.227207238159019 2.120184093900565 0.36178412783498864 1619999.999999994
6.227207238159019 2.120184093900565 0.36178412783498864 1619999.999999994
6.227207238159019 2.120184093900565 0.36178412783498864 1619999.999999994
6.227207238159019 2.120184093900565 0.36178412783498864 1619999.999999994
6.227207238159019 2.120184093900565 0.36178412783498864 1619999.999999994
6.227207238159019 2.120184093900565 0.36178412783498864 1619999.999999994
6.227207238159019 2.120184093900565 0.36178412783498864 1619999.999999994
6.227207238159019 2.120184093900565 0.36178412783498864 1619999.999999994
6.227207238159019 2.120184093900565 0.36178412783498864 1619999.999999994
6.227207238159019 2.120184093900565 0.36178412783498864 1619999.999999994
6.227207238159019 2.120184093900565 0.36178412783498864 1619999.999999994
6.227207238159019 2.120184093900565 0.36178412783498864 1619999.999999994
6.227207238159019 2.120184093900565 0.36178412783498864 1619999.999999994
6.227207238159019 2.120184093900565 0.36178412783498864 1619999.999999994
6.227207238159019 2.120184093900565 0.36178412783498864 1619999.999999994
6.227207238159019 2.120184093900565 0.36178412783498864 1619999.999999994
6.227207238159019 2.120184093900565 0.36178412783498864 1619999.999999994
6.227207238159019 2.120184093900565 0.36178412783498864 1619999.999999994
6.227207238159019 2.120184093900565 0.36178412783498864 1619999.999999994
6.227207238159019 2.120184093900565 0.36178412783498864 1619999.999999994
6.227207238159019 2.120184093900565 0.36178412783498864 1619999.999999994
6.227207238159019 2.120184093900565 0.36178412783498864 1619999.999999994
6.227207238159019 2.120184093900565 0.36178412783498864 1619999.999999994
6.227207238159019 2.120184093900565 0.36178412783498864 1619999.999999994
6.227207238159019 2.120184093900565 0.36178412783498864 1619999.999999994
6.227207238159019 2.120184093900565 0.36178412783498864 1619999.999999994
6.227207238159019 2.120184093900565 0.36178412783498864 1619999.999999994
6.227207238159019 2.120184093900565 0.36178412783498864 1619999.999999994
6.227207238159019 2.120184093900565 0.36178412783498864 1619999.999999994
6.227207238159019 2.120184093900565 0.36178412783498864 1619999.999999994
6.227207238159019 2.120184093900565 0.36178412783498864 1619999.999999994
6.227207238159019 2.120184093900565 0.36178412783498864 1619999.999999994
6.227207238159019 2.120184093900565 0.36178412783498864 1619999.999999994
6.227207238159019 2.120184093900565 0.36178412783498864 1619999.999999994
6.227207238159019 2.120184093900565 0.36178412783498864 1619999.999999994
6.29104513791623 2.1647361097647417 0.38021888948320237 0.0 2,1,1 coil/filament1/filament2
6.0247568461285805 2.6872336157624632 0.16468653753581394 1619999.999999921
5.961088335646018 2.6463757370223426 0.13866818789965504 1619999.999999921
5.961088335646018 2.6463757370223426 0.13866818789965504 1619999.999999921
5.961088335646018 2.6463757370223426 0.13866818789965504 1619999.999999921
5.961088335646018 2.6463757370223426 0.13866818789965504 1619999.999999921
5.961088335646018 2.6463757370223426 0.13866818789965504 1619999.999999921
5.961088335646018 2.6463757370223426 0.13866818789965504 1619999.999999921
5.961088335646018 2.6463757370223426 0.13866818789965504 1619999.999999921
5.961088335646018 2.6463757370223426 0.13866818789965504 1619999.999999921
5.961088335646018 2.6463757370223426 0.13866818789965504 1619999.999999921
5.961088335646018 2.6463757370223426 0.13866818789965504 1619999.999999921
5.961088335646018 2.6463757370223426 0.13866818789965504 1619999.999999921
5.961088335646018 2.6463757370223426 0.13866818789965504 1619999.999999921
5.961088335646018 2.6463757370223426 0.13866818789965504 1619999.999999921
5.961088335646018 2.6463757370223426 0.13866818789965504 1619999.999999921
5.961088335646018 2.6463757370223426 0.13866818789965504 1619999.999999921
5.961088335646018 2.6463757370223426 0.13866818789965504 1619999.999999921
5.961088335646018 2.6463757370223426 0.13866818789965504 1619999.999999921
5.961088335646018 2.6463757370223426 0.13866818789965504 1619999.999999921
5.961088335646018 2.6463757370223426 0.13866818789965504 1619999.999999921
5.961088335646018 2.6463757370223426 0.13866818789965504 1619999.999999921
5.961088335646018 2.6463757370223426 0.13866818789965504 1619999.999999921
5.961088335646018 2.6463757370223426 0.13866818789965504 1619999.999999921
5.961088335646018 2.6463757370223426 0.13866818789965504 1619999.999999921
5.961088335646018 2.6463757370223426 0.13866818789965504 1619999.999999921
5.961088335646018 2.6463757370223426 0.13866818789965504 1619999.999999921
5.961088335646018 2.6463757370223426 0.13866818789965504 1619999.999999921
5.961088335646018 2.6463757370223426 0.13866818789965504 1619999.999999921
5.961088335646018 2.6463757370223426 0.13866818789965504 1619999.999999921
5.961088335646018 2.6463757370223426 0.13866818789965504 1619999.999999921
5.961088335646018 2.6463757370223426 0.13866818789965504 1619999.999999921
5.961088335646018 2.6463757370223426 0.13866818789965504 1619999.999999921
5.961088335646018 2.6463757370223426 0.13866818789965504 1619999.999999921
5.961088335646018 2.6463757370223426 0.13866818789965504 1619999.999999921
5.961088335646018 2.6463757370223426 0.13866818789965504 1619999.999999921
5.961088335646018 2.6463757370223426 0.13866818789965504 1619999.999999921
5.961088335646018 2.6463757370223426 0.13866818789965504 1619999.999999921
5.961088335646018 2.6463757370223426 0.13866818789965504 1619999.999999921
5.961088335646018 2.6463757370223426 0.13866818789965504 1619999.999999921
5.961088335646018 2.6463757370223426 0.13866818789965504 1619999.999999921
5.961088335646018 2.6463757370223426 0.13866818789965504 1619999.999999921
5.961088335646018 2.6463757370223426 0.13866818789965504 1619999.999999921
5.961088335646018 2.6463757370223426 0.13866818789965504 1619999.999999921
5.961088335646018 2.6463757370223426 0.13866818789965504 1619999.999999921
5.961088335646018 2.6463757370223426 0.13866818789965504 1619999.999999921
5.961088335646018 2.6463757370223426 0.13866818789965504 1619999.999999921
5.961088335646018 2.6463757370223426 0.13866818789965504 1619999.999999921
5.961088335646018 2.6463757370223426 0.13866818789965504 1619999.999999921
5.961088335646018 2.6463757370223426 0.13866818789965504 1619999.999999921
5.961088335646018 2.6463757370223426 0.13866818789965504 1619999.999999921
5.961088335646018 2.6463757370223426 0.13866818789965504 1619999.999999921
5.961088335646018 2.6463757370223426 0.13866818789965504 1619999.999999921
5.961088335646018 2.6463757370223426 0.13866818789965504 1619999.999999921
5.961088335646018 2.6463757370223426 0.13866818789965504 1619999.999999921
5.961088335646018 2.6463757370223426 0.13866818789965504 1619999.999999921
5.961088335646018 2.6463757370223426 0.13866818789965504 1619999.999999921
5.961088335646018 2.6463757370223426 0.13866818789965504 1619999.999999921
5.961088335646018 2.6463757370223426 0.13866818789965504 1619999.999999921
5.961088335646018 2.6463757370223426 0.13866818789965504 1619999.999999921
5.961088335646018 2.6463757370223426 0.13866818789965504 1619999.999999921
5.961088335646018 2.6463757370223426 0.13866818789965504 1619999.999999921
5.961088335646018 2.6463757370223426 0.13866818789965504 1619999.999999921
5.961088335646018 2.6463757370223426 0.13866818789965504 1619999.999999921
5.961088335646018 2.6463757370223426 0.13866818789965504 1619999.999999921
6.0247568461285805 2.6872336157624632 0.16468653753581394 0.0 3,0,0 coil/filament1/filament2
5.937949271414061 2.7213452595662044 0.2966638724437734 1619999.999999921
5.878947144826834 2.676427541119894 0.26664475140795774 1619999.999999921
5.878947144826834 2.676427541119894 0.26664475140795774 1619999.999999921
5.878947144826834 2.676427541119894 0.26664475140795774 1619999.999999921
5.878947144826834 2.676427541119894 0.26664475140795774 1619999.999999921
5.878947144826834 2.676427541119894 0.26664475140795774 1619999.999999921
5.878947144826834 2.676427541119894 0.26664475140795774 1619999.999999921
5.878947144826834 2.676427541119894 0.26664475140795774 1619999.999999921
5.878947144826834 2.676427541119894 0.26664475140795774 1619999.999999921
5.878947144826834 2.676427541119894 0.26664475140795774 1619999.999999921
5.878947144826834 2.676427541119894 0.26664475140795774 1619999.999999921
5.878947144826834 2.676427541119894 0.26664475140795774 1619999.999999921
5.878947144826834 2.676427541119894 0.26664475140795774 1619999.999999921
5.878947144826834 2.676427541119894 0.26664475140795774 1619999.999999921
5.878947144826834 2.676427541119894 0.26664475140795774 1619999.999999921
5.878947144826834 2.676427541119894 0.26664475140795774 1619999.999999921
5.878947144826834 2.676427541119894 0.26664475140795774 1619999.999999921
5.878947144826834 2.676427541119894 0.26664475140795774 1619999.999999921
5.878947144826834 2.676427541119894 0.26664475140795774 1619999.999999921
5.878947144826834 2.676427541119894 0.26664475140795774 1619999.999999921
5.878947144826834 2.676427541119894 0.26664475140795774 1619999.999999921
5.878947144826834 2.676427541119894 0.26664475140795774 1619999.999999921
5.878947144826834 2.676427541119894 0.26664475140795774 1619999.999999921
5.878947144826834 2.676427541119894 0.26664475140795774 1619999.999999921
5.878947144826834 2.676427541119894 0.26664475140795774 1619999.999999921
5.878947144826834 2.676427541119894 0.26664475140795774 1619999.999999921
5.878947144826834 2.676427541119894 0.26664475140795774 1619999.999999921
5.878947144826834 2.676427541119894 0.26664475140795774 1619999.999999921
5.878947144826834 2.676427541119894 0.26664475140795774 1619999.999999921
5.878947144826834 2.676427541119894 0.26664475140795774 1619999.999999921
5.878947144826834 2.676427541119894 0.26664475140795774 1619999.999999921
5.878947144826834 2.676427541119894 0.26664475140795774 1619999.999999921
5.878947144826834 2.676427541119894 0.26664475140795774 1619999.999999921
5.878947144826834 2.676427541119894 0.26664475140795774 1619999.999999921
5.878947144826834 2.676427541119894 0.26664475140795774 1619999.999999921
5.878947144826834 2.676427541119894 0.26664475140795774 1619999.999999921
5.878947144826834 2.676427541119894 0.26664475140795774 1619999.999999921
5.878947144826834 2.676427541119894 0.26664475140795774 1619999.999999921
5.878947144826834 2.676427541119894 0.26664475140795774 1619999.999999921
5.878947144826834 2.676427541119894 0.26664475140795774 1619999.999999921
5.878947144826834 2.676427541119894 0.26664475140795774 1619999.999999921
5.878947144826834 2.676427541119894 0.26664475140795774 1619999.999999921
5.878947144826834 2.676427541119894 0.26664475140795774 1619999.999999921
5.878947144826834 2.676427541119894 0.26664475140795774 1619999.999999921
5.878947144826834 2.676427541119894 0.26664475140795774 1619999.999999921
5.878947144826834 2.676427541119894 0.26664475140795774 1619999.999999921
5.878947144826834 2.676427541119894 0.26664475140795774 1619999.999999921
5.878947144826834 2.676427541119894 0.26664475140795774 1619999.999999921
5.878947144826834 2.676427541119894 0.26664475140795774 1619999.999999921
5.878947144826834 2.676427541119894 0.26664475140795774 1619999.999999921
5.878947144826834 2.676427541119894 0.26664475140795774 1619999.999999921
5.878947144826834 2.676427541119894 0.26664475140795774 1619999.999999921
5.878947144826834 2.676427541119894 0.26664475140795774 1619999.999999921
5.878947144826834 2.676427541119894 0.26664475140795774 1619999.999999921
5.878947144826834 2.676427541119894 0.26664475140795774 1619999.999999921
5.878947144826834 2.676427541119894 0.26664475140795774 1619999.999999921
5.878947144826834 2.676427541119894 0.26664475140795774 1619999.999999921
5.878947144826834 2.676427541119894 0.26664475140795774 1619999.999999921
5.878947144826834 2.676427541119894 0.26664475140795774 1619999.999999921
5.878947144826834 2.676427541119894 0.26664475140795774 1619999.999999921
5.878947144826834 2.676427541119894 0.26664475140795774 1619999.999999921
5.878947144826834 2.676427541119894 0.26664475140795774 1619999.999999921
5.878947144826834 2.676427541119894 0.26664475140795774 1619999.999999921
5.878947144826834 2.676427541119894 0.26664475140795774 1619999.999999921
5.937949271414061 2.7213452595662044 0.2966638724437734 0.0 3,0,1 coil/filament1/filament2
6.054958864872157 2.620153219640719 0.19611993569704703 1619999.999999921
5.991290354389594 2.5792953409005985 0.17010158606088813 1619999.999999921
5.991290354389594 2.5792953409005985 0.17010158606088813 1619999.999999921
5.991290354389594 2.5792953409005985 0.17010158606088813 1619999.999999921
5.991290354389594 2.5792953409005985 0.17010158606088813 1619999.999999921
5.991290354389594 2.5792953409005985 0.17010158606088813 1619999.999999921
5.991290354389594 2.5792953409005985 0.17010158606088813 1619999.999999921
5.991290354389594 2.5792953409005985 0.17010158606088813 1619999.999999921
5.991290354389594 2.5792953409005985 0.17010158606088813 1619999.999999921
5.991290354389594 2.5792953409005985 0.17010158606088813 1619999.999999921
5.991290354389594 2.5792953409005985 0.17010158606088813 1619999.999999921
5.991290354389594 2.5792953409005985 0.17010158606088813 1619999.999999921
5.991290354389594 2.5792953409005985 0.17010158606088813 1619999.999999921
5.991290354389594 2.5792953409005985 0.17010158606088813 1619999.999999921
5.991290354389594 2.5792953409005985 0.17010158606088813 1619999.999999921
5.991290354389594 2.5792953409005985 0.17010158606088813 1619999.999999921
5.991290354389594 2.5792953409005985 0.17010158606088813 1619999.999999921
5.991290354389594 2.5792953409005985 0.17010158606088813 1619999.999999921
5.991290354389594 2.5792953409005985 0.17010158606088813 1619999.999999921
5.991290354389594 2.5792953409005985 0.17010158606088813 1619999.999999921
5.991290354389594 2.5792953409005985 0.17010158606088813 1619999.999999921
5.991290354389594 2.5792953409005985 0.17010158606088813 1619999.999999921
5.991290354389594 2.5792953409005985 0.17010158606088813 1619999.999999921
5.991290354389594 2.5792953409005985 0.17010158606088813 1619999.999999921
5.991290354389594 2.5792953409005985 0.17010158606088813 1619999.999999921
5.991290354389594 2.5792953409005985 0.17010158606088813 1619999.999999921
5.991290354389594 2.5792953409005985 0.17010158606088813 1619999.999999921
5.991290354389594 2.5792953409005985 0.17010158606088813 1619999.999999921
5.991290354389594 2.5792953409005985 0.17010158606088813 1619999.999999921
5.991290354389594 2.5792953409005985 0.17010158606088813 1619999.999999921
5.991290354389594 2.5792953409005985 0.17010158606088813 1619999.999999921
5.991290354389594 2.5792953409005985 0.17010158606088813 1619999.999999921
5.991290354389594 2.5792953409005985 0.17010158606088813 1619999.999999921
5.991290354389594 2.5792953409005985 0.17010158606088813 1619999.999999921
5.991290354389594 2.5792953409005985 0.17010158606088813 1619999.999999921
5.991290354389594 2.5792953409005985 0.17010158606088813 1619999.999999921
5.991290354389594 2.5792953409005985 0.17010158606088813 1619999.999999921
5.991290354389594 2.5792953409005985 0.17010158606088813 1619999.999999921
5.991290354389594 2.5792953409005985 0.17010158606088813 1619999.999999921
5.991290354389594 2.5792953409005985 0.17010158606088813 1619999.999999921
5.991290354389594 2.5792953409005985 0.17010158606088813 1619999.999999921
5.991290354389594 2.5792953409005985 0.17010158606088813 1619999.999999921
5.991290354389594 2.5792953409005985 0.17010158606088813 1619999.999999921
5.991290354389594 2.5792953409005985 0.17010158606088813 1619999.999999921
5.991290354389594 2.5792953409005985 0.17010158606088813 1619999.999999921
5.991290354389594 2.5792953409005985 0.17010158606088813 1619999.999999921
5.991290354389594 2.5792953409005985 0.17010158606088813 1619999.999999921
5.991290354389594 2.5792953409005985 0.17010158606088813 1619999.999999921
5.991290354389594 2.5792953409005985 0.17010158606088813 1619999.999999921
5.991290354389594 2.5792953409005985 0.17010158606088813 1619999.999999921
5.991290354389594 2.5792953409005985 0.17010158606088813 1619999.999999921
5.991290354389594 2.5792953409005985 0.17010158606088813 1619999.999999921
5.991290354389594 2.5792953409005985 0.17010158606088813 1619999.999999921
5.991290354389594 2.5792953409005985 0.17010158606088813 1619999.999999921
5.991290354389594 2.5792953409005985 0.17010158606088813 1619999.999999921
5.991290354389594 2.5792953409005985 0.17010158606088813 1619999.999999921
5.991290354389594 2.5792953409005985 0.17010158606088813 1619999.999999921
5.991290354389594 2.5792953409005985 0.17010158606088813 1619999.999999921
5.991290354389594 2.5792953409005985 0.17010158606088813 1619999.999999921
5.991290354389594 2.5792953409005985 0.17010158606088813 1619999.999999921
5.991290354389594 2.5792953409005985 0.17010158606088813 1619999.999999921
5.991290354389594 2.5792953409005985 0.17010158606088813 1619999.999999921
5.991290354389594 2.5792953409005985 0.17010158606088813 1619999.999999921
5.991290354389594 2.5792953409005985 0.17010158606088813 1619999.999999921
6.054958864872157 2.620153219640719 0.19611993569704703 0.0 3,1,0 coil/filament1/filament2
5.966927999361663 2.6575164013411285 0.33521397210930015 1619999.999999921
5.907925872774436 2.6125986828948182 0.3051948510734845 1619999.999999921
5.907925872774436 2.6125986828948182 0.3051948510734845 1619999.999999921
5.907925872774436 2.6125986828948182 0.3051948510734845 1619999.999999921
5.907925872774436 2.6125986828948182 0.3051948510734845 1619999.999999921
5.907925872774436 2.6125986828948182 0.3051948510734845 1619999.999999921
5.907925872774436 2.6125986828948182 0.3051948510734845 1619999.999999921
5.907925872774436 2.6125986828948182 0.3051948510734845 1619999.999999921
5.907925872774436 2.6125986828948182 0.3051948510734845 1619999.999999921
5.907925872774436 2.6125986828948182 0.3051948510734845 1619999.999999921
5.907925872774436 2.6125986828948182 0.3051948510734845 1619999.999999921
5.907925872774436 2.6125986828948182 0.3051948510734845 1619999.999999921
5.907925872774436 2.6125986828948182 0.3051948510734845 1619999.999999921
5.907925872774436 2.6125986828948182 0.3051948510734845 1619999.999999921
5.907925872774436 2.6125986828948182 0.3051948510734845 1619999.999999921
5.907925872774436 2.6125986828948182 0.3051948510734845 1619999.999999921
5.907925872774436 2.6125986828948182 0.3051948510734845 1619999.999999921
5.907925872774436 2.6125986828948182 0.3051948510734845 1619999.999999921
5.907925872774436 2.6125986828948182 0.3051948510734845 1619999.999999921
5.907925872774436 2.6125986828948182 0.3051948510734845 1619999.999999921
5.907925872774436 2.6125986828948182 0.3051948510734845 1619999.999999921
5.907925872774436 2.6125986828948182 0.3051948510734845 1619999.999999921
5.907925872774436 2.6125986828948182 0.3051948510734845 1619999.999999921
5.907925872774436 2.6125986828948182 0.3051948510734845 1619999.999999921
5.907925872774436 2.6125986828948182 0.3051948510734845 1619999.999999921
5.907925872774436 2.6125986828948182 0.3051948510734845 1619999.999999921
5.907925872774436 2.6125986828948182 0.3051948510734845 1619999.999999921
5.907925872774436 2.6125986828948182 0.3051948510734845 1619999.999999921
5.907925872774436 2.6125986828948182 0.3051948510734845 1619999.999999921
5.907925872774436 2.6125986828948182 0.3051948510734845 1619999.999999921
5.907925872774436 2.6125986828948182 0.3051948510734845 1619999.999999921
5.907925872774436 2.6125986828948182 0.3051948510734845 1619999.999999921
5.907925872774436 2.6125986828948182 0.3051948510734845 1619999.999999921
5.907925872774436 2.6125986828948182 0.3051948510734845 1619999.999999921
5.907925872774436 2.6125986828948182 0.3051948510734845 1619999.999999921
5.907925872774436 2.6125986828948182 0.3051948510734845 1619999.999999921
5.907925872774436 2.6125986828948182 0.3051948510734845 1619999.999999921
5.907925872774436 2.6125986828948182 0.3051948510734845 1619999.999999921
5.907925872774436 2.6125986828948182 0.3051948510734845 1619999.999999921
5.907925872774436 2.6125986828948182 0.3051948510734845 1619999.999999921
5.907925872774436 2.6125986828948182 0.3051948510734845 1619999.999999921
5.907925872774436 2.6125986828948182 0.3051948510734845 1619999.999999921
5.907925872774436 2.6125986828948182 0.3051948510734845 1619999.999999921
5.907925872774436 2.6125986828948182 0.3051948510734845 1619999.999999921
5.907925872774436 2.6125986828948182 0.3051948510734845 1619999.999999921
5.907925872774436 2.6125986828948182 0.3051948510734845 1619999.999999921
5.907925872774436 2.6125986828948182 0.3051948510734845 1619999.999999921
5.907925872774436 2.6125986828948182 0.3051948510734845 1619999.999999921
5.907925872774436 2.6125986828948182 0.3051948510734845 1619999.999999921
5.907925872774436 2.6125986828948182 0.3051948510734845 1619999.999999921
5.907925872774436 2.6125986828948182 0.3051948510734845 1619999.999999921
5.907925872774436 2.6125986828948182 0.3051948510734845 1619999.999999921
5.907925872774436 2.6125986828948182 0.3051948510734845 1619999.999999921
5.907925872774436 2.6125986828948182 0.3051948510734845 1619999.999999921
5.907925872774436 2.6125986828948182 0.3051948510734845 1619999.999999921
5.907925872774436 2.6125986828948182 0.3051948510734845 1619999.999999921
5.907925872774436 2.6125986828948182 0.3051948510734845 1619999.999999921
5.907925872774436 2.6125986828948182 0.3051948510734845 1619999.999999921
5.907925872774436 2.6125986828948182 0.3051948510734845 1619999.999999921
5.907925872774436 2.6125986828948182 0.3051948510734845 1619999.999999921
5.907925872774436 2.6125986828948182 0.3051948510734845 1619999.999999921
5.907925872774436 2.6125986828948182 0.3051948510734845 1619999.999999921
5.907925872774436 2.6125986828948182 0.3051948510734845 1619999.999999921
5.907925872774436 2.6125986828948182 0.3051948510734845 1619999.999999921
5.966927999361663 2.6575164013411285 0.33521397210930015 0.0 3,1,1 coil/filament1/filament2
5.691890733171968 3.3865224388603967 0.05644799930061832 1619999.9999998698
5.618282098352827 3.355204418631954 0.05742292957148121 1619999.9999998698
5.618282098352827 3.355204418631954 0.05742292957148121 1619999.9999998698
5.618282098352827 3.355204418631954 0.05742292957148121 1619999.9999998698
5.618282098352827 3.355204418631954 0.05742292957148121 1619999.9999998698
5.618282098352827 3.355204418631954 0.05742292957148121 1619999.9999998698
5.618282098352827 3.355204418631954 0.05742292957148121 1619999.9999998698
5.618282098352827 3.355204418631954 0.05742292957148121 1619999.9999998698
5.618282098352827 3.355204418631954 0.05742292957148121 1619999.9999998698
5.618282098352827 3.355204418631954 0.05742292957148121 1619999.9999998698
5.618282098352827 3.355204418631954 0.05742292957148121 1619999.9999998698
5.618282098352827 3.355204418631954 0.05742292957148121 1619999.9999998698
5.618282098352827 3.355204418631954 0.05742292957148121 1619999.9999998698
5.618282098352827 3.355204418631954 0.05742292957148121 1619999.9999998698
5.618282098352827 3.355204418631954 0.05742292957148121 1619999.9999998698
5.618282098352827 3.355204418631954 0.05742292957148121 1619999.9999998698
5.618282098352827 3.355204418631954 0.05742292957148121 1619999.9999998698
5.618282098352827 3.355204418631954 0.05742292957148121 1619999.9999998698
5.618282098352827 3.355204418631954 0.05742292957148121 1619999.9999998698
5.618282098352827 3.355204418631954 0.05742292957148121 1619999.9999998698
5.618282098352827 3.355204418631954 0.05742292957148121 1619999.9999998698
5.618282098352827 3.355204418631954 0.05742292957148121 1619999.9999998698
5.618282098352827 3.355204418631954 0.05742292957148121 1619999.9999998698
5.618282098352827 3.355204418631954 0.05742292957148121 1619999.9999998698
5.618282098352827 3.355204418631954 0.05742292957148121 1619999.9999998698
5.618282098352827 3.355204418631954 0.05742292957148121 1619999.9999998698
5.618282098352827 3.355204418631954 0.05742292957148121 1619999.9999998698
5.618282098352827 3.355204418631954 0.05742292957148121 1619999.9999998698
5.618282098352827 3.355204418631954 0.05742292957148121 1619999.9999998698
5.618282098352827 3.355204418631954 0.05742292957148121 1619999.9999998698
5.618282098352827 3.355204418631954 0.05742292957148121 1619999.9999998698
5.618282098352827 3.355204418631954 0.05742292957148121 1619999.9999998698
5.618282098352827 3.355204418631954 0.05742292957148121 1619999.9999998698
5.618282098352827 3.355204418631954 0.05742292957148121 1619999.9999998698
5.618282098352827 3.355204418631954 0.05742292957148121 1619999.9999998698
5.618282098352827 3.355204418631954 0.05742292957148121 1619999.9999998698
5.618282098352827 3.355204418631954 0.05742292957148121 1619999.9999998698
5.618282098352827 3.355204418631954 0.05742292957148121 1619999.9999998698
5.618282098352827 3.355204418631954 0.05742292957148121 1619999.9999998698
5.618282098352827 3.355204418631954 0.05742292957148121 1619999.9999998698
5.618282098352827 3.355204418631954 0.05742292957148121 1619999.9999998698
5.618282098352827 3.355204418631954 0.05742292957148121 1619999.9999998698
5.618282098352827 3.355204418631954 0.05742292957148121 1619999.9999998698
5.618282098352827 3.355204418631954 0.05742292957148121 1619999.9999998698
5.618282098352827 3.355204418631954 0.05742292957148121 1619999.9999998698
5.618282098352827 3.355204418631954 0.05742292957148121 1619999.9999998698
5.618282098352827 3.355204418631954 0.05742292957148121 1619999.9999998698
5.618282098352827 3.355204418631954 0.05742292957148121 1619999.9999998698
5.618282098352827 3.355204418631954 0.05742292957148121 1619999.9999998698
5.618282098352827 3.355204418631954 0.05742292957148121 1619999.9999998698
5.618282098352827 3.355204418631954 0.05742292957148121 1619999.9999998698
5.618282098352827 3.355204418631954 0.05742292957148121 1619999.9999998698
5.618282098352827 3.355204418631954 0.05742292957148121 1619999.9999998698
5.618282098352827 3.355204418631954 0.05742292957148121 1619999.9999998698
5.618282098352827 3.355204418631954 0.05742292957148121 1619999.9999998698
5.618282098352827 3.355204418631954 0.05742292957148121 1619999.9999998698
5.618282098352827 3.355204418631954 0.05742292957148121 1619999.9999998698
5.618282098352827 3.355204418631954 0.05742292957148121 1619999.9999998698
5.618282098352827 3.355204418631954 0.05742292957148121 1619999.9999998698
5.618282098352827 3.355204418631954 0.05742292957148121 1619999.9999998698
5.618282098352827 3.355204418631954 0.05742292957148121 1619999.9999998698
5.618282098352827 3.355204418631954 0.05742292957148121 1619999.9999998698
5.618282098352827 3.355204418631954 0.05742292957148121 1619999.9999998698
5.618282098352827 3.355204418631954 0.05742292957148121 1619999.9999998698
5.691890733171968 3.3865224388603967 0.05644799930061832 0.0 4,0,0 coil/filament1/filament2
5.7090639957253915 3.302057023915032 0.18047311721884202 1619999.9999998698
5.63371663563887 3.280612969338996 0.16425806706992163 1619999.9999998698
5.63371663563887 3.280612969338996 0.16425806706992163 1619999.9999998698
5.63371663563887 3.280612969338996 0.16425806706992163 1619999.9999998698
5.63371663563887 3.280612969338996 0.16425806706992163 1619999.9999998698
5.63371663563887 3.280612969338996 0.16425806706992163 1619999.9999998698
5.63371663563887 3.280612969338996 0.16425806706992163 1619999.9999998698
5.63371663563887 3.280612969338996 0.16425806706992163 1619999.9999998698
5.63371663563887 3.280612969338996 0.16425806706992163 1619999.9999998698
5.63371663563887 3.280612969338996 0.16425806706992163 1619999.9999998698
5.63371663563887 3.280612969338996 0.16425806706992163 1619999.9999998698
5.63371663563887 3.280612969338996 0.16425806706992163 1619999.9999998698
5.63371663563887 3.280612969338996 0.16425806706992163 1619999.9999998698
5.63371663563887 3.280612969338996 0.16425806706992163 1619999.9999998698
5.63371663563887 3.280612969338996 0.16425806706992163 1619999.9999998698
5.63371663563887 3.280612969338996 0.16425806706992163 1619999.9999998698
5.63371663563887 3.280612969338996 0.16425806706992163 1619999.9999998698
5.63371663563887 3.280612969338996 0.16425806706992163 1619999.9999998698
5.63371663563887 3.280612969338996 0.16425806706992163 1619999.9999998698
5.63371663563887 3.280612969338996 0.16425806706992163 1619999.9999998698
5.63371663563887 3.280612969338996 0.16425806706992163 1619999.9999998698
5.63371663563887 3.280612969338996 0.16425806706992163 1619999.9999998698
5.63371663563887 3.280612969338996 0.16425806706992163 1619999.9999998698
5.63371663563887 3.280612969338996 0.16425806706992163 1619999.9999998698
5.63371663563887 3.280612969338996 0.16425806706992163 1619999.9999998698
5.63371663563887 3.280612969338996 0.16425806706992163 1619999.9999998698
5.63371663563887 3.280612969338996 0.16425806706992163 1619999.9999998698
5.63371663563887 3.280612969338996 0.16425806706992163 1619999.9999998698
5.63371663563887 3.280612969338996 0.16425806706992163 1619999.9999998698
5.63371663563887 3.280612969338996 0.16425806706992163 1619999.9999998698
5.63371663563887 3.280612969338996 0.16425806706992163 1619999.9999998698
5.63371663563887 3.280612969338996 0.16425806706992163 1619999.9999998698
5.63371663563887 3.280612969338996 0.16425806706992163 1619999.9999998698
5.63371663563887 3.280612969338996 0.16425806706992163 1619999.9999998698
5.63371663563887 3.280612969338996 0.16425806706992163 1619999.9999998698
5.63371663563887 3.280612969338996 0.16425806706992163 1619999.9999998698
5.63371663563887 3.280612969338996 0.16425806706992163 1619999.9999998698
5.63371663563887 3.280612969338996 0.16425806706992163 1619999.9999998698
5.63371663563887 3.280612969338996 0.16425806706992163 1619999.9999998698
5.63371663563887 3.280612969338996 0.16425806706992163 1619999.9999998698
5.63371663563887 3.280612969338996 0.16425806706992163 1619999.9999998698
5.63371663563887 3.280612969338996 0.16425806706992163 1619999.9999998698
5.63371663563887 3.280612969338996 0.16425806706992163 1619999.9999998698
5.63371663563887 3.280612969338996 0.16425806706992163 1619999.9999998698
5.63371663563887 3.280612969338996 0.16425806706992163 1619999.9999998698
5.63371663563887 3.280612969338996 0.16425806706992163 1619999.9999998698
5.63371663563887 3.280612969338996 0.16425806706992163 1619999.9999998698
5.63371663563887 3.280612969338996 0.16425806706992163 1619999.9999998698
5.63371663563887 3.280612969338996 0.16425806706992163 1619999.9999998698
5.63371663563887 3.280612969338996 0.16425806706992163 1619999.9999998698
5.63371663563887 3.280612969338996 0.16425806706992163 1619999.9999998698
5.63371663563887 3.280612969338996 0.16425806706992163 1619999.9999998698
5.63371663563887 3.280612969338996 0.16425806706992163 1619999.9999998698
5.63371663563887 3.280612969338996 0.16425806706992163 1619999.9999998698
5.63371663563887 3.280612969338996 0.16425806706992163 1619999.9999998698
5.63371663563887 3.280612969338996 0.16425806706992163 1619999.9999998698
5.63371663563887 3.280612969338996 0.16425806706992163 1619999.9999998698
5.63371663563887 3.280612969338996 0.16425806706992163 1619999.9999998698
5.63371663563887 3.280612969338996 0.16425806706992163 1619999.9999998698
5.63371663563887 3.280612969338996 0.16425806706992163 1619999.9999998698
5.63371663563887 3.280612969338996 0.16425806706992163 1619999.9999998698
5.63371663563887 3.280612969338996 0.16425806706992163 1619999.9999998698
5.63371663563887 3.280612969338996 0.16425806706992163 1619999.9999998698
5.63371663563887 3.280612969338996 0.16425806706992163 1619999.9999998698
5.7090639957253915 3.302057023915032 0.18047311721884202 0.0 4,0,1 coil/filament1/filament2
5.715788388771134 3.3287988050663073 0.006479167430446648 1619999.9999998698
5.642179753951993 3.2974807848378647 0.0074540977013095346 1619999.9999998698
5.642179753951993 3.2974807848378647 0.0074540977013095346 1619999.9999998698
5.642179753951993 3.2974807848378647 0.0074540977013095346 1619999.9999998698
5.642179753951993 3.2974807848378647 0.0074540977013095346 1619999.9999998698
5.642179753951993 3.2974807848378647 0.0074540977013095346 1619999.9999998698
5.642179753951993 3.2974807848378647 0.0074540977013095346 1619999.9999998698
5.642179753951993 3.2974807848378647 0.0074540977013095346 1619999.9999998698
5.642179753951993 3.2974807848378647 0.0074540977013095346 1619999.9999998698
5.642179753951993 3.2974807848378647 0.0074540977013095346 1619999.9999998698
5.642179753951993 3.2974807848378647 0.0074540977013095346 1619999.9999998698
5.642179753951993 3.2974807848378647 0.0074540977013095346 1619999.9999998698
5.642179753951993 3.2974807848378647 0.0074540977013095346 1619999.9999998698
5.642179753951993 3.2974807848378647 0.0074540977013095346 1619999.9999998698
5.642179753951993 3.2974807848378647 0.0074540977013095346 1619999.9999998698
5.642179753951993 3.2974807848378647 0.0074540977013095346 1619999.9999998698
5.642179753951993 3.2974807848378647 0.0074540977013095346 1619999.9999998698
5.642179753951993 3.2974807848378647 0.0074540977013095346 1619999.9999998698
5.642179753951993 3.2974807848378647 0.0074540977013095346 1619999.9999998698
5.642179753951993 3.2974807848378647 0.0074540977013095346 1619999.9999998698
5.642179753951993 3.2974807848378647 0.0074540977013095346 1619999.9999998698
5.642179753951993 3.2974807848378647 0.0074540977013095346 1619999.9999998698
5.642179753951993 3.2974807848378647 0.0074540977013095346 1619999.9999998698
5.642179753951993 3.2974807848378647 0.0074540977013095346 1619999.9999998698
5.642179753951993 3.2974807848378647 0.0074540977013095346 1619999.9999998698
5.642179753951993 3.2974807848378647 0.0074540977013095346 1619999.9999998698
5.642179753951993 3.2974807848378647 0.0074540977013095346 1619999.9999998698
5.642179753951993 3.2974807848378647 0.0074540977013095346 1619999.9999998698
5.642179753951993 3.2974807848378647 0.0074540977013095346 1619999.9999998698
5.642179753951993 3.2974807848378647 0.0074540977013095346 1619999.9999998698
5.642179753951993 3.2974807848378647 0.0074540977013095346 1619999.9999998698
5.642179753951993 3.2974807848378647 0.0074540977013095346 1619999.9999998698
5.642179753951993 3.2974807848378647 0.0074540977013095346 1619999.9999998698
5.642179753951993 3.2974807848378647 0.0074540977013095346 1619999.9999998698
5.642179753951993 3.2974807848378647 0.0074540977013095346 1619999.9999998698
5.642179753951993 3.2974807848378647 0.0074540977013095346 1619999.9999998698
5.642179753951993 3.2974807848378647 0.0074540977013095346 1619999.9999998698
5.642179753951993 3.2974807848378647 0.0074540977013095346 1619999.9999998698
5.642179753951993 3.2974807848378647 0.0074540977013095346 1619999.9999998698
5.642179753951993 3.2974807848378647 0.0074540977013095346 1619999.9999998698
5.642179753951993 3.2974807848378647 0.0074540977013095346 1619999.9999998698
5.642179753951993 3.2974807848378647 0.0074540977013095346 1619999.9999998698
5.642179753951993 3.2974807848378647 0.0074540977013095346 1619999.9999998698
5.642179753951993 3.2974807848378647 0.0074540977013095346 1619999.9999998698
5.642179753951993 3.2974807848378647 0.0074540977013095346 1619999.9999998698
5.642179753951993 3.2974807848378647 0.0074540977013095346 1619999.9999998698
5.642179753951993 3.2974807848378647 0.0074540977013095346 1619999.9999998698
5.642179753951993 3.2974807848378647 0.0074540977013095346 1619999.9999998698
5.642179753951993 3.2974807848378647 0.0074540977013095346 1619999.9999998698
5.642179753951993 3.2974807848378647 0.0074540977013095346 1619999.9999998698
5.642179753951993 3.2974807848378647 0.0074540977013095346 1619999.9999998698
5.642179753951993 3.2974807848378647 0.0074540977013095346 1619999.9999998698
5.642179753951993 3.2974807848378647 0.0074540977013095346 1619999.9999998698
5.642179753951993 3.2974807848378647 0.0074540977013095346 1619999.9999998698
5.642179753951993 3.2974807848378647 0.0074540977013095346 1619999.9999998698
5.642179753951993 3.2974807848378647 0.0074540977013095346 1619999.9999998698
5.642179753951993 3.2974807848378647 0.0074540977013095346 1619999.9999998698
5.642179753951993 3.2974807848378647 0.0074540977013095346 1619999.9999998698
5.642179753951993 3.2974807848378647 0.0074540977013095346 1619999.9999998698
5.642179753951993 3.2974807848378647 0.0074540977013095346 1619999.9999998698
5.642179753951993 3.2974807848378647 0.0074540977013095346 1619999.9999998698
5.642179753951993 3.2974807848378647 0.0074540977013095346 1619999.9999998698
5.642179753951993 3.2974807848378647 0.0074540977013095346 1619999.9999998698
5.642179753951993 3.2974807848378647 0.0074540977013095346 1619999.9999998698
5.715788388771134 3.3287988050663073 0.006479167430446648 0.0 4,1,0 coil/filament1/filament2
5.735841386189171 3.2378941582183436 0.14089916081391513 1619999.9999998698
5.66049402610265 3.216450103642307 0.12468411066499473 1619999.9999998698
5.66049402610265 3.216450103642307 0.12468411066499473 1619999.9999998698
5.66049402610265 3.216450103642307 0.12468411066499473 1619999.9999998698
5.66049402610265 3.216450103642307 0.12468411066499473 1619999.9999998698
5.66049402610265 3.216450103642307 0.12468411066499473 1619999.9999998698
5.66049402610265 3.216450103642307 0.12468411066499473 1619999.9999998698
5.66049402610265 3.216450103642307 0.12468411066499473 1619999.9999998698
5.66049402610265 3.216450103642307 0.12468411066499473 1619999.9999998698
5.66049402610265 3.216450103642307 0.12468411066499473 1619999.9999998698
5.66049402610265 3.216450103642307 0.12468411066499473 1619999.9999998698
5.66049402610265 3.216450103642307 0.12468411066499473 1619999.9999998698
5.66049402610265 3.216450103642307 0.12468411066499473 1619999.9999998698
5.66049402610265 3.216450103642307 0.12468411066499473 1619999.9999998698
5.66049402610265 3.216450103642307 0.12468411066499473 1619999.9999998698
5.66049402610265 3.216450103642307 0.12468411066499473 1619999.9999998698
5.66049402610265 3.216450103642307 0.12468411066499473 1619999.9999998698
5.66049402610265 3.216450103642307 0.12468411066499473 1619999.9999998698
5.66049402610265 3.216450103642307 0.12468411066499473 1619999.9999998698
5.66049402610265 3.216450103642307 0.12468411066499473 1619999.9999998698
5.66049402610265 3.216450103642307 0.12468411066499473 1619999.9999998698
5.66049402610265 3.216450103642307 0.12468411066499473 1619999.9999998698
5.66049402610265 3.216450103642307 0.12468411066499473 1619999.9999998698
5.66049402610265 3.216450103642307 0.12468411066499473 1619999.9999998698
5.66049402610265 3.216450103642307 0.12468411066499473 1619999.9999998698
5.66049402610265 3.216450103642307 0.12468411066499473 1619999.9999998698
5.66049402610265 3.216450103642307 0.12468411066499473 1619999.9999998698
5.66049402610265 3.216450103642307 0.12468411066499473 1619999.9999998698
5.66049402610265 3.216450103642307 0.12468411066499473 1619999.9999998698
5.66049402610265 3.216450103642307 0.12468411066499473 1619999.9999998698
5.66049402610265 3.216450103642307 0.12468411066499473 1619999.9999998698
5.66049402610265 3.216450103642307 0.12468411066499473 1619999.9999998698
5.66049402610265 3.216450103642307 0.12468411066499473 1619999.9999998698
5.66049402610265 3.216450103642307 0.12468411066499473 1619999.9999998698
5.66049402610265 3.216450103642307 0.12468411066499473 1619999.9999998698
5.66049402610265 3.216450103642307 0.12468411066499473 1619999.9999998698
5.66049402610265 3.216450103642307 0.12468411066499473 1619999.9999998698
5.66049402610265 3.216450103642307 0.12468411066499473 1619999.9999998698
5.66049402610265 3.216450103642307 0.12468411066499473 1619999.9999998698
5.66049402610265 3.216450103642307 0.12468411066499473 1619999.9999998698
5.66049402610265 3.216450103642307 0.12468411066499473 1619999.9999998698
5.66049402610265 3.216450103642307 0.12468411066499473 1619999.9999998698
5.66049402610265 3.216450103642307 0.12468411066499473 1619999.9999998698
5.66049402610265 3.216450103642307 0.12468411066499473 1619999.9999998698
5.66049402610265 3.216450103642307 0.12468411066499473 1619999.9999998698
5.66049402610265 3.216450103642307 0.12468411066499473 1619999.9999998698
5.66049402610265 3.216450103642307 0.12468411066499473 1619999.9999998698
5.66049402610265 3.216450103642307 0.12468411066499473 1619999.9999998698
5.66049402610265 3.216450103642307 0.12468411066499473 1619999.9999998698
5.66049402610265 3.216450103642307 0.12468411066499473 1619999.9999998698
5.66049402610265 3.216450103642307 0.12468411066499473 1619999.9999998698
5.66049402610265 3.216450103642307 0.12468411066499473 1619999.9999998698
5.66049402610265 3.216450103642307 0.12468411066499473 1619999.9999998698
5.66049402610265 3.216450103642307 0.12468411066499473 1619999.9999998698
5.66049402610265 3.216450103642307 0.12468411066499473 1619999.9999998698
5.66049402610265 3.216450103642307 0.12468411066499473 1619999.9999998698
5.66049402610265 3.216450103642307 0.12468411066499473 1619999.9999998698
5.66049402610265 3.216450103642307 0.12468411066499473 1619999.9999998698
5.66049402610265 3.216450103642307 0.12468411066499473 1619999.9999998698
5.66049402610265 3.216450103642307 0.12468411066499473 1619999.9999998698
5.66049402610265 3.216450103642307 0.12468411066499473 1619999.9999998698
5.66049402610265 3.216450103642307 0.12468411066499473 1619999.9999998698
5.66049402610265 3.216450103642307 0.12468411066499473 1619999.9999998698
5.66049402610265 3.216450103642307 0.12468411066499473 1619999.9999998698
5.735841386189171 3.2378941582183436 0.14089916081391513 0.0 4,1,1 coil/filament1/filament2
