periods 0
begin filament
FOCUSADD Coils
6.863666517975522 0.4702663860085553 0.0729290171323474 1620000.0000002147
6.78405430570136 0.46291500453020457 0.07012672393331432 1620000.0000002147
6.78405430570136 0.46291500453020457 0.07012672393331432 1620000.0000002147
6.78405430570136 0.46291500453020457 0.07012672393331432 1620000.0000002147
6.78405430570136 0.46291500453020457 0.07012672393331432 1620000.0000002147
6.78405430570136 0.46291500453020457 0.07012672393331432 1620000.0000002147
6.78405430570136 0.46291500453020457 0.07012672393331432 1620000.0000002147
6.78405430570136 0.46291500453020457 0.07012672393331432 1620000.0000002147
6.78405430570136 0.46291500453020457 0.07012672393331432 1620000.0000002147
6.78405430570136 0.46291500453020457 0.07012672393331432 1620000.0000002147
6.78405430570136 0.46291500453020457 0.07012672393331432 1620000.0000002147
6.78405430570136 0.46291500453020457 0.07012672393331432 1620000.0000002147
6.78405430570136 0.46291500453020457 0.07012672393331432 1620000.0000002147
6.78405430570136 0.46291500453020457 0.07012672393331432 1620000.0000002147
6.78405430570136 0.46291500453020457 0.07012672393331432 1620000.0000002147
6.78405430570136 0.46291500453020457 0.07012672393331432 1620000.0000002147
6.78405430570136 0.46291500453020457 0.07012672393331432 1620000.0000002147
6.78405430570136 0.46291500453020457 0.07012672393331432 1620000.0000002147
6.78405430570136 0.46291500453020457 0.07012672393331432 1620000.0000002147
6.78405430570136 0.46291500453020457 0.07012672393331432 1620000.0000002147
6.78405430570136 0.46291500453020457 0.07012672393331432 1620000.0000002147
6.78405430570136 0.46291500453020457 0.07012672393331432 1620000.0000002147
6.78405430570136 0.46291500453020457 0.07012672393331432 1620000.0000002147
6.78405430570136 0.46291500453020457 0.07012672393331432 1620000.0000002147
6.78405430570136 0.46291500453020457 0.07012672393331432 1620000.0000002147
6.78405430570136 0.46291500453020457 0.07012672393331432 1620000.0000002147
6.78405430570136 0.46291500453020457 0.07012672393331432 1620000.0000002147
6.78405430570136 0.46291500453020457 0.07012672393331432 1620000.0000002147
6.78405430570136 0.46291500453020457 0.07012672393331432 1620000.0000002147
6.78405430570136 0.46291500453020457 0.07012672393331432 1620000.0000002147
6.78405430570136 0.46291500453020457 0.07012672393331432 1620000.0000002147
6.78405430570136 0.46291500453020457 0.07012672393331432 1620000.0000002147
6.78405430570136 0.46291500453020457 0.07012672393331432 1620000.0000002147
6.78405430570136 0.46291500453020457 0.07012672393331432 1620000.0000002147
6.78405430570136 0.46291500453020457 0.07012672393331432 1620000.0000002147
6.78405430570136 0.46291500453020457 0.07012672393331432 1620000.0000002147
6.78405430570136 0.46291500453020457 0.07012672393331432 1620000.0000002147
6.78405430570136 0.46291500453020457 0.07012672393331432 1620000.0000002147
6.78405430570136 0.46291500453020457 0.07012672393331432 1620000.0000002147
6.78405430570136 0.46291500453020457 0.07012672393331432 1620000.0000002147
6.78405430570136 0.46291500453020457 0.07012672393331432 1620000.0000002147
6.78405430570136 0.46291500453020457 0.07012672393331432 1620000.0000002147
6.78405430570136 0.46291500453020457 0.07012672393331432 1620000.0000002147
6.78405430570136 0.46291500453020457 0.07012672393331432 1620000.0000002147
6.78405430570136 0.46291500453020457 0.07012672393331432 1620000.0000002147
6.78405430570136 0.46291500453020457 0.07012672393331432 1620000.0000002147
6.78405430570136 0.46291500453020457 0.07012672393331432 1620000.0000002147
6.78405430570136 0.46291500453020457 0.07012672393331432 1620000.0000002147
6.78405430570136 0.46291500453020457 0.07012672393331432 1620000.0000002147
6.78405430570136 0.46291500453020457 0.07012672393331432 1620000.0000002147
6.78405430570136 0.46291500453020457 0.07012672393331432 1620000.0000002147
6.78405430570136 0.46291500453020457 0.07012672393331432 1620000.0000002147
6.78405430570136 0.46291500453020457 0.07012672393331432 1620000.0000002147
6.78405430570136 0.46291500453020457 0.07012672393331432 1620000.0000002147
6.78405430570136 0.46291500453020457 0.07012672393331432 1620000.0000002147
6.78405430570136 0.46291500453020457 0.07012672393331432 1620000.0000002147
6.78405430570136 0.46291500453020457 0.07012672393331432 1620000.0000002147
6.78405430570136 0.46291500453020457 0.07012672393331432 1620000.0000002147
6.78405430570136 0.46291500453020457 0.07012672393331432 1620000.0000002147
6.78405430570136 0.46291500453020457 0.07012672393331432 1620000.0000002147
6.78405430570136 0.46291500453020457 0.07012672393331432 1620000.0000002147
6.78405430570136 0.46291500453020457 0.07012672393331432 1620000.0000002147
6.78405430570136 0.46291500453020457 0.07012672393331432 1620000.0000002147
6.78405430570136 0.46291500453020457 0.07012672393331432 1620000.0000002147
6.863666517975522 0.4702663860085553 0.0729290171323474 0.0 0,0,0 coil/filament1/filament2
6.858811050206995 0.4632357304283421 0.16694289504414123 1620000.0000002147
6.779398480112658 0.45621324856375783 0.1602849329329906 1620000.0000002147
6.779398480112658 0.45621324856375783 0.1602849329329906 1620000.0000002147
6.779398480112658 0.45621324856375783 0.1602849329329906 1620000.0000002147
6.779398480112658 0.45621324856375783 0.1602849329329906 1620000.0000002147
6.779398480112658 0.45621324856375783 0.1602849329329906 1620000.0000002147
6.779398480112658 0.45621324856375783 0.1602849329329906 1620000.0000002147
6.779398480112658 0.45621324856375783 0.1602849329329906 1620000.0000002147
6.779398480112658 0.45621324856375783 0.1602849329329906 1620000.0000002147
6.779398480112658 0.45621324856375783 0.1602849329329906 1620000.0000002147
6.779398480112658 0.45621324856375783 0.1602849329329906 1620000.0000002147
6.779398480112658 0.45621324856375783 0.1602849329329906 1620000.0000002147
6.779398480112658 0.45621324856375783 0.1602849329329906 1620000.0000002147
6.779398480112658 0.45621324856375783 0.1602849329329906 1620000.0000002147
6.779398480112658 0.45621324856375783 0.1602849329329906 1620000.0000002147
6.779398480112658 0.45621324856375783 0.1602849329329906 1620000.0000002147
6.779398480112658 0.45621324856375783 0.1602849329329906 1620000.0000002147
6.779398480112658 0.45621324856375783 0.1602849329329906 1620000.0000002147
6.779398480112658 0.45621324856375783 0.1602849329329906 1620000.0000002147
6.779398480112658 0.45621324856375783 0.1602849329329906 1620000.0000002147
6.779398480112658 0.45621324856375783 0.1602849329329906 1620000.0000002147
6.779398480112658 0.45621324856375783 0.1602849329329906 1620000.0000002147
6.779398480112658 0.45621324856375783 0.1602849329329906 1620000.0000002147
6.779398480112658 0.45621324856375783 0.1602849329329906 1620000.0000002147
6.779398480112658 0.45621324856375783 0.1602849329329906 1620000.0000002147
6.779398480112658 0.45621324856375783 0.1602849329329906 1620000.0000002147
6.779398480112658 0.45621324856375783 0.1602849329329906 1620000.0000002147
6.779398480112658 0.45621324856375783 0.1602849329329906 1620000.0000002147
6.779398480112658 0.45621324856375783 0.1602849329329906 1620000.0000002147
6.779398480112658 0.45621324856375783 0.1602849329329906 1620000.0000002147
6.779398480112658 0.45621324856375783 0.1602849329329906 1620000.0000002147
6.779398480112658 0.45621324856375783 0.1602849329329906 1620000.0000002147
6.779398480112658 0.45621324856375783 0.1602849329329906 1620000.0000002147
6.779398480112658 0.45621324856375783 0.1602849329329906 1620000.0000002147
6.779398480112658 0.45621324856375783 0.1602849329329906 1620000.0000002147
6.779398480112658 0.45621324856375783 0.1602849329329906 1620000.0000002147
6.779398480112658 0.45621324856375783 0.1602849329329906 1620000.0000002147
6.779398480112658 0.45621324856375783 0.1602849329329906 1620000.0000002147
6.779398480112658 0.45621324856375783 0.1602849329329906 1620000.0000002147
6.779398480112658 0.45621324856375783 0.1602849329329906 1620000.0000002147
6.779398480112658 0.45621324856375783 0.1602849329329906 1620000.0000002147
6.779398480112658 0.45621324856375783 0.1602849329329906 1620000.0000002147
6.779398480112658 0.45621324856375783 0.1602849329329906 1620000.0000002147
6.779398480112658 0.45621324856375783 0.1602849329329906 1620000.0000002147
6.779398480112658 0.45621324856375783 0.1602849329329906 1620000.0000002147
6.779398480112658 0.45621324856375783 0.1602849329329906 1620000.0000002147
6.779398480112658 0.45621324856375783 0.1602849329329906 1620000.0000002147
6.779398480112658 0.45621324856375783 0.1602849329329906 1620000.0000002147
6.779398480112658 0.45621324856375783 0.1602849329329906 1620000.0000002147
6.779398480112658 0.45621324856375783 0.1602849329329906 1620000.0000002147
6.779398480112658 0.45621324856375783 0.1602849329329906 1620000.0000002147
6.779398480112658 0.45621324856375783 0.1602849329329906 1620000.0000002147
6.779398480112658 0.45621324856375783 0.1602849329329906 1620000.0000002147
6.779398480112658 0.45621324856375783 0.1602849329329906 1620000.0000002147
6.779398480112658 0.45621324856375783 0.1602849329329906 1620000.0000002147
6.779398480112658 0.45621324856375783 0.1602849329329906 1620000.0000002147
6.779398480112658 0.45621324856375783 0.1602849329329906 1620000.0000002147
6.779398480112658 0.45621324856375783 0.1602849329329906 1620000.0000002147
6.779398480112658 0.45621324856375783 0.1602849329329906 1620000.0000002147
6.779398480112658 0.45621324856375783 0.1602849329329906 1620000.0000002147
6.779398480112658 0.45621324856375783 0.1602849329329906 1620000.0000002147
6.779398480112658 0.45621324856375783 0.1602849329329906 1620000.0000002147
6.779398480112658 0.45621324856375783 0.1602849329329906 1620000.0000002147
6.779398480112658 0.45621324856375783 0.1602849329329906 1620000.0000002147
6.858811050206995 0.4632357304283421 0.16694289504414123 0.0 0,0,1 coil/filament1/filament2
6.871199277571393 0.3908176500910793 0.06734727063273122 1620000.0000002147
6.7915870652972306 0.3834662686127286 0.06454497743369814 1620000.0000002147
6.7915870652972306 0.3834662686127286 0.06454497743369814 1620000.0000002147
6.7915870652972306 0.3834662686127286 0.06454497743369814 1620000.0000002147
6.7915870652972306 0.3834662686127286 0.06454497743369814 1620000.0000002147
6.7915870652972306 0.3834662686127286 0.06454497743369814 1620000.0000002147
6.7915870652972306 0.3834662686127286 0.06454497743369814 1620000.0000002147
6.7915870652972306 0.3834662686127286 0.06454497743369814 1620000.0000002147
6.7915870652972306 0.3834662686127286 0.06454497743369814 1620000.0000002147
6.7915870652972306 0.3834662686127286 0.06454497743369814 1620000.0000002147
6.7915870652972306 0.3834662686127286 0.06454497743369814 1620000.0000002147
6.7915870652972306 0.3834662686127286 0.06454497743369814 1620000.0000002147
6.7915870652972306 0.3834662686127286 0.06454497743369814 1620000.0000002147
6.7915870652972306 0.3834662686127286 0.06454497743369814 1620000.0000002147
6.7915870652972306 0.3834662686127286 0.06454497743369814 1620000.0000002147
6.7915870652972306 0.3834662686127286 0.06454497743369814 1620000.0000002147
6.7915870652972306 0.3834662686127286 0.06454497743369814 1620000.0000002147
6.7915870652972306 0.3834662686127286 0.06454497743369814 1620000.0000002147
6.7915870652972306 0.3834662686127286 0.06454497743369814 1620000.0000002147
6.7915870652972306 0.3834662686127286 0.06454497743369814 1620000.0000002147
6.7915870652972306 0.3834662686127286 0.06454497743369814 1620000.0000002147
6.7915870652972306 0.3834662686127286 0.06454497743369814 1620000.0000002147
6.7915870652972306 0.3834662686127286 0.06454497743369814 1620000.0000002147
6.7915870652972306 0.3834662686127286 0.06454497743369814 1620000.0000002147
6.7915870652972306 0.3834662686127286 0.06454497743369814 1620000.0000002147
6.7915870652972306 0.3834662686127286 0.06454497743369814 1620000.0000002147
6.7915870652972306 0.3834662686127286 0.06454497743369814 1620000.0000002147
6.7915870652972306 0.3834662686127286 0.06454497743369814 1620000.0000002147
6.7915870652972306 0.3834662686127286 0.06454497743369814 1620000.0000002147
6.7915870652972306 0.3834662686127286 0.06454497743369814 1620000.0000002147
6.7915870652972306 0.3834662686127286 0.06454497743369814 1620000.0000002147
6.7915870652972306 0.3834662686127286 0.06454497743369814 1620000.0000002147
6.7915870652972306 0.3834662686127286 0.06454497743369814 1620000.0000002147
6.7915870652972306 0.3834662686127286 0.06454497743369814 1620000.0000002147
6.7915870652972306 0.3834662686127286 0.06454497743369814 1620000.0000002147
6.7915870652972306 0.3834662686127286 0.06454497743369814 1620000.0000002147
6.7915870652972306 0.3834662686127286 0.06454497743369814 1620000.0000002147
6.7915870652972306 0.3834662686127286 0.06454497743369814 1620000.0000002147
6.7915870652972306 0.3834662686127286 0.06454497743369814 1620000.0000002147
6.7915870652972306 0.3834662686127286 0.06454497743369814 1620000.0000002147
6.7915870652972306 0.3834662686127286 0.06454497743369814 1620000.0000002147
6.7915870652972306 0.3834662686127286 0.06454497743369814 1620000.0000002147
6.7915870652972306 0.3834662686127286 0.06454497743369814 1620000.0000002147
6.7915870652972306 0.3834662686127286 0.06454497743369814 1620000.0000002147
6.7915870652972306 0.3834662686127286 0.06454497743369814 1620000.0000002147
6.7915870652972306 0.3834662686127286 0.06454497743369814 1620000.0000002147
6.7915870652972306 0.3834662686127286 0.06454497743369814 1620000.0000002147
6.7915870652972306 0.3834662686127286 0.06454497743369814 1620000.0000002147
6.7915870652972306 0.3834662686127286 0.06454497743369814 1620000.0000002147
6.7915870652972306 0.3834662686127286 0.06454497743369814 1620000.0000002147
6.7915870652972306 0.3834662686127286 0.06454497743369814 1620000.0000002147
6.7915870652972306 0.3834662686127286 0.06454497743369814 1620000.0000002147
6.7915870652972306 0.3834662686127286 0.06454497743369814 1620000.0000002147
6.7915870652972306 0.3834662686127286 0.06454497743369814 1620000.0000002147
6.7915870652972306 0.3834662686127286 0.06454497743369814 1620000.0000002147
6.7915870652972306 0.3834662686127286 0.06454497743369814 1620000.0000002147
6.7915870652972306 0.3834662686127286 0.06454497743369814 1620000.0000002147
6.7915870652972306 0.3834662686127286 0.06454497743369814 1620000.0000002147
6.7915870652972306 0.3834662686127286 0.06454497743369814 1620000.0000002147
6.7915870652972306 0.3834662686127286 0.06454497743369814 1620000.0000002147
6.7915870652972306 0.3834662686127286 0.06454497743369814 1620000.0000002147
6.7915870652972306 0.3834662686127286 0.06454497743369814 1620000.0000002147
6.7915870652972306 0.3834662686127286 0.06454497743369814 1620000.0000002147
6.7915870652972306 0.3834662686127286 0.06454497743369814 1620000.0000002147
6.871199277571393 0.3908176500910793 0.06734727063273122 0.0 0,1,0 coil/filament1/filament2
6.866287213326341 0.3837657561832322 0.1615921774759537 1620000.0000002147
6.786874643232004 0.37674327431864796 0.15493421536480306 1620000.0000002147
6.786874643232004 0.37674327431864796 0.15493421536480306 1620000.0000002147
6.786874643232004 0.37674327431864796 0.15493421536480306 1620000.0000002147
6.786874643232004 0.37674327431864796 0.15493421536480306 1620000.0000002147
6.786874643232004 0.37674327431864796 0.15493421536480306 1620000.0000002147
6.786874643232004 0.37674327431864796 0.15493421536480306 1620000.0000002147
6.786874643232004 0.37674327431864796 0.15493421536480306 1620000.0000002147
6.786874643232004 0.37674327431864796 0.15493421536480306 1620000.0000002147
6.786874643232004 0.37674327431864796 0.15493421536480306 1620000.0000002147
6.786874643232004 0.37674327431864796 0.15493421536480306 1620000.0000002147
6.786874643232004 0.37674327431864796 0.15493421536480306 1620000.0000002147
6.786874643232004 0.37674327431864796 0.15493421536480306 1620000.0000002147
6.786874643232004 0.37674327431864796 0.15493421536480306 1620000.0000002147
6.786874643232004 0.37674327431864796 0.15493421536480306 1620000.0000002147
6.786874643232004 0.37674327431864796 0.15493421536480306 1620000.0000002147
6.786874643232004 0.37674327431864796 0.15493421536480306 1620000.0000002147
6.786874643232004 0.37674327431864796 0.15493421536480306 1620000.0000002147
6.786874643232004 0.37674327431864796 0.15493421536480306 1620000.0000002147
6.786874643232004 0.37674327431864796 0.15493421536480306 1620000.0000002147
6.786874643232004 0.37674327431864796 0.15493421536480306 1620000.0000002147
6.786874643232004 0.37674327431864796 0.15493421536480306 1620000.0000002147
6.786874643232004 0.37674327431864796 0.15493421536480306 1620000.0000002147
6.786874643232004 0.37674327431864796 0.15493421536480306 1620000.0000002147
6.786874643232004 0.37674327431864796 0.15493421536480306 1620000.0000002147
6.786874643232004 0.37674327431864796 0.15493421536480306 1620000.0000002147
6.786874643232004 0.37674327431864796 0.15493421536480306 1620000.0000002147
6.786874643232004 0.37674327431864796 0.15493421536480306 1620000.0000002147
6.786874643232004 0.37674327431864796 0.15493421536480306 1620000.0000002147
6.786874643232004 0.37674327431864796 0.15493421536480306 1620000.0000002147
6.786874643232004 0.37674327431864796 0.15493421536480306 1620000.0000002147
6.786874643232004 0.37674327431864796 0.15493421536480306 1620000.0000002147
6.786874643232004 0.37674327431864796 0.15493421536480306 1620000.0000002147
6.786874643232004 0.37674327431864796 0.15493421536480306 1620000.0000002147
6.786874643232004 0.37674327431864796 0.15493421536480306 1620000.0000002147
6.786874643232004 0.37674327431864796 0.15493421536480306 1620000.0000002147
6.786874643232004 0.37674327431864796 0.15493421536480306 1620000.0000002147
6.786874643232004 0.37674327431864796 0.15493421536480306 1620000.0000002147
6.786874643232004 0.37674327431864796 0.15493421536480306 1620000.0000002147
6.786874643232004 0.37674327431864796 0.15493421536480306 1620000.0000002147
6.786874643232004 0.37674327431864796 0.15493421536480306 1620000.0000002147
6.786874643232004 0.37674327431864796 0.15493421536480306 1620000.0000002147
6.786874643232004 0.37674327431864796 0.15493421536480306 1620000.0000002147
6.786874643232004 0.37674327431864796 0.15493421536480306 1620000.0000002147
6.786874643232004 0.37674327431864796 0.15493421536480306 1620000.0000002147
6.786874643232004 0.37674327431864796 0.15493421536480306 1620000.0000002147
6.786874643232004 0.37674327431864796 0.15493421536480306 1620000.0000002147
6.786874643232004 0.37674327431864796 0.15493421536480306 1620000.0000002147
6.786874643232004 0.37674327431864796 0.15493421536480306 1620000.0000002147
6.786874643232004 0.37674327431864796 0.15493421536480306 1620000.0000002147
6.786874643232004 0.37674327431864796 0.15493421536480306 1620000.0000002147
6.786874643232004 0.37674327431864796 0.15493421536480306 1620000.0000002147
6.786874643232004 0.37674327431864796 0.15493421536480306 1620000.0000002147
6.786874643232004 0.37674327431864796 0.15493421536480306 1620000.0000002147
6.786874643232004 0.37674327431864796 0.15493421536480306 1620000.0000002147
6.786874643232004 0.37674327431864796 0.15493421536480306 1620000.0000002147
6.786874643232004 0.37674327431864796 0.15493421536480306 1620000.0000002147
6.786874643232004 0.37674327431864796 0.15493421536480306 1620000.0000002147
6.786874643232004 0.37674327431864796 0.15493421536480306 1620000.0000002147
6.786874643232004 0.37674327431864796 0.15493421536480306 1620000.0000002147
6.786874643232004 0.37674327431864796 0.15493421536480306 1620000.0000002147
6.786874643232004 0.37674327431864796 0.15493421536480306 1620000.0000002147
6.786874643232004 0.37674327431864796 0.15493421536480306 1620000.0000002147
6.786874643232004 0.37674327431864796 0.15493421536480306 1620000.0000002147
6.866287213326341 0.3837657561832322 0.1615921774759537 0.0 0,1,1 coil/filament1/filament2
6.6526777643572075 1.3990381898699036 0.2242774217787675 1620000.0000001309
6.578190028470557 1.3755673190328006 0.20693685014376667 1620000.0000001309
6.578190028470557 1.3755673190328006 0.20693685014376667 1620000.0000001309
6.578190028470557 1.3755673190328006 0.20693685014376667 1620000.0000001309
6.578190028470557 1.3755673190328006 0.20693685014376667 1620000.0000001309
6.578190028470557 1.3755673190328006 0.20693685014376667 1620000.0000001309
6.578190028470557 1.3755673190328006 0.20693685014376667 1620000.0000001309
6.578190028470557 1.3755673190328006 0.20693685014376667 1620000.0000001309
6.578190028470557 1.3755673190328006 0.20693685014376667 1620000.0000001309
6.578190028470557 1.3755673190328006 0.20693685014376667 1620000.0000001309
6.578190028470557 1.3755673190328006 0.20693685014376667 1620000.0000001309
6.578190028470557 1.3755673190328006 0.20693685014376667 1620000.0000001309
6.578190028470557 1.3755673190328006 0.20693685014376667 1620000.0000001309
6.578190028470557 1.3755673190328006 0.20693685014376667 1620000.0000001309
6.578190028470557 1.3755673190328006 0.20693685014376667 1620000.0000001309
6.578190028470557 1.3755673190328006 0.20693685014376667 1620000.0000001309
6.578190028470557 1.3755673190328006 0.20693685014376667 1620000.0000001309
6.578190028470557 1.3755673190328006 0.20693685014376667 1620000.0000001309
6.578190028470557 1.3755673190328006 0.20693685014376667 1620000.0000001309
6.578190028470557 1.3755673190328006 0.20693685014376667 1620000.0000001309
6.578190028470557 1.3755673190328006 0.20693685014376667 1620000.0000001309
6.578190028470557 1.3755673190328006 0.20693685014376667 1620000.0000001309
6.578190028470557 1.3755673190328006 0.20693685014376667 1620000.0000001309
6.578190028470557 1.3755673190328006 0.20693685014376667 1620000.0000001309
6.578190028470557 1.3755673190328006 0.20693685014376667 1620000.0000001309
6.578190028470557 1.3755673190328006 0.20693685014376667 1620000.0000001309
6.578190028470557 1.3755673190328006 0.20693685014376667 1620000.0000001309
6.578190028470557 1.3755673190328006 0.20693685014376667 1620000.0000001309
6.578190028470557 1.3755673190328006 0.20693685014376667 1620000.0000001309
6.578190028470557 1.3755673190328006 0.20693685014376667 1620000.0000001309
6.578190028470557 1.3755673190328006 0.20693685014376667 1620000.0000001309
6.578190028470557 1.3755673190328006 0.20693685014376667 1620000.0000001309
6.578190028470557 1.3755673190328006 0.20693685014376667 1620000.0000001309
6.578190028470557 1.3755673190328006 0.20693685014376667 1620000.0000001309
6.578190028470557 1.3755673190328006 0.20693685014376667 1620000.0000001309
6.578190028470557 1.3755673190328006 0.20693685014376667 1620000.0000001309
6.578190028470557 1.3755673190328006 0.20693685014376667 1620000.0000001309
6.578190028470557 1.3755673190328006 0.20693685014376667 1620000.0000001309
6.578190028470557 1.3755673190328006 0.20693685014376667 1620000.0000001309
6.578190028470557 1.3755673190328006 0.20693685014376667 1620000.0000001309
6.578190028470557 1.3755673190328006 0.20693685014376667 1620000.0000001309
6.578190028470557 1.3755673190328006 0.20693685014376667 1620000.0000001309
6.578190028470557 1.3755673190328006 0.20693685014376667 1620000.0000001309
6.578190028470557 1.3755673190328006 0.20693685014376667 1620000.0000001309
6.578190028470557 1.3755673190328006 0.20693685014376667 1620000.0000001309
6.578190028470557 1.3755673190328006 0.20693685014376667 1620000.0000001309
6.578190028470557 1.3755673190328006 0.20693685014376667 1620000.0000001309
6.578190028470557 1.3755673190328006 0.20693685014376667 1620000.0000001309
6.578190028470557 1.3755673190328006 0.20693685014376667 1620000.0000001309
6.578190028470557 1.3755673190328006 0.20693685014376667 1620000.0000001309
6.578190028470557 1.3755673190328006 0.20693685014376667 1620000.0000001309
6.578190028470557 1.3755673190328006 0.20693685014376667 1620000.0000001309
6.578190028470557 1.3755673190328006 0.20693685014376667 1620000.0000001309
6.578190028470557 1.3755673190328006 0.20693685014376667 1620000.0000001309
6.578190028470557 1.3755673190328006 0.20693685014376667 1620000.0000001309
6.578190028470557 1.3755673190328006 0.20693685014376667 1620000.0000001309
6.578190028470557 1.3755673190328006 0.20693685014376667 1620000.0000001309
6.578190028470557 1.3755673190328006 0.20693685014376667 1620000.0000001309
6.578190028470557 1.3755673190328006 0.20693685014376667 1620000.0000001309
6.578190028470557 1.3755673190328006 0.20693685014376667 1620000.0000001309
6.578190028470557 1.3755673190328006 0.20693685014376667 1620000.0000001309
6.578190028470557 1.3755673190328006 0.20693685014376667 1620000.0000001309
6.578190028470557 1.3755673190328006 0.20693685014376667 1620000.0000001309
6.578190028470557 1.3755673190328006 0.20693685014376667 1620000.0000001309
6.6526777643572075 1.3990381898699036 0.2242774217787675 0.0 1,0,0 coil/filament1/filament2
6.637825750538096 1.3731643214734204 0.31227677074690613 1620000.0000001309
6.564055184729924 1.350209099536295 0.2915171607756307 1620000.0000001309
6.564055184729924 1.350209099536295 0.2915171607756307 1620000.0000001309
6.564055184729924 1.350209099536295 0.2915171607756307 1620000.0000001309
6.564055184729924 1.350209099536295 0.2915171607756307 1620000.0000001309
6.564055184729924 1.350209099536295 0.2915171607756307 1620000.0000001309
6.564055184729924 1.350209099536295 0.2915171607756307 1620000.0000001309
6.564055184729924 1.350209099536295 0.2915171607756307 1620000.0000001309
6.564055184729924 1.350209099536295 0.2915171607756307 1620000.0000001309
6.564055184729924 1.350209099536295 0.2915171607756307 1620000.0000001309
6.564055184729924 1.350209099536295 0.2915171607756307 1620000.0000001309
6.564055184729924 1.350209099536295 0.2915171607756307 1620000.0000001309
6.564055184729924 1.350209099536295 0.2915171607756307 1620000.0000001309
6.564055184729924 1.350209099536295 0.2915171607756307 1620000.0000001309
6.564055184729924 1.350209099536295 0.2915171607756307 1620000.0000001309
6.564055184729924 1.350209099536295 0.2915171607756307 1620000.0000001309
6.564055184729924 1.350209099536295 0.2915171607756307 1620000.0000001309
6.564055184729924 1.350209099536295 0.2915171607756307 1620000.0000001309
6.564055184729924 1.350209099536295 0.2915171607756307 1620000.0000001309
6.564055184729924 1.350209099536295 0.2915171607756307 1620000.0000001309
6.564055184729924 1.350209099536295 0.2915171607756307 1620000.0000001309
6.564055184729924 1.350209099536295 0.2915171607756307 1620000.0000001309
6.564055184729924 1.350209099536295 0.2915171607756307 1620000.0000001309
6.564055184729924 1.350209099536295 0.2915171607756307 1620000.0000001309
6.564055184729924 1.350209099536295 0.2915171607756307 1620000.0000001309
6.564055184729924 1.350209099536295 0.2915171607756307 1620000.0000001309
6.564055184729924 1.350209099536295 0.2915171607756307 1620000.0000001309
6.564055184729924 1.350209099536295 0.2915171607756307 1620000.0000001309
6.564055184729924 1.350209099536295 0.2915171607756307 1620000.0000001309
6.564055184729924 1.350209099536295 0.2915171607756307 1620000.0000001309
6.564055184729924 1.350209099536295 0.2915171607756307 1620000.0000001309
6.564055184729924 1.350209099536295 0.2915171607756307 1620000.0000001309
6.564055184729924 1.350209099536295 0.2915171607756307 1620000.0000001309
6.564055184729924 1.350209099536295 0.2915171607756307 1620000.0000001309
6.564055184729924 1.350209099536295 0.2915171607756307 1620000.0000001309
6.564055184729924 1.350209099536295 0.2915171607756307 1620000.0000001309
6.564055184729924 1.350209099536295 0.2915171607756307 1620000.0000001309
6.564055184729924 1.350209099536295 0.2915171607756307 1620000.0000001309
6.564055184729924 1.350209099536295 0.2915171607756307 1620000.0000001309
6.564055184729924 1.350209099536295 0.2915171607756307 1620000.0000001309
6.564055184729924 1.350209099536295 0.2915171607756307 1620000.0000001309
6.564055184729924 1.350209099536295 0.2915171607756307 1620000.0000001309
6.564055184729924 1.350209099536295 0.2915171607756307 1620000.0000001309
6.564055184729924 1.350209099536295 0.2915171607756307 1620000.0000001309
6.564055184729924 1.350209099536295 0.2915171607756307 1620000.0000001309
6.564055184729924 1.350209099536295 0.2915171607756307 1620000.0000001309
6.564055184729924 1.350209099536295 0.2915171607756307 1620000.0000001309
6.564055184729924 1.350209099536295 0.2915171607756307 1620000.0000001309
6.564055184729924 1.350209099536295 0.2915171607756307 1620000.0000001309
6.564055184729924 1.350209099536295 0.2915171607756307 1620000.0000001309
6.564055184729924 1.350209099536295 0.2915171607756307 1620000.0000001309
6.564055184729924 1.350209099536295 0.2915171607756307 1620000.0000001309
6.564055184729924 1.350209099536295 0.2915171607756307 1620000.0000001309
6.564055184729924 1.350209099536295 0.2915171607756307 1620000.0000001309
6.564055184729924 1.350209099536295 0.2915171607756307 1620000.0000001309
6.564055184729924 1.350209099536295 0.2915171607756307 1620000.0000001309
6.564055184729924 1.350209099536295 0.2915171607756307 1620000.0000001309
6.564055184729924 1.350209099536295 0.2915171607756307 1620000.0000001309
6.564055184729924 1.350209099536295 0.2915171607756307 1620000.0000001309
6.564055184729924 1.350209099536295 0.2915171607756307 1620000.0000001309
6.564055184729924 1.350209099536295 0.2915171607756307 1620000.0000001309
6.564055184729924 1.350209099536295 0.2915171607756307 1620000.0000001309
6.564055184729924 1.350209099536295 0.2915171607756307 1620000.0000001309
6.564055184729924 1.350209099536295 0.2915171607756307 1620000.0000001309
6.637825750538096 1.3731643214734204 0.31227677074690613 0.0 1,0,1 coil/filament1/filament2
6.679900043012212 1.3260245968867028 0.20616767897239918 1620000.0000001309
6.605412307125562 1.3025537260495998 0.18882710733739835 1620000.0000001309
6.605412307125562 1.3025537260495998 0.18882710733739835 1620000.0000001309
6.605412307125562 1.3025537260495998 0.18882710733739835 1620000.0000001309
6.605412307125562 1.3025537260495998 0.18882710733739835 1620000.0000001309
6.605412307125562 1.3025537260495998 0.18882710733739835 1620000.0000001309
6.605412307125562 1.3025537260495998 0.18882710733739835 1620000.0000001309
6.605412307125562 1.3025537260495998 0.18882710733739835 1620000.0000001309
6.605412307125562 1.3025537260495998 0.18882710733739835 1620000.0000001309
6.605412307125562 1.3025537260495998 0.18882710733739835 1620000.0000001309
6.605412307125562 1.3025537260495998 0.18882710733739835 1620000.0000001309
6.605412307125562 1.3025537260495998 0.18882710733739835 1620000.0000001309
6.605412307125562 1.3025537260495998 0.18882710733739835 1620000.0000001309
6.605412307125562 1.3025537260495998 0.18882710733739835 1620000.0000001309
6.605412307125562 1.3025537260495998 0.18882710733739835 1620000.0000001309
6.605412307125562 1.3025537260495998 0.18882710733739835 1620000.0000001309
6.605412307125562 1.3025537260495998 0.18882710733739835 1620000.0000001309
6.605412307125562 1.3025537260495998 0.18882710733739835 1620000.0000001309
6.605412307125562 1.3025537260495998 0.18882710733739835 1620000.0000001309
6.605412307125562 1.3025537260495998 0.18882710733739835 1620000.0000001309
6.605412307125562 1.3025537260495998 0.18882710733739835 1620000.0000001309
6.605412307125562 1.3025537260495998 0.18882710733739835 1620000.0000001309
6.605412307125562 1.3025537260495998 0.18882710733739835 1620000.0000001309
6.605412307125562 1.3025537260495998 0.18882710733739835 1620000.0000001309
6.605412307125562 1.3025537260495998 0.18882710733739835 1620000.0000001309
6.605412307125562 1.3025537260495998 0.18882710733739835 1620000.0000001309
6.605412307125562 1.3025537260495998 0.18882710733739835 1620000.0000001309
6.605412307125562 1.3025537260495998 0.18882710733739835 1620000.0000001309
6.605412307125562 1.3025537260495998 0.18882710733739835 1620000.0000001309
6.605412307125562 1.3025537260495998 0.18882710733739835 1620000.0000001309
6.605412307125562 1.3025537260495998 0.18882710733739835 1620000.0000001309
6.605412307125562 1.3025537260495998 0.18882710733739835 1620000.0000001309
6.605412307125562 1.3025537260495998 0.18882710733739835 1620000.0000001309
6.605412307125562 1.3025537260495998 0.18882710733739835 1620000.0000001309
6.605412307125562 1.3025537260495998 0.18882710733739835 1620000.0000001309
6.605412307125562 1.3025537260495998 0.18882710733739835 1620000.0000001309
6.605412307125562 1.3025537260495998 0.18882710733739835 1620000.0000001309
6.605412307125562 1.3025537260495998 0.18882710733739835 1620000.0000001309
6.605412307125562 1.3025537260495998 0.18882710733739835 1620000.0000001309
6.605412307125562 1.3025537260495998 0.18882710733739835 1620000.0000001309
6.605412307125562 1.3025537260495998 0.18882710733739835 1620000.0000001309
6.605412307125562 1.3025537260495998 0.18882710733739835 1620000.0000001309
6.605412307125562 1.3025537260495998 0.18882710733739835 1620000.0000001309
6.605412307125562 1.3025537260495998 0.18882710733739835 1620000.0000001309
6.605412307125562 1.3025537260495998 0.18882710733739835 1620000.0000001309
6.605412307125562 1.3025537260495998 0.18882710733739835 1620000.0000001309
6.605412307125562 1.3025537260495998 0.18882710733739835 1620000.0000001309
6.605412307125562 1.3025537260495998 0.18882710733739835 1620000.0000001309
6.605412307125562 1.3025537260495998 0.18882710733739835 1620000.0000001309
6.605412307125562 1.3025537260495998 0.18882710733739835 1620000.0000001309
6.605412307125562 1.3025537260495998 0.18882710733739835 1620000.0000001309
6.605412307125562 1.3025537260495998 0.18882710733739835 1620000.0000001309
6.605412307125562 1.3025537260495998 0.18882710733739835 1620000.0000001309
6.605412307125562 1.3025537260495998 0.18882710733739835 1620000.0000001309
6.605412307125562 1.3025537260495998 0.18882710733739835 1620000.0000001309
6.605412307125562 1.3025537260495998 0.18882710733739835 1620000.0000001309
6.605412307125562 1.3025537260495998 0.18882710733739835 1620000.0000001309
6.605412307125562 1.3025537260495998 0.18882710733739835 1620000.0000001309
6.605412307125562 1.3025537260495998 0.18882710733739835 1620000.0000001309
6.605412307125562 1.3025537260495998 0.18882710733739835 1620000.0000001309
6.605412307125562 1.3025537260495998 0.18882710733739835 1620000.0000001309
6.605412307125562 1.3025537260495998 0.18882710733739835 1620000.0000001309
6.605412307125562 1.3025537260495998 0.18882710733739835 1620000.0000001309
6.605412307125562 1.3025537260495998 0.18882710733739835 1620000.0000001309
6.679900043012212 1.3260245968867028 0.20616767897239918 0.0 1,1,0 coil/filament1/filament2
6.6651581730090355 1.2996701775290964 0.29641645902988456 1620000.0000001309
6.591387607200864 1.276714955591971 0.27565684905860915 1620000.0000001309
6.591387607200864 1.276714955591971 0.27565684905860915 1620000.0000001309
6.591387607200864 1.276714955591971 0.27565684905860915 1620000.0000001309
6.591387607200864 1.276714955591971 0.27565684905860915 1620000.0000001309
6.591387607200864 1.276714955591971 0.27565684905860915 1620000.0000001309
6.591387607200864 1.276714955591971 0.27565684905860915 1620000.0000001309
6.591387607200864 1.276714955591971 0.27565684905860915 1620000.0000001309
6.591387607200864 1.276714955591971 0.27565684905860915 1620000.0000001309
6.591387607200864 1.276714955591971 0.27565684905860915 1620000.0000001309
6.591387607200864 1.276714955591971 0.27565684905860915 1620000.0000001309
6.591387607200864 1.276714955591971 0.27565684905860915 1620000.0000001309
6.591387607200864 1.276714955591971 0.27565684905860915 1620000.0000001309
6.591387607200864 1.276714955591971 0.27565684905860915 1620000.0000001309
6.591387607200864 1.276714955591971 0.27565684905860915 1620000.0000001309
6.591387607200864 1.276714955591971 0.27565684905860915 1620000.0000001309
6.591387607200864 1.276714955591971 0.27565684905860915 1620000.0000001309
6.591387607200864 1.276714955591971 0.27565684905860915 1620000.0000001309
6.591387607200864 1.276714955591971 0.27565684905860915 1620000.0000001309
6.591387607200864 1.276714955591971 0.27565684905860915 1620000.0000001309
6.591387607200864 1.276714955591971 0.27565684905860915 1620000.0000001309
6.591387607200864 1.276714955591971 0.27565684905860915 1620000.0000001309
6.591387607200864 1.276714955591971 0.27565684905860915 1620000.0000001309
6.591387607200864 1.276714955591971 0.27565684905860915 1620000.0000001309
6.591387607200864 1.276714955591971 0.27565684905860915 1620000.0000001309
6.591387607200864 1.276714955591971 0.27565684905860915 1620000.0000001309
6.591387607200864 1.276714955591971 0.27565684905860915 1620000.0000001309
6.591387607200864 1.276714955591971 0.27565684905860915 1620000.0000001309
6.591387607200864 1.276714955591971 0.27565684905860915 1620000.0000001309
6.591387607200864 1.276714955591971 0.27565684905860915 1620000.0000001309
6.591387607200864 1.276714955591971 0.27565684905860915 1620000.0000001309
6.591387607200864 1.276714955591971 0.27565684905860915 1620000.0000001309
6.591387607200864 1.276714955591971 0.27565684905860915 1620000.0000001309
6.591387607200864 1.276714955591971 0.27565684905860915 1620000.0000001309
6.591387607200864 1.276714955591971 0.27565684905860915 1620000.0000001309
6.591387607200864 1.276714955591971 0.27565684905860915 1620000.0000001309
6.591387607200864 1.276714955591971 0.27565684905860915 1620000.0000001309
6.591387607200864 1.276714955591971 0.27565684905860915 1620000.0000001309
6.591387607200864 1.276714955591971 0.27565684905860915 1620000.0000001309
6.591387607200864 1.276714955591971 0.27565684905860915 1620000.0000001309
6.591387607200864 1.276714955591971 0.27565684905860915 1620000.0000001309
6.591387607200864 1.276714955591971 0.27565684905860915 1620000.0000001309
6.591387607200864 1.276714955591971 0.27565684905860915 1620000.0000001309
6.591387607200864 1.276714955591971 0.27565684905860915 1620000.0000001309
6.591387607200864 1.276714955591971 0.27565684905860915 1620000.0000001309
6.591387607200864 1.276714955591971 0.27565684905860915 1620000.0000001309
6.591387607200864 1.276714955591971 0.27565684905860915 1620000.0000001309
6.591387607200864 1.276714955591971 0.27565684905860915 1620000.0000001309
6.591387607200864 1.276714955591971 0.27565684905860915 1620000.0000001309
6.591387607200864 1.276714955591971 0.27565684905860915 1620000.0000001309
6.591387607200864 1.276714955591971 0.27565684905860915 1620000.0000001309
6.591387607200864 1.276714955591971 0.27565684905860915 1620000.0000001309
6.591387607200864 1.276714955591971 0.27565684905860915 1620000.0000001309
6.591387607200864 1.276714955591971 0.27565684905860915 1620000.0000001309
6.591387607200864 1.276714955591971 0.27565684905860915 1620000.0000001309
6.591387607200864 1.276714955591971 0.27565684905860915 1620000.0000001309
6.591387607200864 1.276714955591971 0.27565684905860915 1620000.0000001309
6.591387607200864 1.276714955591971 0.27565684905860915 1620000.0000001309
6.591387607200864 1.276714955591971 0.27565684905860915 1620000.0000001309
6.591387607200864 1.276714955591971 0.27565684905860915 1620000.0000001309
6.591387607200864 1.276714955591971 0.27565684905860915 1620000.0000001309
6.591387607200864 1.276714955591971 0.27565684905860915 1620000.0000001309
6.591387607200864 1.276714955591971 0.27565684905860915 1620000.0000001309
6.591387607200864 1.276714955591971 0.27565684905860915 1620000.0000001309
6.6651581730090355 1.2996701775290964 0.29641645902988456 0.0 1,1,1 coil/filament1/filament2
6.305087646941658 2.2308381604680223 0.24878347031091746 1619999.9999999995
6.239660838645304 2.1867115060567626 0.23566207074298495 1619999.9999999995
6.239660838645304 2.1867115060567626 0.23566207074298495 1619999.9999999995
6.239660838645304 2.1867115060567626 0.23566207074298495 1619999.9999999995
6.239660838645304 2.1867115060567626 0.23566207074298495 1619999.9999999995
6.239660838645304 2.1867115060567626 0.23566207074298495 1619999.9999999995
6.239660838645304 2.1867115060567626 0.23566207074298495 1619999.9999999995
6.239660838645304 2.1867115060567626 0.23566207074298495 1619999.9999999995
6.239660838645304 2.1867115060567626 0.23566207074298495 1619999.9999999995
6.239660838645304 2.1867115060567626 0.23566207074298495 1619999.9999999995
6.239660838645304 2.1867115060567626 0.23566207074298495 1619999.9999999995
6.239660838645304 2.1867115060567626 0.23566207074298495 1619999.9999999995
6.239660838645304 2.1867115060567626 0.23566207074298495 1619999.9999999995
6.239660838645304 2.1867115060567626 0.23566207074298495 1619999.9999999995
6.239660838645304 2.1867115060567626 0.23566207074298495 1619999.9999999995
6.239660838645304 2.1867115060567626 0.23566207074298495 1619999.9999999995
6.239660838645304 2.1867115060567626 0.23566207074298495 1619999.9999999995
6.239660838645304 2.1867115060567626 0.23566207074298495 1619999.9999999995
6.239660838645304 2.1867115060567626 0.23566207074298495 1619999.9999999995
6.239660838645304 2.1867115060567626 0.23566207074298495 1619999.9999999995
6.239660838645304 2.1867115060567626 0.23566207074298495 1619999.9999999995
6.239660838645304 2.1867115060567626 0.23566207074298495 1619999.9999999995
6.239660838645304 2.1867115060567626 0.23566207074298495 1619999.9999999995
6.239660838645304 2.1867115060567626 0.23566207074298495 1619999.9999999995
6.239660838645304 2.1867115060567626 0.23566207074298495 1619999.9999999995
6.239660838645304 2.1867115060567626 0.23566207074298495 1619999.9999999995
6.239660838645304 2.1867115060567626 0.23566207074298495 1619999.9999999995
6.239660838645304 2.1867115060567626 0.23566207074298495 1619999.9999999995
6.239660838645304 2.1867115060567626 0.23566207074298495 1619999.9999999995
6.239660838645304 2.1867115060567626 0.23566207074298495 1619999.9999999995
6.239660838645304 2.1867115060567626 0.23566207074298495 1619999.9999999995
6.239660838645304 2.1867115060567626 0.23566207074298495 1619999.9999999995
6.239660838645304 2.1867115060567626 0.23566207074298495 1619999.9999999995
6.239660838645304 2.1867115060567626 0.23566207074298495 1619999.9999999995
6.239660838645304 2.1867115060567626 0.23566207074298495 1619999.9999999995
6.239660838645304 2.1867115060567626 0.23566207074298495 1619999.9999999995
6.239660838645304 2.1867115060567626 0.23566207074298495 1619999.9999999995
6.239660838645304 2.1867115060567626 0.23566207074298495 1619999.9999999995
6.239660838645304 2.1867115060567626 0.23566207074298495 1619999.9999999995
6.239660838645304 2.1867115060567626 0.23566207074298495 1619999.9999999995
6.239660838645304 2.1867115060567626 0.23566207074298495 1619999.9999999995
6.239660838645304 2.1867115060567626 0.23566207074298495 1619999.9999999995
6.239660838645304 2.1867115060567626 0.23566207074298495 1619999.9999999995
6.239660838645304 2.1867115060567626 0.23566207074298495 1619999.9999999995
6.239660838645304 2.1867115060567626 0.23566207074298495 1619999.9999999995
6.239660838645304 2.1867115060567626 0.23566207074298495 1619999.9999999995
6.239660838645304 2.1867115060567626 0.23566207074298495 1619999.9999999995
6.239660838645304 2.1867115060567626 0.23566207074298495 1619999.9999999995
6.239660838645304 2.1867115060567626 0.23566207074298495 1619999.9999999995
6.239660838645304 2.1867115060567626 0.23566207074298495 1619999.9999999995
6.239660838645304 2.1867115060567626 0.23566207074298495 1619999.9999999995
6.239660838645304 2.1867115060567626 0.23566207074298495 1619999.9999999995
6.239660838645304 2.1867115060567626 0.23566207074298495 1619999.9999999995
6.239660838645304 2.1867115060567626 0.23566207074298495 1619999.9999999995
6.239660838645304 2.1867115060567626 0.23566207074298495 1619999.9999999995
6.239660838645304 2.1867115060567626 0.23566207074298495 1619999.9999999995
6.239660838645304 2.1867115060567626 0.23566207074298495 1619999.9999999995
6.239660838645304 2.1867115060567626 0.23566207074298495 1619999.9999999995
6.239660838645304 2.1867115060567626 0.23566207074298495 1619999.9999999995
6.239660838645304 2.1867115060567626 0.23566207074298495 1619999.9999999995
6.239660838645304 2.1867115060567626 0.23566207074298495 1619999.9999999995
6.239660838645304 2.1867115060567626 0.23566207074298495 1619999.9999999995
6.239660838645304 2.1867115060567626 0.23566207074298495 1619999.9999999995
6.239660838645304 2.1867115060567626 0.23566207074298495 1619999.9999999995
6.305087646941658 2.2308381604680223 0.24878347031091746 0.0 2,0,0 coil/filament1/filament2
6.259641473689024 2.2446025181325076 0.3928929235876562 1619999.9999999995
6.195835511974489 2.2007074198650396 0.37284249721382073 1619999.9999999995
6.195835511974489 2.2007074198650396 0.37284249721382073 1619999.9999999995
6.195835511974489 2.2007074198650396 0.37284249721382073 1619999.9999999995
6.195835511974489 2.2007074198650396 0.37284249721382073 1619999.9999999995
6.195835511974489 2.2007074198650396 0.37284249721382073 1619999.9999999995
6.195835511974489 2.2007074198650396 0.37284249721382073 1619999.9999999995
6.195835511974489 2.2007074198650396 0.37284249721382073 1619999.9999999995
6.195835511974489 2.2007074198650396 0.37284249721382073 1619999.9999999995
6.195835511974489 2.2007074198650396 0.37284249721382073 1619999.9999999995
6.195835511974489 2.2007074198650396 0.37284249721382073 1619999.9999999995
6.195835511974489 2.2007074198650396 0.37284249721382073 1619999.9999999995
6.195835511974489 2.2007074198650396 0.37284249721382073 1619999.9999999995
6.195835511974489 2.2007074198650396 0.37284249721382073 1619999.9999999995
6.195835511974489 2.2007074198650396 0.37284249721382073 1619999.9999999995
6.195835511974489 2.2007074198650396 0.37284249721382073 1619999.9999999995
6.195835511974489 2.2007074198650396 0.37284249721382073 1619999.9999999995
6.195835511974489 2.2007074198650396 0.37284249721382073 1619999.9999999995
6.195835511974489 2.2007074198650396 0.37284249721382073 1619999.9999999995
6.195835511974489 2.2007074198650396 0.37284249721382073 1619999.9999999995
6.195835511974489 2.2007074198650396 0.37284249721382073 1619999.9999999995
6.195835511974489 2.2007074198650396 0.37284249721382073 1619999.9999999995
6.195835511974489 2.2007074198650396 0.37284249721382073 1619999.9999999995
6.195835511974489 2.2007074198650396 0.37284249721382073 1619999.9999999995
6.195835511974489 2.2007074198650396 0.37284249721382073 1619999.9999999995
6.195835511974489 2.2007074198650396 0.37284249721382073 1619999.9999999995
6.195835511974489 2.2007074198650396 0.37284249721382073 1619999.9999999995
6.195835511974489 2.2007074198650396 0.37284249721382073 1619999.9999999995
6.195835511974489 2.2007074198650396 0.37284249721382073 1619999.9999999995
6.195835511974489 2.2007074198650396 0.37284249721382073 1619999.9999999995
6.195835511974489 2.2007074198650396 0.37284249721382073 1619999.9999999995
6.195835511974489 2.2007074198650396 0.37284249721382073 1619999.9999999995
6.195835511974489 2.2007074198650396 0.37284249721382073 1619999.9999999995
6.195835511974489 2.2007074198650396 0.37284249721382073 1619999.9999999995
6.195835511974489 2.2007074198650396 0.37284249721382073 1619999.9999999995
6.195835511974489 2.2007074198650396 0.37284249721382073 1619999.9999999995
6.195835511974489 2.2007074198650396 0.37284249721382073 1619999.9999999995
6.195835511974489 2.2007074198650396 0.37284249721382073 1619999.9999999995
6.195835511974489 2.2007074198650396 0.37284249721382073 1619999.9999999995
6.195835511974489 2.2007074198650396 0.37284249721382073 1619999.9999999995
6.195835511974489 2.2007074198650396 0.37284249721382073 1619999.9999999995
6.195835511974489 2.2007074198650396 0.37284249721382073 1619999.9999999995
6.195835511974489 2.2007074198650396 0.37284249721382073 1619999.9999999995
6.195835511974489 2.2007074198650396 0.37284249721382073 1619999.9999999995
6.195835511974489 2.2007074198650396 0.37284249721382073 1619999.9999999995
6.195835511974489 2.2007074198650396 0.37284249721382073 1619999.9999999995
6.195835511974489 2.2007074198650396 0.37284249721382073 1619999.9999999995
6.195835511974489 2.2007074198650396 0.37284249721382073 1619999.9999999995
6.195835511974489 2.2007074198650396 0.37284249721382073 1619999.9999999995
6.195835511974489 2.2007074198650396 0.37284249721382073 1619999.9999999995
6.195835511974489 2.2007074198650396 0.37284249721382073 1619999.9999999995
6.195835511974489 2.2007074198650396 0.37284249721382073 1619999.9999999995
6.195835511974489 2.2007074198650396 0.37284249721382073 1619999.9999999995
6.195835511974489 2.2007074198650396 0.37284249721382073 1619999.9999999995
6.195835511974489 2.2007074198650396 0.37284249721382073 1619999.9999999995
6.195835511974489 2.2007074198650396 0.37284249721382073 1619999.9999999995
6.195835511974489 2.2007074198650396 0.37284249721382073 1619999.9999999995
6.195835511974489 2.2007074198650396 0.37284249721382073 1619999.9999999995
6.195835511974489 2.2007074198650396 0.37284249721382073 1619999.9999999995
6.195835511974489 2.2007074198650396 0.37284249721382073 1619999.9999999995
6.195835511974489 2.2007074198650396 0.37284249721382073 1619999.9999999995
6.195835511974489 2.2007074198650396 0.37284249721382073 1619999.9999999995
6.195835511974489 2.2007074198650396 0.37284249721382073 1619999.9999999995
6.195835511974489 2.2007074198650396 0.37284249721382073 1619999.9999999995
6.259641473689024 2.2446025181325076 0.3928929235876562 0.0 2,0,1 coil/filament1/filament2
6.3449804899564315 2.165113985682508 0.2708944161288097 1619999.9999999995
6.279553681660078 2.120987331271248 0.2577730165608772 1619999.9999999995
6.279553681660078 2.120987331271248 0.2577730165608772 1619999.9999999995
6.279553681660078 2.120987331271248 0.2577730165608772 1619999.9999999995
6.279553681660078 2.120987331271248 0.2577730165608772 1619999.9999999995
6.279553681660078 2.120987331271248 0.2577730165608772 1619999.9999999995
6.279553681660078 2.120987331271248 0.2577730165608772 1619999.9999999995
6.279553681660078 2.120987331271248 0.2577730165608772 1619999.9999999995
6.279553681660078 2.120987331271248 0.2577730165608772 1619999.9999999995
6.279553681660078 2.120987331271248 0.2577730165608772 1619999.9999999995
6.279553681660078 2.120987331271248 0.2577730165608772 1619999.9999999995
6.279553681660078 2.120987331271248 0.2577730165608772 1619999.9999999995
6.279553681660078 2.120987331271248 0.2577730165608772 1619999.9999999995
6.279553681660078 2.120987331271248 0.2577730165608772 1619999.9999999995
6.279553681660078 2.120987331271248 0.2577730165608772 1619999.9999999995
6.279553681660078 2.120987331271248 0.2577730165608772 1619999.9999999995
6.279553681660078 2.120987331271248 0.2577730165608772 1619999.9999999995
6.279553681660078 2.120987331271248 0.2577730165608772 1619999.9999999995
6.279553681660078 2.120987331271248 0.2577730165608772 1619999.9999999995
6.279553681660078 2.120987331271248 0.2577730165608772 1619999.9999999995
6.279553681660078 2.120987331271248 0.2577730165608772 1619999.9999999995
6.279553681660078 2.120987331271248 0.2577730165608772 1619999.9999999995
6.279553681660078 2.120987331271248 0.2577730165608772 1619999.9999999995
6.279553681660078 2.120987331271248 0.2577730165608772 1619999.9999999995
6.279553681660078 2.120987331271248 0.2577730165608772 1619999.9999999995
6.279553681660078 2.120987331271248 0.2577730165608772 1619999.9999999995
6.279553681660078 2.120987331271248 0.2577730165608772 1619999.9999999995
6.279553681660078 2.120987331271248 0.2577730165608772 1619999.9999999995
6.279553681660078 2.120987331271248 0.2577730165608772 1619999.9999999995
6.279553681660078 2.120987331271248 0.2577730165608772 1619999.9999999995
6.279553681660078 2.120987331271248 0.2577730165608772 1619999.9999999995
6.279553681660078 2.120987331271248 0.2577730165608772 1619999.9999999995
6.279553681660078 2.120987331271248 0.2577730165608772 1619999.9999999995
6.279553681660078 2.120987331271248 0.2577730165608772 1619999.9999999995
6.279553681660078 2.120987331271248 0.2577730165608772 1619999.9999999995
6.279553681660078 2.120987331271248 0.2577730165608772 1619999.9999999995
6.279553681660078 2.120987331271248 0.2577730165608772 1619999.9999999995
6.279553681660078 2.120987331271248 0.2577730165608772 1619999.9999999995
6.279553681660078 2.120987331271248 0.2577730165608772 1619999.9999999995
6.279553681660078 2.120987331271248 0.2577730165608772 1619999.9999999995
6.279553681660078 2.120987331271248 0.2577730165608772 1619999.9999999995
6.279553681660078 2.120987331271248 0.2577730165608772 1619999.9999999995
6.279553681660078 2.120987331271248 0.2577730165608772 1619999.9999999995
6.279553681660078 2.120987331271248 0.2577730165608772 1619999.9999999995
6.279553681660078 2.120987331271248 0.2577730165608772 1619999.9999999995
6.279553681660078 2.120987331271248 0.2577730165608772 1619999.9999999995
6.279553681660078 2.120987331271248 0.2577730165608772 1619999.9999999995
6.279553681660078 2.120987331271248 0.2577730165608772 1619999.9999999995
6.279553681660078 2.120987331271248 0.2577730165608772 1619999.9999999995
6.279553681660078 2.120987331271248 0.2577730165608772 1619999.9999999995
6.279553681660078 2.120987331271248 0.2577730165608772 1619999.9999999995
6.279553681660078 2.120987331271248 0.2577730165608772 1619999.9999999995
6.279553681660078 2.120987331271248 0.2577730165608772 1619999.9999999995
6.279553681660078 2.120987331271248 0.2577730165608772 1619999.9999999995
6.279553681660078 2.120987331271248 0.2577730165608772 1619999.9999999995
6.279553681660078 2.120987331271248 0.2577730165608772 1619999.9999999995
6.279553681660078 2.120987331271248 0.2577730165608772 1619999.9999999995
6.279553681660078 2.120987331271248 0.2577730165608772 1619999.9999999995
6.279553681660078 2.120987331271248 0.2577730165608772 1619999.9999999995
6.279553681660078 2.120987331271248 0.2577730165608772 1619999.9999999995
6.279553681660078 2.120987331271248 0.2577730165608772 1619999.9999999995
6.279553681660078 2.120987331271248 0.2577730165608772 1619999.9999999995
6.279553681660078 2.120987331271248 0.2577730165608772 1619999.9999999995
6.279553681660078 2.120987331271248 0.2577730165608772 1619999.9999999995
6.3449804899564315 2.165113985682508 0.2708944161288097 0.0 2,1,0 coil/filament1/filament2
6.3005486432886935 2.177771449472304 0.4090240034361678 1619999.9999999995
6.2367426815741585 2.133876351204836 0.3889735770623323 1619999.9999999995
6.2367426815741585 2.133876351204836 0.3889735770623323 1619999.9999999995
6.2367426815741585 2.133876351204836 0.3889735770623323 1619999.9999999995
6.2367426815741585 2.133876351204836 0.3889735770623323 1619999.9999999995
6.2367426815741585 2.133876351204836 0.3889735770623323 1619999.9999999995
6.2367426815741585 2.133876351204836 0.3889735770623323 1619999.9999999995
6.2367426815741585 2.133876351204836 0.3889735770623323 1619999.9999999995
6.2367426815741585 2.133876351204836 0.3889735770623323 1619999.9999999995
6.2367426815741585 2.133876351204836 0.3889735770623323 1619999.9999999995
6.2367426815741585 2.133876351204836 0.3889735770623323 1619999.9999999995
6.2367426815741585 2.133876351204836 0.3889735770623323 1619999.9999999995
6.2367426815741585 2.133876351204836 0.3889735770623323 1619999.9999999995
6.2367426815741585 2.133876351204836 0.3889735770623323 1619999.9999999995
6.2367426815741585 2.133876351204836 0.3889735770623323 1619999.9999999995
6.2367426815741585 2.133876351204836 0.3889735770623323 1619999.9999999995
6.2367426815741585 2.133876351204836 0.3889735770623323 1619999.9999999995
6.2367426815741585 2.133876351204836 0.3889735770623323 1619999.9999999995
6.2367426815741585 2.133876351204836 0.3889735770623323 1619999.9999999995
6.2367426815741585 2.133876351204836 0.3889735770623323 1619999.9999999995
6.2367426815741585 2.133876351204836 0.3889735770623323 1619999.9999999995
6.2367426815741585 2.133876351204836 0.3889735770623323 1619999.9999999995
6.2367426815741585 2.133876351204836 0.3889735770623323 1619999.9999999995
6.2367426815741585 2.133876351204836 0.3889735770623323 1619999.9999999995
6.2367426815741585 2.133876351204836 0.3889735770623323 1619999.9999999995
6.2367426815741585 2.133876351204836 0.3889735770623323 1619999.9999999995
6.2367426815741585 2.133876351204836 0.3889735770623323 1619999.9999999995
6.2367426815741585 2.133876351204836 0.3889735770623323 1619999.9999999995
6.2367426815741585 2.133876351204836 0.3889735770623323 1619999.9999999995
6.2367426815741585 2.133876351204836 0.3889735770623323 1619999.9999999995
6.2367426815741585 2.133876351204836 0.3889735770623323 1619999.9999999995
6.2367426815741585 2.133876351204836 0.3889735770623323 1619999.9999999995
6.2367426815741585 2.133876351204836 0.3889735770623323 1619999.9999999995
6.2367426815741585 2.133876351204836 0.3889735770623323 1619999.9999999995
6.2367426815741585 2.133876351204836 0.3889735770623323 1619999.9999999995
6.2367426815741585 2.133876351204836 0.3889735770623323 1619999.9999999995
6.2367426815741585 2.133876351204836 0.3889735770623323 1619999.9999999995
6.2367426815741585 2.133876351204836 0.3889735770623323 1619999.9999999995
6.2367426815741585 2.133876351204836 0.3889735770623323 1619999.9999999995
6.2367426815741585 2.133876351204836 0.3889735770623323 1619999.9999999995
6.2367426815741585 2.133876351204836 0.3889735770623323 1619999.9999999995
6.2367426815741585 2.133876351204836 0.3889735770623323 1619999.9999999995
6.2367426815741585 2.133876351204836 0.3889735770623323 1619999.9999999995
6.2367426815741585 2.133876351204836 0.3889735770623323 1619999.9999999995
6.2367426815741585 2.133876351204836 0.3889735770623323 1619999.9999999995
6.2367426815741585 2.133876351204836 0.3889735770623323 1619999.9999999995
6.2367426815741585 2.133876351204836 0.3889735770623323 1619999.9999999995
6.2367426815741585 2.133876351204836 0.3889735770623323 1619999.9999999995
6.2367426815741585 2.133876351204836 0.3889735770623323 1619999.9999999995
6.2367426815741585 2.133876351204836 0.3889735770623323 1619999.9999999995
6.2367426815741585 2.133876351204836 0.3889735770623323 1619999.9999999995
6.2367426815741585 2.133876351204836 0.3889735770623323 1619999.9999999995
6.2367426815741585 2.133876351204836 0.3889735770623323 1619999.9999999995
6.2367426815741585 2.133876351204836 0.3889735770623323 1619999.9999999995
6.2367426815741585 2.133876351204836 0.3889735770623323 1619999.9999999995
6.2367426815741585 2.133876351204836 0.3889735770623323 1619999.9999999995
6.2367426815741585 2.133876351204836 0.3889735770623323 1619999.9999999995
6.2367426815741585 2.133876351204836 0.3889735770623323 1619999.9999999995
6.2367426815741585 2.133876351204836 0.3889735770623323 1619999.9999999995
6.2367426815741585 2.133876351204836 0.3889735770623323 1619999.9999999995
6.2367426815741585 2.133876351204836 0.3889735770623323 1619999.9999999995
6.2367426815741585 2.133876351204836 0.3889735770623323 1619999.9999999995
6.2367426815741585 2.133876351204836 0.3889735770623323 1619999.9999999995
6.2367426815741585 2.133876351204836 0.3889735770623323 1619999.9999999995
6.3005486432886935 2.177771449472304 0.4090240034361678 0.0 2,1,1 coil/filament1/filament2
6.133874075489672 2.690845141925086 0.012836716992745608 1619999.999999874
6.066242927699894 2.6527176873724407 -0.006459009424603129 1619999.999999874
6.066242927699894 2.6527176873724407 -0.006459009424603129 1619999.999999874
6.066242927699894 2.6527176873724407 -0.006459009424603129 1619999.999999874
6.066242927699894 2.6527176873724407 -0.006459009424603129 1619999.999999874
6.066242927699894 2.6527176873724407 -0.006459009424603129 1619999.999999874
6.066242927699894 2.6527176873724407 -0.006459009424603129 1619999.999999874
6.066242927699894 2.6527176873724407 -0.006459009424603129 1619999.999999874
6.066242927699894 2.6527176873724407 -0.006459009424603129 1619999.999999874
6.066242927699894 2.6527176873724407 -0.006459009424603129 1619999.999999874
6.066242927699894 2.6527176873724407 -0.006459009424603129 1619999.999999874
6.066242927699894 2.6527176873724407 -0.006459009424603129 1619999.999999874
6.066242927699894 2.6527176873724407 -0.006459009424603129 1619999.999999874
6.066242927699894 2.6527176873724407 -0.006459009424603129 1619999.999999874
6.066242927699894 2.6527176873724407 -0.006459009424603129 1619999.999999874
6.066242927699894 2.6527176873724407 -0.006459009424603129 1619999.999999874
6.066242927699894 2.6527176873724407 -0.006459009424603129 1619999.999999874
6.066242927699894 2.6527176873724407 -0.006459009424603129 1619999.999999874
6.066242927699894 2.6527176873724407 -0.006459009424603129 1619999.999999874
6.066242927699894 2.6527176873724407 -0.006459009424603129 1619999.999999874
6.066242927699894 2.6527176873724407 -0.006459009424603129 1619999.999999874
6.066242927699894 2.6527176873724407 -0.006459009424603129 1619999.999999874
6.066242927699894 2.6527176873724407 -0.006459009424603129 1619999.999999874
6.066242927699894 2.6527176873724407 -0.006459009424603129 1619999.999999874
6.066242927699894 2.6527176873724407 -0.006459009424603129 1619999.999999874
6.066242927699894 2.6527176873724407 -0.006459009424603129 1619999.999999874
6.066242927699894 2.6527176873724407 -0.006459009424603129 1619999.999999874
6.066242927699894 2.6527176873724407 -0.006459009424603129 1619999.999999874
6.066242927699894 2.6527176873724407 -0.006459009424603129 1619999.999999874
6.066242927699894 2.6527176873724407 -0.006459009424603129 1619999.999999874
6.066242927699894 2.6527176873724407 -0.006459009424603129 1619999.999999874
6.066242927699894 2.6527176873724407 -0.006459009424603129 1619999.999999874
6.066242927699894 2.6527176873724407 -0.006459009424603129 1619999.999999874
6.066242927699894 2.6527176873724407 -0.006459009424603129 1619999.999999874
6.066242927699894 2.6527176873724407 -0.006459009424603129 1619999.999999874
6.066242927699894 2.6527176873724407 -0.006459009424603129 1619999.999999874
6.066242927699894 2.6527176873724407 -0.006459009424603129 1619999.999999874
6.066242927699894 2.6527176873724407 -0.006459009424603129 1619999.999999874
6.066242927699894 2.6527176873724407 -0.006459009424603129 1619999.999999874
6.066242927699894 2.6527176873724407 -0.006459009424603129 1619999.999999874
6.066242927699894 2.6527176873724407 -0.006459009424603129 1619999.999999874
6.066242927699894 2.6527176873724407 -0.006459009424603129 1619999.999999874
6.066242927699894 2.6527176873724407 -0.006459009424603129 1619999.999999874
6.066242927699894 2.6527176873724407 -0.006459009424603129 1619999.999999874
6.066242927699894 2.6527176873724407 -0.006459009424603129 1619999.999999874
6.066242927699894 2.6527176873724407 -0.006459009424603129 1619999.999999874
6.066242927699894 2.6527176873724407 -0.006459009424603129 1619999.999999874
6.066242927699894 2.6527176873724407 -0.006459009424603129 1619999.999999874
6.066242927699894 2.6527176873724407 -0.006459009424603129 1619999.999999874
6.066242927699894 2.6527176873724407 -0.006459009424603129 1619999.999999874
6.066242927699894 2.6527176873724407 -0.006459009424603129 1619999.999999874
6.066242927699894 2.6527176873724407 -0.006459009424603129 1619999.999999874
6.066242927699894 2.6527176873724407 -0.006459009424603129 1619999.999999874
6.066242927699894 2.6527176873724407 -0.006459009424603129 1619999.999999874
6.066242927699894 2.6527176873724407 -0.006459009424603129 1619999.999999874
6.066242927699894 2.6527176873724407 -0.006459009424603129 1619999.999999874
6.066242927699894 2.6527176873724407 -0.006459009424603129 1619999.999999874
6.066242927699894 2.6527176873724407 -0.006459009424603129 1619999.999999874
6.066242927699894 2.6527176873724407 -0.006459009424603129 1619999.999999874
6.066242927699894 2.6527176873724407 -0.006459009424603129 1619999.999999874
6.066242927699894 2.6527176873724407 -0.006459009424603129 1619999.999999874
6.066242927699894 2.6527176873724407 -0.006459009424603129 1619999.999999874
6.066242927699894 2.6527176873724407 -0.006459009424603129 1619999.999999874
6.066242927699894 2.6527176873724407 -0.006459009424603129 1619999.999999874
6.133874075489672 2.690845141925086 0.012836716992745608 0.0 3,0,0 coil/filament1/filament2
6.0446549267234575 2.7353667821712926 0.19509570934632073 1619999.999999874
5.9806590648294495 2.6941851888128863 0.17042576753637742 1619999.999999874
5.9806590648294495 2.6941851888128863 0.17042576753637742 1619999.999999874
5.9806590648294495 2.6941851888128863 0.17042576753637742 1619999.999999874
5.9806590648294495 2.6941851888128863 0.17042576753637742 1619999.999999874
5.9806590648294495 2.6941851888128863 0.17042576753637742 1619999.999999874
5.9806590648294495 2.6941851888128863 0.17042576753637742 1619999.999999874
5.9806590648294495 2.6941851888128863 0.17042576753637742 1619999.999999874
5.9806590648294495 2.6941851888128863 0.17042576753637742 1619999.999999874
5.9806590648294495 2.6941851888128863 0.17042576753637742 1619999.999999874
5.9806590648294495 2.6941851888128863 0.17042576753637742 1619999.999999874
5.9806590648294495 2.6941851888128863 0.17042576753637742 1619999.999999874
5.9806590648294495 2.6941851888128863 0.17042576753637742 1619999.999999874
5.9806590648294495 2.6941851888128863 0.17042576753637742 1619999.999999874
5.9806590648294495 2.6941851888128863 0.17042576753637742 1619999.999999874
5.9806590648294495 2.6941851888128863 0.17042576753637742 1619999.999999874
5.9806590648294495 2.6941851888128863 0.17042576753637742 1619999.999999874
5.9806590648294495 2.6941851888128863 0.17042576753637742 1619999.999999874
5.9806590648294495 2.6941851888128863 0.17042576753637742 1619999.999999874
5.9806590648294495 2.6941851888128863 0.17042576753637742 1619999.999999874
5.9806590648294495 2.6941851888128863 0.17042576753637742 1619999.999999874
5.9806590648294495 2.6941851888128863 0.17042576753637742 1619999.999999874
5.9806590648294495 2.6941851888128863 0.17042576753637742 1619999.999999874
5.9806590648294495 2.6941851888128863 0.17042576753637742 1619999.999999874
5.9806590648294495 2.6941851888128863 0.17042576753637742 1619999.999999874
5.9806590648294495 2.6941851888128863 0.17042576753637742 1619999.999999874
5.9806590648294495 2.6941851888128863 0.17042576753637742 1619999.999999874
5.9806590648294495 2.6941851888128863 0.17042576753637742 1619999.999999874
5.9806590648294495 2.6941851888128863 0.17042576753637742 1619999.999999874
5.9806590648294495 2.6941851888128863 0.17042576753637742 1619999.999999874
5.9806590648294495 2.6941851888128863 0.17042576753637742 1619999.999999874
5.9806590648294495 2.6941851888128863 0.17042576753637742 1619999.999999874
5.9806590648294495 2.6941851888128863 0.17042576753637742 1619999.999999874
5.9806590648294495 2.6941851888128863 0.17042576753637742 1619999.999999874
5.9806590648294495 2.6941851888128863 0.17042576753637742 1619999.999999874
5.9806590648294495 2.6941851888128863 0.17042576753637742 1619999.999999874
5.9806590648294495 2.6941851888128863 0.17042576753637742 1619999.999999874
5.9806590648294495 2.6941851888128863 0.17042576753637742 1619999.999999874
5.9806590648294495 2.6941851888128863 0.17042576753637742 1619999.999999874
5.9806590648294495 2.6941851888128863 0.17042576753637742 1619999.999999874
5.9806590648294495 2.6941851888128863 0.17042576753637742 1619999.999999874
5.9806590648294495 2.6941851888128863 0.17042576753637742 1619999.999999874
5.9806590648294495 2.6941851888128863 0.17042576753637742 1619999.999999874
5.9806590648294495 2.6941851888128863 0.17042576753637742 1619999.999999874
5.9806590648294495 2.6941851888128863 0.17042576753637742 1619999.999999874
5.9806590648294495 2.6941851888128863 0.17042576753637742 1619999.999999874
5.9806590648294495 2.6941851888128863 0.17042576753637742 1619999.999999874
5.9806590648294495 2.6941851888128863 0.17042576753637742 1619999.999999874
5.9806590648294495 2.6941851888128863 0.17042576753637742 1619999.999999874
5.9806590648294495 2.6941851888128863 0.17042576753637742 1619999.999999874
5.9806590648294495 2.6941851888128863 0.17042576753637742 1619999.999999874
5.9806590648294495 2.6941851888128863 0.17042576753637742 1619999.999999874
5.9806590648294495 2.6941851888128863 0.17042576753637742 1619999.999999874
5.9806590648294495 2.6941851888128863 0.17042576753637742 1619999.999999874
5.9806590648294495 2.6941851888128863 0.17042576753637742 1619999.999999874
5.9806590648294495 2.6941851888128863 0.17042576753637742 1619999.999999874
5.9806590648294495 2.6941851888128863 0.17042576753637742 1619999.999999874
5.9806590648294495 2.6941851888128863 0.17042576753637742 1619999.999999874
5.9806590648294495 2.6941851888128863 0.17042576753637742 1619999.999999874
5.9806590648294495 2.6941851888128863 0.17042576753637742 1619999.999999874
5.9806590648294495 2.6941851888128863 0.17042576753637742 1619999.999999874
5.9806590648294495 2.6941851888128863 0.17042576753637742 1619999.999999874
5.9806590648294495 2.6941851888128863 0.17042576753637742 1619999.999999874
5.9806590648294495 2.6941851888128863 0.17042576753637742 1619999.999999874
6.0446549267234575 2.7353667821712926 0.19509570934632073 0.0 3,0,1 coil/filament1/filament2
6.164265830118539 2.622533511283592 0.04129479791326637 1619999.999999874
6.0966346823287605 2.584406056730947 0.021999071495917642 1619999.999999874
6.0966346823287605 2.584406056730947 0.021999071495917642 1619999.999999874
6.0966346823287605 2.584406056730947 0.021999071495917642 1619999.999999874
6.0966346823287605 2.584406056730947 0.021999071495917642 1619999.999999874
6.0966346823287605 2.584406056730947 0.021999071495917642 1619999.999999874
6.0966346823287605 2.584406056730947 0.021999071495917642 1619999.999999874
6.0966346823287605 2.584406056730947 0.021999071495917642 1619999.999999874
6.0966346823287605 2.584406056730947 0.021999071495917642 1619999.999999874
6.0966346823287605 2.584406056730947 0.021999071495917642 1619999.999999874
6.0966346823287605 2.584406056730947 0.021999071495917642 1619999.999999874
6.0966346823287605 2.584406056730947 0.021999071495917642 1619999.999999874
6.0966346823287605 2.584406056730947 0.021999071495917642 1619999.999999874
6.0966346823287605 2.584406056730947 0.021999071495917642 1619999.999999874
6.0966346823287605 2.584406056730947 0.021999071495917642 1619999.999999874
6.0966346823287605 2.584406056730947 0.021999071495917642 1619999.999999874
6.0966346823287605 2.584406056730947 0.021999071495917642 1619999.999999874
6.0966346823287605 2.584406056730947 0.021999071495917642 1619999.999999874
6.0966346823287605 2.584406056730947 0.021999071495917642 1619999.999999874
6.0966346823287605 2.584406056730947 0.021999071495917642 1619999.999999874
6.0966346823287605 2.584406056730947 0.021999071495917642 1619999.999999874
6.0966346823287605 2.584406056730947 0.021999071495917642 1619999.999999874
6.0966346823287605 2.584406056730947 0.021999071495917642 1619999.999999874
6.0966346823287605 2.584406056730947 0.021999071495917642 1619999.999999874
6.0966346823287605 2.584406056730947 0.021999071495917642 1619999.999999874
6.0966346823287605 2.584406056730947 0.021999071495917642 1619999.999999874
6.0966346823287605 2.584406056730947 0.021999071495917642 1619999.999999874
6.0966346823287605 2.584406056730947 0.021999071495917642 1619999.999999874
6.0966346823287605 2.584406056730947 0.021999071495917642 1619999.999999874
6.0966346823287605 2.584406056730947 0.021999071495917642 1619999.999999874
6.0966346823287605 2.584406056730947 0.021999071495917642 1619999.999999874
6.0966346823287605 2.584406056730947 0.021999071495917642 1619999.999999874
6.0966346823287605 2.584406056730947 0.021999071495917642 1619999.999999874
6.0966346823287605 2.584406056730947 0.021999071495917642 1619999.999999874
6.0966346823287605 2.584406056730947 0.021999071495917642 1619999.999999874
6.0966346823287605 2.584406056730947 0.021999071495917642 1619999.999999874
6.0966346823287605 2.584406056730947 0.021999071495917642 1619999.999999874
6.0966346823287605 2.584406056730947 0.021999071495917642 1619999.999999874
6.0966346823287605 2.584406056730947 0.021999071495917642 1619999.999999874
6.0966346823287605 2.584406056730947 0.021999071495917642 1619999.999999874
6.0966346823287605 2.584406056730947 0.021999071495917642 1619999.999999874
6.0966346823287605 2.584406056730947 0.021999071495917642 1619999.999999874
6.0966346823287605 2.584406056730947 0.021999071495917642 1619999.999999874
6.0966346823287605 2.584406056730947 0.021999071495917642 1619999.999999874
6.0966346823287605 2.584406056730947 0.021999071495917642 1619999.999999874
6.0966346823287605 2.584406056730947 0.021999071495917642 1619999.999999874
6.0966346823287605 2.584406056730947 0.021999071495917642 1619999.999999874
6.0966346823287605 2.584406056730947 0.021999071495917642 1619999.999999874
6.0966346823287605 2.584406056730947 0.021999071495917642 1619999.999999874
6.0966346823287605 2.584406056730947 0.021999071495917642 1619999.999999874
6.0966346823287605 2.584406056730947 0.021999071495917642 1619999.999999874
6.0966346823287605 2.584406056730947 0.021999071495917642 1619999.999999874
6.0966346823287605 2.584406056730947 0.021999071495917642 1619999.999999874
6.0966346823287605 2.584406056730947 0.021999071495917642 1619999.999999874
6.0966346823287605 2.584406056730947 0.021999071495917642 1619999.999999874
6.0966346823287605 2.584406056730947 0.021999071495917642 1619999.999999874
6.0966346823287605 2.584406056730947 0.021999071495917642 1619999.999999874
6.0966346823287605 2.584406056730947 0.021999071495917642 1619999.999999874
6.0966346823287605 2.584406056730947 0.021999071495917642 1619999.999999874
6.0966346823287605 2.584406056730947 0.021999071495917642 1619999.999999874
6.0966346823287605 2.584406056730947 0.021999071495917642 1619999.999999874
6.0966346823287605 2.584406056730947 0.021999071495917642 1619999.999999874
6.0966346823287605 2.584406056730947 0.021999071495917642 1619999.999999874
6.0966346823287605 2.584406056730947 0.021999071495917642 1619999.999999874
6.164265830118539 2.622533511283592 0.04129479791326637 0.0 3,1,0 coil/filament1/filament2
6.07480992535957 2.6688930597912552 0.2278359031484006 1619999.999999874
6.0108140634655625 2.627711466432849 0.2031659613384573 1619999.999999874
6.0108140634655625 2.627711466432849 0.2031659613384573 1619999.999999874
6.0108140634655625 2.627711466432849 0.2031659613384573 1619999.999999874
6.0108140634655625 2.627711466432849 0.2031659613384573 1619999.999999874
6.0108140634655625 2.627711466432849 0.2031659613384573 1619999.999999874
6.0108140634655625 2.627711466432849 0.2031659613384573 1619999.999999874
6.0108140634655625 2.627711466432849 0.2031659613384573 1619999.999999874
6.0108140634655625 2.627711466432849 0.2031659613384573 1619999.999999874
6.0108140634655625 2.627711466432849 0.2031659613384573 1619999.999999874
6.0108140634655625 2.627711466432849 0.2031659613384573 1619999.999999874
6.0108140634655625 2.627711466432849 0.2031659613384573 1619999.999999874
6.0108140634655625 2.627711466432849 0.2031659613384573 1619999.999999874
6.0108140634655625 2.627711466432849 0.2031659613384573 1619999.999999874
6.0108140634655625 2.627711466432849 0.2031659613384573 1619999.999999874
6.0108140634655625 2.627711466432849 0.2031659613384573 1619999.999999874
6.0108140634655625 2.627711466432849 0.2031659613384573 1619999.999999874
6.0108140634655625 2.627711466432849 0.2031659613384573 1619999.999999874
6.0108140634655625 2.627711466432849 0.2031659613384573 1619999.999999874
6.0108140634655625 2.627711466432849 0.2031659613384573 1619999.999999874
6.0108140634655625 2.627711466432849 0.2031659613384573 1619999.999999874
6.0108140634655625 2.627711466432849 0.2031659613384573 1619999.999999874
6.0108140634655625 2.627711466432849 0.2031659613384573 1619999.999999874
6.0108140634655625 2.627711466432849 0.2031659613384573 1619999.999999874
6.0108140634655625 2.627711466432849 0.2031659613384573 1619999.999999874
6.0108140634655625 2.627711466432849 0.2031659613384573 1619999.999999874
6.0108140634655625 2.627711466432849 0.2031659613384573 1619999.999999874
6.0108140634655625 2.627711466432849 0.2031659613384573 1619999.999999874
6.0108140634655625 2.627711466432849 0.2031659613384573 1619999.999999874
6.0108140634655625 2.627711466432849 0.2031659613384573 1619999.999999874
6.0108140634655625 2.627711466432849 0.2031659613384573 1619999.999999874
6.0108140634655625 2.627711466432849 0.2031659613384573 1619999.999999874
6.0108140634655625 2.627711466432849 0.2031659613384573 1619999.999999874
6.0108140634655625 2.627711466432849 0.2031659613384573 1619999.999999874
6.0108140634655625 2.627711466432849 0.2031659613384573 1619999.999999874
6.0108140634655625 2.627711466432849 0.2031659613384573 1619999.999999874
6.0108140634655625 2.627711466432849 0.2031659613384573 1619999.999999874
6.0108140634655625 2.627711466432849 0.2031659613384573 1619999.999999874
6.0108140634655625 2.627711466432849 0.2031659613384573 1619999.999999874
6.0108140634655625 2.627711466432849 0.2031659613384573 1619999.999999874
6.0108140634655625 2.627711466432849 0.2031659613384573 1619999.999999874
6.0108140634655625 2.627711466432849 0.2031659613384573 1619999.999999874
6.0108140634655625 2.627711466432849 0.2031659613384573 1619999.999999874
6.0108140634655625 2.627711466432849 0.2031659613384573 1619999.999999874
6.0108140634655625 2.627711466432849 0.2031659613384573 1619999.999999874
6.0108140634655625 2.627711466432849 0.2031659613384573 1619999.999999874
6.0108140634655625 2.627711466432849 0.2031659613384573 1619999.999999874
6.0108140634655625 2.627711466432849 0.2031659613384573 1619999.999999874
6.0108140634655625 2.627711466432849 0.2031659613384573 1619999.999999874
6.0108140634655625 2.627711466432849 0.2031659613384573 1619999.999999874
6.0108140634655625 2.627711466432849 0.2031659613384573 1619999.999999874
6.0108140634655625 2.627711466432849 0.2031659613384573 1619999.999999874
6.0108140634655625 2.627711466432849 0.2031659613384573 1619999.999999874
6.0108140634655625 2.627711466432849 0.2031659613384573 1619999.999999874
6.0108140634655625 2.627711466432849 0.2031659613384573 1619999.999999874
6.0108140634655625 2.627711466432849 0.2031659613384573 1619999.999999874
6.0108140634655625 2.627711466432849 0.2031659613384573 1619999.999999874
6.0108140634655625 2.627711466432849 0.2031659613384573 1619999.999999874
6.0108140634655625 2.627711466432849 0.2031659613384573 1619999.999999874
6.0108140634655625 2.627711466432849 0.2031659613384573 1619999.999999874
6.0108140634655625 2.627711466432849 0.2031659613384573 1619999.999999874
6.0108140634655625 2.627711466432849 0.2031659613384573 1619999.999999874
6.0108140634655625 2.627711466432849 0.2031659613384573 1619999.999999874
6.0108140634655625 2.627711466432849 0.2031659613384573 1619999.999999874
6.07480992535957 2.6688930597912552 0.2278359031484006 0.0 3,1,1 coil/filament1/filament2
5.759188948413923 3.364176716509443 -0.015567419749713741 1619999.999999779
5.686918272874333 3.331455758189401 -0.0052577959122821205 1619999.999999779
5.686918272874333 3.331455758189401 -0.0052577959122821205 1619999.999999779
5.686918272874333 3.331455758189401 -0.0052577959122821205 1619999.999999779
5.686918272874333 3.331455758189401 -0.0052577959122821205 1619999.999999779
5.686918272874333 3.331455758189401 -0.0052577959122821205 1619999.999999779
5.686918272874333 3.331455758189401 -0.0052577959122821205 1619999.999999779
5.686918272874333 3.331455758189401 -0.0052577959122821205 1619999.999999779
5.686918272874333 3.331455758189401 -0.0052577959122821205 1619999.999999779
5.686918272874333 3.331455758189401 -0.0052577959122821205 1619999.999999779
5.686918272874333 3.331455758189401 -0.0052577959122821205 1619999.999999779
5.686918272874333 3.331455758189401 -0.0052577959122821205 1619999.999999779
5.686918272874333 3.331455758189401 -0.0052577959122821205 1619999.999999779
5.686918272874333 3.331455758189401 -0.0052577959122821205 1619999.999999779
5.686918272874333 3.331455758189401 -0.0052577959122821205 1619999.999999779
5.686918272874333 3.331455758189401 -0.0052577959122821205 1619999.999999779
5.686918272874333 3.331455758189401 -0.0052577959122821205 1619999.999999779
5.686918272874333 3.331455758189401 -0.0052577959122821205 1619999.999999779
5.686918272874333 3.331455758189401 -0.0052577959122821205 1619999.999999779
5.686918272874333 3.331455758189401 -0.0052577959122821205 1619999.999999779
5.686918272874333 3.331455758189401 -0.0052577959122821205 1619999.999999779
5.686918272874333 3.331455758189401 -0.0052577959122821205 1619999.999999779
5.686918272874333 3.331455758189401 -0.0052577959122821205 1619999.999999779
5.686918272874333 3.331455758189401 -0.0052577959122821205 1619999.999999779
5.686918272874333 3.331455758189401 -0.0052577959122821205 1619999.999999779
5.686918272874333 3.331455758189401 -0.0052577959122821205 1619999.999999779
5.686918272874333 3.331455758189401 -0.0052577959122821205 1619999.999999779
5.686918272874333 3.331455758189401 -0.0052577959122821205 1619999.999999779
5.686918272874333 3.331455758189401 -0.0052577959122821205 1619999.999999779
5.686918272874333 3.331455758189401 -0.0052577959122821205 1619999.999999779
5.686918272874333 3.331455758189401 -0.0052577959122821205 1619999.999999779
5.686918272874333 3.331455758189401 -0.0052577959122821205 1619999.999999779
5.686918272874333 3.331455758189401 -0.0052577959122821205 1619999.999999779
5.686918272874333 3.331455758189401 -0.0052577959122821205 1619999.999999779
5.686918272874333 3.331455758189401 -0.0052577959122821205 1619999.999999779
5.686918272874333 3.331455758189401 -0.0052577959122821205 1619999.999999779
5.686918272874333 3.331455758189401 -0.0052577959122821205 1619999.999999779
5.686918272874333 3.331455758189401 -0.0052577959122821205 1619999.999999779
5.686918272874333 3.331455758189401 -0.0052577959122821205 1619999.999999779
5.686918272874333 3.331455758189401 -0.0052577959122821205 1619999.999999779
5.686918272874333 3.331455758189401 -0.0052577959122821205 1619999.999999779
5.686918272874333 3.331455758189401 -0.0052577959122821205 1619999.999999779
5.686918272874333 3.331455758189401 -0.0052577959122821205 1619999.999999779
5.686918272874333 3.331455758189401 -0.0052577959122821205 1619999.999999779
5.686918272874333 3.331455758189401 -0.0052577959122821205 1619999.999999779
5.686918272874333 3.331455758189401 -0.0052577959122821205 1619999.999999779
5.686918272874333 3.331455758189401 -0.0052577959122821205 1619999.999999779
5.686918272874333 3.331455758189401 -0.0052577959122821205 1619999.999999779
5.686918272874333 3.331455758189401 -0.0052577959122821205 1619999.999999779
5.686918272874333 3.331455758189401 -0.0052577959122821205 1619999.999999779
5.686918272874333 3.331455758189401 -0.0052577959122821205 1619999.999999779
5.686918272874333 3.331455758189401 -0.0052577959122821205 1619999.999999779
5.686918272874333 3.331455758189401 -0.0052577959122821205 1619999.999999779
5.686918272874333 3.331455758189401 -0.0052577959122821205 1619999.999999779
5.686918272874333 3.331455758189401 -0.0052577959122821205 1619999.999999779
5.686918272874333 3.331455758189401 -0.0052577959122821205 1619999.999999779
5.686918272874333 3.331455758189401 -0.0052577959122821205 1619999.999999779
5.686918272874333 3.331455758189401 -0.0052577959122821205 1619999.999999779
5.686918272874333 3.331455758189401 -0.0052577959122821205 1619999.999999779
5.686918272874333 3.331455758189401 -0.0052577959122821205 1619999.999999779
5.686918272874333 3.331455758189401 -0.0052577959122821205 1619999.999999779
5.686918272874333 3.331455758189401 -0.0052577959122821205 1619999.999999779
5.686918272874333 3.331455758189401 -0.0052577959122821205 1619999.999999779
5.686918272874333 3.331455758189401 -0.0052577959122821205 1619999.999999779
5.759188948413923 3.364176716509443 -0.015567419749713741 0.0 4,0,0 coil/filament1/filament2
5.792006571477579 3.285049233864137 0.10077391973265673 1619999.999999779
5.715453575823025 3.262709731414844 0.09440324577836502 1619999.999999779
5.715453575823025 3.262709731414844 0.09440324577836502 1619999.999999779
5.715453575823025 3.262709731414844 0.09440324577836502 1619999.999999779
5.715453575823025 3.262709731414844 0.09440324577836502 1619999.999999779
5.715453575823025 3.262709731414844 0.09440324577836502 1619999.999999779
5.715453575823025 3.262709731414844 0.09440324577836502 1619999.999999779
5.715453575823025 3.262709731414844 0.09440324577836502 1619999.999999779
5.715453575823025 3.262709731414844 0.09440324577836502 1619999.999999779
5.715453575823025 3.262709731414844 0.09440324577836502 1619999.999999779
5.715453575823025 3.262709731414844 0.09440324577836502 1619999.999999779
5.715453575823025 3.262709731414844 0.09440324577836502 1619999.999999779
5.715453575823025 3.262709731414844 0.09440324577836502 1619999.999999779
5.715453575823025 3.262709731414844 0.09440324577836502 1619999.999999779
5.715453575823025 3.262709731414844 0.09440324577836502 1619999.999999779
5.715453575823025 3.262709731414844 0.09440324577836502 1619999.999999779
5.715453575823025 3.262709731414844 0.09440324577836502 1619999.999999779
5.715453575823025 3.262709731414844 0.09440324577836502 1619999.999999779
5.715453575823025 3.262709731414844 0.09440324577836502 1619999.999999779
5.715453575823025 3.262709731414844 0.09440324577836502 1619999.999999779
5.715453575823025 3.262709731414844 0.09440324577836502 1619999.999999779
5.715453575823025 3.262709731414844 0.09440324577836502 1619999.999999779
5.715453575823025 3.262709731414844 0.09440324577836502 1619999.999999779
5.715453575823025 3.262709731414844 0.09440324577836502 1619999.999999779
5.715453575823025 3.262709731414844 0.09440324577836502 1619999.999999779
5.715453575823025 3.262709731414844 0.09440324577836502 1619999.999999779
5.715453575823025 3.262709731414844 0.09440324577836502 1619999.999999779
5.715453575823025 3.262709731414844 0.09440324577836502 1619999.999999779
5.715453575823025 3.262709731414844 0.09440324577836502 1619999.999999779
5.715453575823025 3.262709731414844 0.09440324577836502 1619999.999999779
5.715453575823025 3.262709731414844 0.09440324577836502 1619999.999999779
5.715453575823025 3.262709731414844 0.09440324577836502 1619999.999999779
5.715453575823025 3.262709731414844 0.09440324577836502 1619999.999999779
5.715453575823025 3.262709731414844 0.09440324577836502 1619999.999999779
5.715453575823025 3.262709731414844 0.09440324577836502 1619999.999999779
5.715453575823025 3.262709731414844 0.09440324577836502 1619999.999999779
5.715453575823025 3.262709731414844 0.09440324577836502 1619999.999999779
5.715453575823025 3.262709731414844 0.09440324577836502 1619999.999999779
5.715453575823025 3.262709731414844 0.09440324577836502 1619999.999999779
5.715453575823025 3.262709731414844 0.09440324577836502 1619999.999999779
5.715453575823025 3.262709731414844 0.09440324577836502 1619999.999999779
5.715453575823025 3.262709731414844 0.09440324577836502 1619999.999999779
5.715453575823025 3.262709731414844 0.09440324577836502 1619999.999999779
5.715453575823025 3.262709731414844 0.09440324577836502 1619999.999999779
5.715453575823025 3.262709731414844 0.09440324577836502 1619999.999999779
5.715453575823025 3.262709731414844 0.09440324577836502 1619999.999999779
5.715453575823025 3.262709731414844 0.09440324577836502 1619999.999999779
5.715453575823025 3.262709731414844 0.09440324577836502 1619999.999999779
5.715453575823025 3.262709731414844 0.09440324577836502 1619999.999999779
5.715453575823025 3.262709731414844 0.09440324577836502 1619999.999999779
5.715453575823025 3.262709731414844 0.09440324577836502 1619999.999999779
5.715453575823025 3.262709731414844 0.09440324577836502 1619999.999999779
5.715453575823025 3.262709731414844 0.09440324577836502 1619999.999999779
5.715453575823025 3.262709731414844 0.09440324577836502 1619999.999999779
5.715453575823025 3.262709731414844 0.09440324577836502 1619999.999999779
5.715453575823025 3.262709731414844 0.09440324577836502 1619999.999999779
5.715453575823025 3.262709731414844 0.09440324577836502 1619999.999999779
5.715453575823025 3.262709731414844 0.09440324577836502 1619999.999999779
5.715453575823025 3.262709731414844 0.09440324577836502 1619999.999999779
5.715453575823025 3.262709731414844 0.09440324577836502 1619999.999999779
5.715453575823025 3.262709731414844 0.09440324577836502 1619999.999999779
5.715453575823025 3.262709731414844 0.09440324577836502 1619999.999999779
5.715453575823025 3.262709731414844 0.09440324577836502 1619999.999999779
5.715453575823025 3.262709731414844 0.09440324577836502 1619999.999999779
5.792006571477579 3.285049233864137 0.10077391973265673 0.0 4,0,1 coil/filament1/filament2
5.777051498076155 3.3077614647729474 -0.06940280487021026 1619999.999999779
5.704780822536565 3.2750405064529056 -0.05909318103277864 1619999.999999779
5.704780822536565 3.2750405064529056 -0.05909318103277864 1619999.999999779
5.704780822536565 3.2750405064529056 -0.05909318103277864 1619999.999999779
5.704780822536565 3.2750405064529056 -0.05909318103277864 1619999.999999779
5.704780822536565 3.2750405064529056 -0.05909318103277864 1619999.999999779
5.704780822536565 3.2750405064529056 -0.05909318103277864 1619999.999999779
5.704780822536565 3.2750405064529056 -0.05909318103277864 1619999.999999779
5.704780822536565 3.2750405064529056 -0.05909318103277864 1619999.999999779
5.704780822536565 3.2750405064529056 -0.05909318103277864 1619999.999999779
5.704780822536565 3.2750405064529056 -0.05909318103277864 1619999.999999779
5.704780822536565 3.2750405064529056 -0.05909318103277864 1619999.999999779
5.704780822536565 3.2750405064529056 -0.05909318103277864 1619999.999999779
5.704780822536565 3.2750405064529056 -0.05909318103277864 1619999.999999779
5.704780822536565 3.2750405064529056 -0.05909318103277864 1619999.999999779
5.704780822536565 3.2750405064529056 -0.05909318103277864 1619999.999999779
5.704780822536565 3.2750405064529056 -0.05909318103277864 1619999.999999779
5.704780822536565 3.2750405064529056 -0.05909318103277864 1619999.999999779
5.704780822536565 3.2750405064529056 -0.05909318103277864 1619999.999999779
5.704780822536565 3.2750405064529056 -0.05909318103277864 1619999.999999779
5.704780822536565 3.2750405064529056 -0.05909318103277864 1619999.999999779
5.704780822536565 3.2750405064529056 -0.05909318103277864 1619999.999999779
5.704780822536565 3.2750405064529056 -0.05909318103277864 1619999.999999779
5.704780822536565 3.2750405064529056 -0.05909318103277864 1619999.999999779
5.704780822536565 3.2750405064529056 -0.05909318103277864 1619999.999999779
5.704780822536565 3.2750405064529056 -0.05909318103277864 1619999.999999779
5.704780822536565 3.2750405064529056 -0.05909318103277864 1619999.999999779
5.704780822536565 3.2750405064529056 -0.05909318103277864 1619999.999999779
5.704780822536565 3.2750405064529056 -0.05909318103277864 1619999.999999779
5.704780822536565 3.2750405064529056 -0.05909318103277864 1619999.999999779
5.704780822536565 3.2750405064529056 -0.05909318103277864 1619999.999999779
5.704780822536565 3.2750405064529056 -0.05909318103277864 1619999.999999779
5.704780822536565 3.2750405064529056 -0.05909318103277864 1619999.999999779
5.704780822536565 3.2750405064529056 -0.05909318103277864 1619999.999999779
5.704780822536565 3.2750405064529056 -0.05909318103277864 1619999.999999779
5.704780822536565 3.2750405064529056 -0.05909318103277864 1619999.999999779
5.704780822536565 3.2750405064529056 -0.05909318103277864 1619999.999999779
5.704780822536565 3.2750405064529056 -0.05909318103277864 1619999.999999779
5.704780822536565 3.2750405064529056 -0.05909318103277864 1619999.999999779
5.704780822536565 3.2750405064529056 -0.05909318103277864 1619999.999999779
5.704780822536565 3.2750405064529056 -0.05909318103277864 1619999.999999779
5.704780822536565 3.2750405064529056 -0.05909318103277864 1619999.999999779
5.704780822536565 3.2750405064529056 -0.05909318103277864 1619999.999999779
5.704780822536565 3.2750405064529056 -0.05909318103277864 1619999.999999779
5.704780822536565 3.2750405064529056 -0.05909318103277864 1619999.999999779
5.704780822536565 3.2750405064529056 -0.05909318103277864 1619999.999999779
5.704780822536565 3.2750405064529056 -0.05909318103277864 1619999.999999779
5.704780822536565 3.2750405064529056 -0.05909318103277864 1619999.999999779
5.704780822536565 3.2750405064529056 -0.05909318103277864 1619999.999999779
5.704780822536565 3.2750405064529056 -0.05909318103277864 1619999.999999779
5.704780822536565 3.2750405064529056 -0.05909318103277864 1619999.999999779
5.704780822536565 3.2750405064529056 -0.05909318103277864 1619999.999999779
5.704780822536565 3.2750405064529056 -0.05909318103277864 1619999.999999779
5.704780822536565 3.2750405064529056 -0.05909318103277864 1619999.999999779
5.704780822536565 3.2750405064529056 -0.05909318103277864 1619999.999999779
5.704780822536565 3.2750405064529056 -0.05909318103277864 1619999.999999779
5.704780822536565 3.2750405064529056 -0.05909318103277864 1619999.999999779
5.704780822536565 3.2750405064529056 -0.05909318103277864 1619999.999999779
5.704780822536565 3.2750405064529056 -0.05909318103277864 1619999.999999779
5.704780822536565 3.2750405064529056 -0.05909318103277864 1619999.999999779
5.704780822536565 3.2750405064529056 -0.05909318103277864 1619999.999999779
5.704780822536565 3.2750405064529056 -0.05909318103277864 1619999.999999779
5.704780822536565 3.2750405064529056 -0.05909318103277864 1619999.999999779
5.704780822536565 3.2750405064529056 -0.05909318103277864 1619999.999999779
5.777051498076155 3.3077614647729474 -0.06940280487021026 0.0 4,1,0 coil/filament1/filament2
5.814487438480349 3.2193328103303727 0.06107552811870463 1619999.999999779
5.737934442825795 3.1969933078810797 0.05470485416441293 1619999.999999779
5.737934442825795 3.1969933078810797 0.05470485416441293 1619999.999999779
5.737934442825795 3.1969933078810797 0.05470485416441293 1619999.999999779
5.737934442825795 3.1969933078810797 0.05470485416441293 1619999.999999779
5.737934442825795 3.1969933078810797 0.05470485416441293 1619999.999999779
5.737934442825795 3.1969933078810797 0.05470485416441293 1619999.999999779
5.737934442825795 3.1969933078810797 0.05470485416441293 1619999.999999779
5.737934442825795 3.1969933078810797 0.05470485416441293 1619999.999999779
5.737934442825795 3.1969933078810797 0.05470485416441293 1619999.999999779
5.737934442825795 3.1969933078810797 0.05470485416441293 1619999.999999779
5.737934442825795 3.1969933078810797 0.05470485416441293 1619999.999999779
5.737934442825795 3.1969933078810797 0.05470485416441293 1619999.999999779
5.737934442825795 3.1969933078810797 0.05470485416441293 1619999.999999779
5.737934442825795 3.1969933078810797 0.05470485416441293 1619999.999999779
5.737934442825795 3.1969933078810797 0.05470485416441293 1619999.999999779
5.737934442825795 3.1969933078810797 0.05470485416441293 1619999.999999779
5.737934442825795 3.1969933078810797 0.05470485416441293 1619999.999999779
5.737934442825795 3.1969933078810797 0.05470485416441293 1619999.999999779
5.737934442825795 3.1969933078810797 0.05470485416441293 1619999.999999779
5.737934442825795 3.1969933078810797 0.05470485416441293 1619999.999999779
5.737934442825795 3.1969933078810797 0.05470485416441293 1619999.999999779
5.737934442825795 3.1969933078810797 0.05470485416441293 1619999.999999779
5.737934442825795 3.1969933078810797 0.05470485416441293 1619999.999999779
5.737934442825795 3.1969933078810797 0.05470485416441293 1619999.999999779
5.737934442825795 3.1969933078810797 0.05470485416441293 1619999.999999779
5.737934442825795 3.1969933078810797 0.05470485416441293 1619999.999999779
5.737934442825795 3.1969933078810797 0.05470485416441293 1619999.999999779
5.737934442825795 3.1969933078810797 0.05470485416441293 1619999.999999779
5.737934442825795 3.1969933078810797 0.05470485416441293 1619999.999999779
5.737934442825795 3.1969933078810797 0.05470485416441293 1619999.999999779
5.737934442825795 3.1969933078810797 0.05470485416441293 1619999.999999779
5.737934442825795 3.1969933078810797 0.05470485416441293 1619999.999999779
5.737934442825795 3.1969933078810797 0.05470485416441293 1619999.999999779
5.737934442825795 3.1969933078810797 0.05470485416441293 1619999.999999779
5.737934442825795 3.1969933078810797 0.05470485416441293 1619999.999999779
5.737934442825795 3.1969933078810797 0.05470485416441293 1619999.999999779
5.737934442825795 3.1969933078810797 0.05470485416441293 1619999.999999779
5.737934442825795 3.1969933078810797 0.05470485416441293 1619999.999999779
5.737934442825795 3.1969933078810797 0.05470485416441293 1619999.999999779
5.737934442825795 3.1969933078810797 0.05470485416441293 1619999.999999779
5.737934442825795 3.1969933078810797 0.05470485416441293 1619999.999999779
5.737934442825795 3.1969933078810797 0.05470485416441293 1619999.999999779
5.737934442825795 3.1969933078810797 0.05470485416441293 1619999.999999779
5.737934442825795 3.1969933078810797 0.05470485416441293 1619999.999999779
5.737934442825795 3.1969933078810797 0.05470485416441293 1619999.999999779
5.737934442825795 3.1969933078810797 0.05470485416441293 1619999.999999779
5.737934442825795 3.1969933078810797 0.05470485416441293 1619999.999999779
5.737934442825795 3.1969933078810797 0.05470485416441293 1619999.999999779
5.737934442825795 3.1969933078810797 0.05470485416441293 1619999.999999779
5.737934442825795 3.1969933078810797 0.05470485416441293 1619999.999999779
5.737934442825795 3.1969933078810797 0.05470485416441293 1619999.999999779
5.737934442825795 3.1969933078810797 0.05470485416441293 1619999.999999779
5.737934442825795 3.1969933078810797 0.05470485416441293 1619999.999999779
5.737934442825795 3.1969933078810797 0.05470485416441293 1619999.999999779
5.737934442825795 3.1969933078810797 0.05470485416441293 1619999.999999779
5.737934442825795 3.1969933078810797 0.05470485416441293 1619999.999999779
5.737934442825795 3.1969933078810797 0.05470485416441293 1619999.999999779
5.737934442825795 3.1969933078810797 0.05470485416441293 1619999.999999779
5.737934442825795 3.1969933078810797 0.05470485416441293 1619999.999999779
5.737934442825795 3.1969933078810797 0.05470485416441293 1619999.999999779
5.737934442825795 3.1969933078810797 0.05470485416441293 1619999.999999779
5.737934442825795 3.1969933078810797 0.05470485416441293 1619999.999999779
5.737934442825795 3.1969933078810797 0.05470485416441293 1619999.999999779
5.814487438480349 3.2193328103303727 0.06107552811870463 0.0 4,1,1 coil/filament1/filament2
