periods 0
begin filament
FOCUSADD Coils
4.826730990121418 0.8698266526149299 -0.07600957530491095 999999.9999999808
4.826730990121418 0.8698266526149299 -0.07600957530491095 999999.9999999808
4.826730990121418 0.8698266526149299 -0.07600957530491095 999999.9999999808
4.826730990121418 0.8698266526149299 -0.07600957530491095 999999.9999999808
4.826730990121418 0.8698266526149299 -0.07600957530491095 999999.9999999808
4.826730990121418 0.8698266526149299 -0.07600957530491095 999999.9999999808
4.826730990121418 0.8698266526149299 -0.07600957530491095 999999.9999999808
4.826730990121418 0.8698266526149299 -0.07600957530491095 999999.9999999808
4.826730990121418 0.8698266526149299 -0.07600957530491095 999999.9999999808
4.826730990121418 0.8698266526149299 -0.07600957530491095 999999.9999999808
4.826730990121418 0.8698266526149299 -0.07600957530491095 999999.9999999808
4.826730990121418 0.8698266526149299 -0.07600957530491095 999999.9999999808
4.826730990121418 0.8698266526149299 -0.07600957530491095 999999.9999999808
4.826730990121418 0.8698266526149299 -0.07600957530491095 999999.9999999808
4.826730990121418 0.8698266526149299 -0.07600957530491095 999999.9999999808
4.826730990121418 0.8698266526149299 -0.07600957530491095 999999.9999999808
4.826730990121418 0.8698266526149299 -0.07600957530491095 999999.9999999808
4.826730990121418 0.8698266526149299 -0.07600957530491095 999999.9999999808
4.826730990121418 0.8698266526149299 -0.07600957530491095 999999.9999999808
4.826730990121418 0.8698266526149299 -0.07600957530491095 999999.9999999808
4.826730990121418 0.8698266526149299 -0.07600957530491095 999999.9999999808
4.826730990121418 0.8698266526149299 -0.07600957530491095 999999.9999999808
4.826730990121418 0.8698266526149299 -0.07600957530491095 999999.9999999808
4.826730990121418 0.8698266526149299 -0.07600957530491095 999999.9999999808
4.826730990121418 0.8698266526149299 -0.07600957530491095 999999.9999999808
4.826730990121418 0.8698266526149299 -0.07600957530491095 999999.9999999808
4.826730990121418 0.8698266526149299 -0.07600957530491095 999999.9999999808
4.826730990121418 0.8698266526149299 -0.07600957530491095 999999.9999999808
4.826730990121418 0.8698266526149299 -0.07600957530491095 999999.9999999808
4.826730990121418 0.8698266526149299 -0.07600957530491095 999999.9999999808
4.826730990121418 0.8698266526149299 -0.07600957530491095 999999.9999999808
4.826730990121418 0.8698266526149299 -0.07600957530491095 999999.9999999808
4.826730990121418 0.8698266526149299 -0.07600957530491095 999999.9999999808
4.826730990121418 0.8698266526149299 -0.07600957530491095 999999.9999999808
4.826730990121418 0.8698266526149299 -0.07600957530491095 999999.9999999808
4.826730990121418 0.8698266526149299 -0.07600957530491095 999999.9999999808
4.826730990121418 0.8698266526149299 -0.07600957530491095 999999.9999999808
4.826730990121418 0.8698266526149299 -0.07600957530491095 999999.9999999808
4.826730990121418 0.8698266526149299 -0.07600957530491095 999999.9999999808
4.826730990121418 0.8698266526149299 -0.07600957530491095 999999.9999999808
4.826730990121418 0.8698266526149299 -0.07600957530491095 999999.9999999808
4.826730990121418 0.8698266526149299 -0.07600957530491095 999999.9999999808
4.826730990121418 0.8698266526149299 -0.07600957530491095 999999.9999999808
4.826730990121418 0.8698266526149299 -0.07600957530491095 999999.9999999808
4.826730990121418 0.8698266526149299 -0.07600957530491095 999999.9999999808
4.826730990121418 0.8698266526149299 -0.07600957530491095 999999.9999999808
4.826730990121418 0.8698266526149299 -0.07600957530491095 999999.9999999808
4.826730990121418 0.8698266526149299 -0.07600957530491095 999999.9999999808
4.826730990121418 0.8698266526149299 -0.07600957530491095 999999.9999999808
4.826730990121418 0.8698266526149299 -0.07600957530491095 999999.9999999808
4.826730990121418 0.8698266526149299 -0.07600957530491095 999999.9999999808
4.826730990121418 0.8698266526149299 -0.07600957530491095 999999.9999999808
4.826730990121418 0.8698266526149299 -0.07600957530491095 999999.9999999808
4.826730990121418 0.8698266526149299 -0.07600957530491095 999999.9999999808
4.826730990121418 0.8698266526149299 -0.07600957530491095 999999.9999999808
4.826730990121418 0.8698266526149299 -0.07600957530491095 999999.9999999808
4.826730990121418 0.8698266526149299 -0.07600957530491095 999999.9999999808
4.826730990121418 0.8698266526149299 -0.07600957530491095 999999.9999999808
4.826730990121418 0.8698266526149299 -0.07600957530491095 999999.9999999808
4.826730990121418 0.8698266526149299 -0.07600957530491095 999999.9999999808
4.826730990121418 0.8698266526149299 -0.07600957530491095 999999.9999999808
4.826730990121418 0.8698266526149299 -0.07600957530491095 999999.9999999808
4.826730990121418 0.8698266526149299 -0.07600957530491095 999999.9999999808
4.826730990121418 0.8698266526149299 -0.07600957530491095 999999.9999999808
4.826730990121418 0.8698266526149299 -0.07600957530491095 0.0 0,0,0 coil/filament1/filament2
4.354759644854792 2.4655889253054357 -0.21479032437373632 1000000.0000000085
4.354759644854792 2.4655889253054357 -0.21479032437373632 1000000.0000000085
4.354759644854792 2.4655889253054357 -0.21479032437373632 1000000.0000000085
4.354759644854792 2.4655889253054357 -0.21479032437373632 1000000.0000000085
4.354759644854792 2.4655889253054357 -0.21479032437373632 1000000.0000000085
4.354759644854792 2.4655889253054357 -0.21479032437373632 1000000.0000000085
4.354759644854792 2.4655889253054357 -0.21479032437373632 1000000.0000000085
4.354759644854792 2.4655889253054357 -0.21479032437373632 1000000.0000000085
4.354759644854792 2.4655889253054357 -0.21479032437373632 1000000.0000000085
4.354759644854792 2.4655889253054357 -0.21479032437373632 1000000.0000000085
4.354759644854792 2.4655889253054357 -0.21479032437373632 1000000.0000000085
4.354759644854792 2.4655889253054357 -0.21479032437373632 1000000.0000000085
4.354759644854792 2.4655889253054357 -0.21479032437373632 1000000.0000000085
4.354759644854792 2.4655889253054357 -0.21479032437373632 1000000.0000000085
4.354759644854792 2.4655889253054357 -0.21479032437373632 1000000.0000000085
4.354759644854792 2.4655889253054357 -0.21479032437373632 1000000.0000000085
4.354759644854792 2.4655889253054357 -0.21479032437373632 1000000.0000000085
4.354759644854792 2.4655889253054357 -0.21479032437373632 1000000.0000000085
4.354759644854792 2.4655889253054357 -0.21479032437373632 1000000.0000000085
4.354759644854792 2.4655889253054357 -0.21479032437373632 1000000.0000000085
4.354759644854792 2.4655889253054357 -0.21479032437373632 1000000.0000000085
4.354759644854792 2.4655889253054357 -0.21479032437373632 1000000.0000000085
4.354759644854792 2.4655889253054357 -0.21479032437373632 1000000.0000000085
4.354759644854792 2.4655889253054357 -0.21479032437373632 1000000.0000000085
4.354759644854792 2.4655889253054357 -0.21479032437373632 1000000.0000000085
4.354759644854792 2.4655889253054357 -0.21479032437373632 1000000.0000000085
4.354759644854792 2.4655889253054357 -0.21479032437373632 1000000.0000000085
4.354759644854792 2.4655889253054357 -0.21479032437373632 1000000.0000000085
4.354759644854792 2.4655889253054357 -0.21479032437373632 1000000.0000000085
4.354759644854792 2.4655889253054357 -0.21479032437373632 1000000.0000000085
4.354759644854792 2.4655889253054357 -0.21479032437373632 1000000.0000000085
4.354759644854792 2.4655889253054357 -0.21479032437373632 1000000.0000000085
4.354759644854792 2.4655889253054357 -0.21479032437373632 1000000.0000000085
4.354759644854792 2.4655889253054357 -0.21479032437373632 1000000.0000000085
4.354759644854792 2.4655889253054357 -0.21479032437373632 1000000.0000000085
4.354759644854792 2.4655889253054357 -0.21479032437373632 1000000.0000000085
4.354759644854792 2.4655889253054357 -0.21479032437373632 1000000.0000000085
4.354759644854792 2.4655889253054357 -0.21479032437373632 1000000.0000000085
4.354759644854792 2.4655889253054357 -0.21479032437373632 1000000.0000000085
4.354759644854792 2.4655889253054357 -0.21479032437373632 1000000.0000000085
4.354759644854792 2.4655889253054357 -0.21479032437373632 1000000.0000000085
4.354759644854792 2.4655889253054357 -0.21479032437373632 1000000.0000000085
4.354759644854792 2.4655889253054357 -0.21479032437373632 1000000.0000000085
4.354759644854792 2.4655889253054357 -0.21479032437373632 1000000.0000000085
4.354759644854792 2.4655889253054357 -0.21479032437373632 1000000.0000000085
4.354759644854792 2.4655889253054357 -0.21479032437373632 1000000.0000000085
4.354759644854792 2.4655889253054357 -0.21479032437373632 1000000.0000000085
4.354759644854792 2.4655889253054357 -0.21479032437373632 1000000.0000000085
4.354759644854792 2.4655889253054357 -0.21479032437373632 1000000.0000000085
4.354759644854792 2.4655889253054357 -0.21479032437373632 1000000.0000000085
4.354759644854792 2.4655889253054357 -0.21479032437373632 1000000.0000000085
4.354759644854792 2.4655889253054357 -0.21479032437373632 1000000.0000000085
4.354759644854792 2.4655889253054357 -0.21479032437373632 1000000.0000000085
4.354759644854792 2.4655889253054357 -0.21479032437373632 1000000.0000000085
4.354759644854792 2.4655889253054357 -0.21479032437373632 1000000.0000000085
4.354759644854792 2.4655889253054357 -0.21479032437373632 1000000.0000000085
4.354759644854792 2.4655889253054357 -0.21479032437373632 1000000.0000000085
4.354759644854792 2.4655889253054357 -0.21479032437373632 1000000.0000000085
4.354759644854792 2.4655889253054357 -0.21479032437373632 1000000.0000000085
4.354759644854792 2.4655889253054357 -0.21479032437373632 1000000.0000000085
4.354759644854792 2.4655889253054357 -0.21479032437373632 1000000.0000000085
4.354759644854792 2.4655889253054357 -0.21479032437373632 1000000.0000000085
4.354759644854792 2.4655889253054357 -0.21479032437373632 1000000.0000000085
4.354759644854792 2.4655889253054357 -0.21479032437373632 1000000.0000000085
4.354759644854792 2.4655889253054357 -0.21479032437373632 0.0 1,0,0 coil/filament1/filament2
3.2347934032402925 3.983884363946136 -0.2933206882190498 1000000.000000005
3.2347934032402925 3.983884363946136 -0.2933206882190498 1000000.000000005
3.2347934032402925 3.983884363946136 -0.2933206882190498 1000000.000000005
3.2347934032402925 3.983884363946136 -0.2933206882190498 1000000.000000005
3.2347934032402925 3.983884363946136 -0.2933206882190498 1000000.000000005
3.2347934032402925 3.983884363946136 -0.2933206882190498 1000000.000000005
3.2347934032402925 3.983884363946136 -0.2933206882190498 1000000.000000005
3.2347934032402925 3.983884363946136 -0.2933206882190498 1000000.000000005
3.2347934032402925 3.983884363946136 -0.2933206882190498 1000000.000000005
3.2347934032402925 3.983884363946136 -0.2933206882190498 1000000.000000005
3.2347934032402925 3.983884363946136 -0.2933206882190498 1000000.000000005
3.2347934032402925 3.983884363946136 -0.2933206882190498 1000000.000000005
3.2347934032402925 3.983884363946136 -0.2933206882190498 1000000.000000005
3.2347934032402925 3.983884363946136 -0.2933206882190498 1000000.000000005
3.2347934032402925 3.983884363946136 -0.2933206882190498 1000000.000000005
3.2347934032402925 3.983884363946136 -0.2933206882190498 1000000.000000005
3.2347934032402925 3.983884363946136 -0.2933206882190498 1000000.000000005
3.2347934032402925 3.983884363946136 -0.2933206882190498 1000000.000000005
3.2347934032402925 3.983884363946136 -0.2933206882190498 1000000.000000005
3.2347934032402925 3.983884363946136 -0.2933206882190498 1000000.000000005
3.2347934032402925 3.983884363946136 -0.2933206882190498 1000000.000000005
3.2347934032402925 3.983884363946136 -0.2933206882190498 1000000.000000005
3.2347934032402925 3.983884363946136 -0.2933206882190498 1000000.000000005
3.2347934032402925 3.983884363946136 -0.2933206882190498 1000000.000000005
3.2347934032402925 3.983884363946136 -0.2933206882190498 1000000.000000005
3.2347934032402925 3.983884363946136 -0.2933206882190498 1000000.000000005
3.2347934032402925 3.983884363946136 -0.2933206882190498 1000000.000000005
3.2347934032402925 3.983884363946136 -0.2933206882190498 1000000.000000005
3.2347934032402925 3.983884363946136 -0.2933206882190498 1000000.000000005
3.2347934032402925 3.983884363946136 -0.2933206882190498 1000000.000000005
3.2347934032402925 3.983884363946136 -0.2933206882190498 1000000.000000005
3.2347934032402925 3.983884363946136 -0.2933206882190498 1000000.000000005
3.2347934032402925 3.983884363946136 -0.2933206882190498 1000000.000000005
3.2347934032402925 3.983884363946136 -0.2933206882190498 1000000.000000005
3.2347934032402925 3.983884363946136 -0.2933206882190498 1000000.000000005
3.2347934032402925 3.983884363946136 -0.2933206882190498 1000000.000000005
3.2347934032402925 3.983884363946136 -0.2933206882190498 1000000.000000005
3.2347934032402925 3.983884363946136 -0.2933206882190498 1000000.000000005
3.2347934032402925 3.983884363946136 -0.2933206882190498 1000000.000000005
3.2347934032402925 3.983884363946136 -0.2933206882190498 1000000.000000005
3.2347934032402925 3.983884363946136 -0.2933206882190498 1000000.000000005
3.2347934032402925 3.983884363946136 -0.2933206882190498 1000000.000000005
3.2347934032402925 3.983884363946136 -0.2933206882190498 1000000.000000005
3.2347934032402925 3.983884363946136 -0.2933206882190498 1000000.000000005
3.2347934032402925 3.983884363946136 -0.2933206882190498 1000000.000000005
3.2347934032402925 3.983884363946136 -0.2933206882190498 1000000.000000005
3.2347934032402925 3.983884363946136 -0.2933206882190498 1000000.000000005
3.2347934032402925 3.983884363946136 -0.2933206882190498 1000000.000000005
3.2347934032402925 3.983884363946136 -0.2933206882190498 1000000.000000005
3.2347934032402925 3.983884363946136 -0.2933206882190498 1000000.000000005
3.2347934032402925 3.983884363946136 -0.2933206882190498 1000000.000000005
3.2347934032402925 3.983884363946136 -0.2933206882190498 1000000.000000005
3.2347934032402925 3.983884363946136 -0.2933206882190498 1000000.000000005
3.2347934032402925 3.983884363946136 -0.2933206882190498 1000000.000000005
3.2347934032402925 3.983884363946136 -0.2933206882190498 1000000.000000005
3.2347934032402925 3.983884363946136 -0.2933206882190498 1000000.000000005
3.2347934032402925 3.983884363946136 -0.2933206882190498 1000000.000000005
3.2347934032402925 3.983884363946136 -0.2933206882190498 1000000.000000005
3.2347934032402925 3.983884363946136 -0.2933206882190498 1000000.000000005
3.2347934032402925 3.983884363946136 -0.2933206882190498 1000000.000000005
3.2347934032402925 3.983884363946136 -0.2933206882190498 1000000.000000005
3.2347934032402925 3.983884363946136 -0.2933206882190498 1000000.000000005
3.2347934032402925 3.983884363946136 -0.2933206882190498 1000000.000000005
3.2347934032402925 3.983884363946136 -0.2933206882190498 1000000.000000005
3.2347934032402925 3.983884363946136 -0.2933206882190498 0.0 2,0,0 coil/filament1/filament2
1.267252316044117 5.10787778560719 -0.13020537817697578 1000000.0000000071
1.267252316044117 5.10787778560719 -0.13020537817697578 1000000.0000000071
1.267252316044117 5.10787778560719 -0.13020537817697578 1000000.0000000071
1.267252316044117 5.10787778560719 -0.13020537817697578 1000000.0000000071
1.267252316044117 5.10787778560719 -0.13020537817697578 1000000.0000000071
1.267252316044117 5.10787778560719 -0.13020537817697578 1000000.0000000071
1.267252316044117 5.10787778560719 -0.13020537817697578 1000000.0000000071
1.267252316044117 5.10787778560719 -0.13020537817697578 1000000.0000000071
1.267252316044117 5.10787778560719 -0.13020537817697578 1000000.0000000071
1.267252316044117 5.10787778560719 -0.13020537817697578 1000000.0000000071
1.267252316044117 5.10787778560719 -0.13020537817697578 1000000.0000000071
1.267252316044117 5.10787778560719 -0.13020537817697578 1000000.0000000071
1.267252316044117 5.10787778560719 -0.13020537817697578 1000000.0000000071
1.267252316044117 5.10787778560719 -0.13020537817697578 1000000.0000000071
1.267252316044117 5.10787778560719 -0.13020537817697578 1000000.0000000071
1.267252316044117 5.10787778560719 -0.13020537817697578 1000000.0000000071
1.267252316044117 5.10787778560719 -0.13020537817697578 1000000.0000000071
1.267252316044117 5.10787778560719 -0.13020537817697578 1000000.0000000071
1.267252316044117 5.10787778560719 -0.13020537817697578 1000000.0000000071
1.267252316044117 5.10787778560719 -0.13020537817697578 1000000.0000000071
1.267252316044117 5.10787778560719 -0.13020537817697578 1000000.0000000071
1.267252316044117 5.10787778560719 -0.13020537817697578 1000000.0000000071
1.267252316044117 5.10787778560719 -0.13020537817697578 1000000.0000000071
1.267252316044117 5.10787778560719 -0.13020537817697578 1000000.0000000071
1.267252316044117 5.10787778560719 -0.13020537817697578 1000000.0000000071
1.267252316044117 5.10787778560719 -0.13020537817697578 1000000.0000000071
1.267252316044117 5.10787778560719 -0.13020537817697578 1000000.0000000071
1.267252316044117 5.10787778560719 -0.13020537817697578 1000000.0000000071
1.267252316044117 5.10787778560719 -0.13020537817697578 1000000.0000000071
1.267252316044117 5.10787778560719 -0.13020537817697578 1000000.0000000071
1.267252316044117 5.10787778560719 -0.13020537817697578 1000000.0000000071
1.267252316044117 5.10787778560719 -0.13020537817697578 1000000.0000000071
1.267252316044117 5.10787778560719 -0.13020537817697578 1000000.0000000071
1.267252316044117 5.10787778560719 -0.13020537817697578 1000000.0000000071
1.267252316044117 5.10787778560719 -0.13020537817697578 1000000.0000000071
1.267252316044117 5.10787778560719 -0.13020537817697578 1000000.0000000071
1.267252316044117 5.10787778560719 -0.13020537817697578 1000000.0000000071
1.267252316044117 5.10787778560719 -0.13020537817697578 1000000.0000000071
1.267252316044117 5.10787778560719 -0.13020537817697578 1000000.0000000071
1.267252316044117 5.10787778560719 -0.13020537817697578 1000000.0000000071
1.267252316044117 5.10787778560719 -0.13020537817697578 1000000.0000000071
1.267252316044117 5.10787778560719 -0.13020537817697578 1000000.0000000071
1.267252316044117 5.10787778560719 -0.13020537817697578 1000000.0000000071
1.267252316044117 5.10787778560719 -0.13020537817697578 1000000.0000000071
1.267252316044117 5.10787778560719 -0.13020537817697578 1000000.0000000071
1.267252316044117 5.10787778560719 -0.13020537817697578 1000000.0000000071
1.267252316044117 5.10787778560719 -0.13020537817697578 1000000.0000000071
1.267252316044117 5.10787778560719 -0.13020537817697578 1000000.0000000071
1.267252316044117 5.10787778560719 -0.13020537817697578 1000000.0000000071
1.267252316044117 5.10787778560719 -0.13020537817697578 1000000.0000000071
1.267252316044117 5.10787778560719 -0.13020537817697578 1000000.0000000071
1.267252316044117 5.10787778560719 -0.13020537817697578 1000000.0000000071
1.267252316044117 5.10787778560719 -0.13020537817697578 1000000.0000000071
1.267252316044117 5.10787778560719 -0.13020537817697578 1000000.0000000071
1.267252316044117 5.10787778560719 -0.13020537817697578 1000000.0000000071
1.267252316044117 5.10787778560719 -0.13020537817697578 1000000.0000000071
1.267252316044117 5.10787778560719 -0.13020537817697578 1000000.0000000071
1.267252316044117 5.10787778560719 -0.13020537817697578 1000000.0000000071
1.267252316044117 5.10787778560719 -0.13020537817697578 1000000.0000000071
1.267252316044117 5.10787778560719 -0.13020537817697578 1000000.0000000071
1.267252316044117 5.10787778560719 -0.13020537817697578 1000000.0000000071
1.267252316044117 5.10787778560719 -0.13020537817697578 1000000.0000000071
1.267252316044117 5.10787778560719 -0.13020537817697578 1000000.0000000071
1.267252316044117 5.10787778560719 -0.13020537817697578 1000000.0000000071
1.267252316044117 5.10787778560719 -0.13020537817697578 0.0 3,0,0 coil/filament1/filament2
