periods 0
begin filament
FOCUSADD Coils
6.848430577689685 0.429488601565356 0.10732447219404183 1620000.0000001835
6.848430577689685 0.429488601565356 0.10732447219404183 1620000.0000001835
6.848430577689685 0.429488601565356 0.10732447219404183 1620000.0000001835
6.848430577689685 0.429488601565356 0.10732447219404183 1620000.0000001835
6.848430577689685 0.429488601565356 0.10732447219404183 1620000.0000001835
6.848430577689685 0.429488601565356 0.10732447219404183 1620000.0000001835
6.848430577689685 0.429488601565356 0.10732447219404183 1620000.0000001835
6.848430577689685 0.429488601565356 0.10732447219404183 1620000.0000001835
6.848430577689685 0.429488601565356 0.10732447219404183 1620000.0000001835
6.848430577689685 0.429488601565356 0.10732447219404183 1620000.0000001835
6.848430577689685 0.429488601565356 0.10732447219404183 1620000.0000001835
6.848430577689685 0.429488601565356 0.10732447219404183 1620000.0000001835
6.848430577689685 0.429488601565356 0.10732447219404183 1620000.0000001835
6.848430577689685 0.429488601565356 0.10732447219404183 1620000.0000001835
6.848430577689685 0.429488601565356 0.10732447219404183 1620000.0000001835
6.848430577689685 0.429488601565356 0.10732447219404183 1620000.0000001835
6.848430577689685 0.429488601565356 0.10732447219404183 1620000.0000001835
6.848430577689685 0.429488601565356 0.10732447219404183 1620000.0000001835
6.848430577689685 0.429488601565356 0.10732447219404183 1620000.0000001835
6.848430577689685 0.429488601565356 0.10732447219404183 1620000.0000001835
6.848430577689685 0.429488601565356 0.10732447219404183 1620000.0000001835
6.848430577689685 0.429488601565356 0.10732447219404183 1620000.0000001835
6.848430577689685 0.429488601565356 0.10732447219404183 1620000.0000001835
6.848430577689685 0.429488601565356 0.10732447219404183 1620000.0000001835
6.848430577689685 0.429488601565356 0.10732447219404183 1620000.0000001835
6.848430577689685 0.429488601565356 0.10732447219404183 1620000.0000001835
6.848430577689685 0.429488601565356 0.10732447219404183 1620000.0000001835
6.848430577689685 0.429488601565356 0.10732447219404183 1620000.0000001835
6.848430577689685 0.429488601565356 0.10732447219404183 1620000.0000001835
6.848430577689685 0.429488601565356 0.10732447219404183 1620000.0000001835
6.848430577689685 0.429488601565356 0.10732447219404183 1620000.0000001835
6.848430577689685 0.429488601565356 0.10732447219404183 1620000.0000001835
6.848430577689685 0.429488601565356 0.10732447219404183 1620000.0000001835
6.848430577689685 0.429488601565356 0.10732447219404183 1620000.0000001835
6.848430577689685 0.429488601565356 0.10732447219404183 1620000.0000001835
6.848430577689685 0.429488601565356 0.10732447219404183 1620000.0000001835
6.848430577689685 0.429488601565356 0.10732447219404183 1620000.0000001835
6.848430577689685 0.429488601565356 0.10732447219404183 1620000.0000001835
6.848430577689685 0.429488601565356 0.10732447219404183 1620000.0000001835
6.848430577689685 0.429488601565356 0.10732447219404183 1620000.0000001835
6.848430577689685 0.429488601565356 0.10732447219404183 1620000.0000001835
6.848430577689685 0.429488601565356 0.10732447219404183 1620000.0000001835
6.848430577689685 0.429488601565356 0.10732447219404183 1620000.0000001835
6.848430577689685 0.429488601565356 0.10732447219404183 1620000.0000001835
6.848430577689685 0.429488601565356 0.10732447219404183 1620000.0000001835
6.848430577689685 0.429488601565356 0.10732447219404183 1620000.0000001835
6.848430577689685 0.429488601565356 0.10732447219404183 1620000.0000001835
6.848430577689685 0.429488601565356 0.10732447219404183 1620000.0000001835
6.848430577689685 0.429488601565356 0.10732447219404183 1620000.0000001835
6.848430577689685 0.429488601565356 0.10732447219404183 1620000.0000001835
6.848430577689685 0.429488601565356 0.10732447219404183 1620000.0000001835
6.848430577689685 0.429488601565356 0.10732447219404183 1620000.0000001835
6.848430577689685 0.429488601565356 0.10732447219404183 1620000.0000001835
6.848430577689685 0.429488601565356 0.10732447219404183 1620000.0000001835
6.848430577689685 0.429488601565356 0.10732447219404183 1620000.0000001835
6.848430577689685 0.429488601565356 0.10732447219404183 1620000.0000001835
6.848430577689685 0.429488601565356 0.10732447219404183 1620000.0000001835
6.848430577689685 0.429488601565356 0.10732447219404183 1620000.0000001835
6.848430577689685 0.429488601565356 0.10732447219404183 1620000.0000001835
6.848430577689685 0.429488601565356 0.10732447219404183 1620000.0000001835
6.848430577689685 0.429488601565356 0.10732447219404183 1620000.0000001835
6.848430577689685 0.429488601565356 0.10732447219404183 1620000.0000001835
6.848430577689685 0.429488601565356 0.10732447219404183 1620000.0000001835
6.848430577689685 0.429488601565356 0.10732447219404183 1620000.0000001835
6.848430577689685 0.429488601565356 0.10732447219404183 0.0 0,0,0 coil/filament1/filament2
6.594792532951253 1.344444671324837 0.17815171481036507 1620000.0000001388
6.594792532951253 1.344444671324837 0.17815171481036507 1620000.0000001388
6.594792532951253 1.344444671324837 0.17815171481036507 1620000.0000001388
6.594792532951253 1.344444671324837 0.17815171481036507 1620000.0000001388
6.594792532951253 1.344444671324837 0.17815171481036507 1620000.0000001388
6.594792532951253 1.344444671324837 0.17815171481036507 1620000.0000001388
6.594792532951253 1.344444671324837 0.17815171481036507 1620000.0000001388
6.594792532951253 1.344444671324837 0.17815171481036507 1620000.0000001388
6.594792532951253 1.344444671324837 0.17815171481036507 1620000.0000001388
6.594792532951253 1.344444671324837 0.17815171481036507 1620000.0000001388
6.594792532951253 1.344444671324837 0.17815171481036507 1620000.0000001388
6.594792532951253 1.344444671324837 0.17815171481036507 1620000.0000001388
6.594792532951253 1.344444671324837 0.17815171481036507 1620000.0000001388
6.594792532951253 1.344444671324837 0.17815171481036507 1620000.0000001388
6.594792532951253 1.344444671324837 0.17815171481036507 1620000.0000001388
6.594792532951253 1.344444671324837 0.17815171481036507 1620000.0000001388
6.594792532951253 1.344444671324837 0.17815171481036507 1620000.0000001388
6.594792532951253 1.344444671324837 0.17815171481036507 1620000.0000001388
6.594792532951253 1.344444671324837 0.17815171481036507 1620000.0000001388
6.594792532951253 1.344444671324837 0.17815171481036507 1620000.0000001388
6.594792532951253 1.344444671324837 0.17815171481036507 1620000.0000001388
6.594792532951253 1.344444671324837 0.17815171481036507 1620000.0000001388
6.594792532951253 1.344444671324837 0.17815171481036507 1620000.0000001388
6.594792532951253 1.344444671324837 0.17815171481036507 1620000.0000001388
6.594792532951253 1.344444671324837 0.17815171481036507 1620000.0000001388
6.594792532951253 1.344444671324837 0.17815171481036507 1620000.0000001388
6.594792532951253 1.344444671324837 0.17815171481036507 1620000.0000001388
6.594792532951253 1.344444671324837 0.17815171481036507 1620000.0000001388
6.594792532951253 1.344444671324837 0.17815171481036507 1620000.0000001388
6.594792532951253 1.344444671324837 0.17815171481036507 1620000.0000001388
6.594792532951253 1.344444671324837 0.17815171481036507 1620000.0000001388
6.594792532951253 1.344444671324837 0.17815171481036507 1620000.0000001388
6.594792532951253 1.344444671324837 0.17815171481036507 1620000.0000001388
6.594792532951253 1.344444671324837 0.17815171481036507 1620000.0000001388
6.594792532951253 1.344444671324837 0.17815171481036507 1620000.0000001388
6.594792532951253 1.344444671324837 0.17815171481036507 1620000.0000001388
6.594792532951253 1.344444671324837 0.17815171481036507 1620000.0000001388
6.594792532951253 1.344444671324837 0.17815171481036507 1620000.0000001388
6.594792532951253 1.344444671324837 0.17815171481036507 1620000.0000001388
6.594792532951253 1.344444671324837 0.17815171481036507 1620000.0000001388
6.594792532951253 1.344444671324837 0.17815171481036507 1620000.0000001388
6.594792532951253 1.344444671324837 0.17815171481036507 1620000.0000001388
6.594792532951253 1.344444671324837 0.17815171481036507 1620000.0000001388
6.594792532951253 1.344444671324837 0.17815171481036507 1620000.0000001388
6.594792532951253 1.344444671324837 0.17815171481036507 1620000.0000001388
6.594792532951253 1.344444671324837 0.17815171481036507 1620000.0000001388
6.594792532951253 1.344444671324837 0.17815171481036507 1620000.0000001388
6.594792532951253 1.344444671324837 0.17815171481036507 1620000.0000001388
6.594792532951253 1.344444671324837 0.17815171481036507 1620000.0000001388
6.594792532951253 1.344444671324837 0.17815171481036507 1620000.0000001388
6.594792532951253 1.344444671324837 0.17815171481036507 1620000.0000001388
6.594792532951253 1.344444671324837 0.17815171481036507 1620000.0000001388
6.594792532951253 1.344444671324837 0.17815171481036507 1620000.0000001388
6.594792532951253 1.344444671324837 0.17815171481036507 1620000.0000001388
6.594792532951253 1.344444671324837 0.17815171481036507 1620000.0000001388
6.594792532951253 1.344444671324837 0.17815171481036507 1620000.0000001388
6.594792532951253 1.344444671324837 0.17815171481036507 1620000.0000001388
6.594792532951253 1.344444671324837 0.17815171481036507 1620000.0000001388
6.594792532951253 1.344444671324837 0.17815171481036507 1620000.0000001388
6.594792532951253 1.344444671324837 0.17815171481036507 1620000.0000001388
6.594792532951253 1.344444671324837 0.17815171481036507 1620000.0000001388
6.594792532951253 1.344444671324837 0.17815171481036507 1620000.0000001388
6.594792532951253 1.344444671324837 0.17815171481036507 1620000.0000001388
6.594792532951253 1.344444671324837 0.17815171481036507 1620000.0000001388
6.594792532951253 1.344444671324837 0.17815171481036507 0.0 1,0,0 coil/filament1/filament2
6.2860552745811304 2.2010646431086256 0.29326527429667637 1620000.000000003
6.2860552745811304 2.2010646431086256 0.29326527429667637 1620000.000000003
6.2860552745811304 2.2010646431086256 0.29326527429667637 1620000.000000003
6.2860552745811304 2.2010646431086256 0.29326527429667637 1620000.000000003
6.2860552745811304 2.2010646431086256 0.29326527429667637 1620000.000000003
6.2860552745811304 2.2010646431086256 0.29326527429667637 1620000.000000003
6.2860552745811304 2.2010646431086256 0.29326527429667637 1620000.000000003
6.2860552745811304 2.2010646431086256 0.29326527429667637 1620000.000000003
6.2860552745811304 2.2010646431086256 0.29326527429667637 1620000.000000003
6.2860552745811304 2.2010646431086256 0.29326527429667637 1620000.000000003
6.2860552745811304 2.2010646431086256 0.29326527429667637 1620000.000000003
6.2860552745811304 2.2010646431086256 0.29326527429667637 1620000.000000003
6.2860552745811304 2.2010646431086256 0.29326527429667637 1620000.000000003
6.2860552745811304 2.2010646431086256 0.29326527429667637 1620000.000000003
6.2860552745811304 2.2010646431086256 0.29326527429667637 1620000.000000003
6.2860552745811304 2.2010646431086256 0.29326527429667637 1620000.000000003
6.2860552745811304 2.2010646431086256 0.29326527429667637 1620000.000000003
6.2860552745811304 2.2010646431086256 0.29326527429667637 1620000.000000003
6.2860552745811304 2.2010646431086256 0.29326527429667637 1620000.000000003
6.2860552745811304 2.2010646431086256 0.29326527429667637 1620000.000000003
6.2860552745811304 2.2010646431086256 0.29326527429667637 1620000.000000003
6.2860552745811304 2.2010646431086256 0.29326527429667637 1620000.000000003
6.2860552745811304 2.2010646431086256 0.29326527429667637 1620000.000000003
6.2860552745811304 2.2010646431086256 0.29326527429667637 1620000.000000003
6.2860552745811304 2.2010646431086256 0.29326527429667637 1620000.000000003
6.2860552745811304 2.2010646431086256 0.29326527429667637 1620000.000000003
6.2860552745811304 2.2010646431086256 0.29326527429667637 1620000.000000003
6.2860552745811304 2.2010646431086256 0.29326527429667637 1620000.000000003
6.2860552745811304 2.2010646431086256 0.29326527429667637 1620000.000000003
6.2860552745811304 2.2010646431086256 0.29326527429667637 1620000.000000003
6.2860552745811304 2.2010646431086256 0.29326527429667637 1620000.000000003
6.2860552745811304 2.2010646431086256 0.29326527429667637 1620000.000000003
6.2860552745811304 2.2010646431086256 0.29326527429667637 1620000.000000003
6.2860552745811304 2.2010646431086256 0.29326527429667637 1620000.000000003
6.2860552745811304 2.2010646431086256 0.29326527429667637 1620000.000000003
6.2860552745811304 2.2010646431086256 0.29326527429667637 1620000.000000003
6.2860552745811304 2.2010646431086256 0.29326527429667637 1620000.000000003
6.2860552745811304 2.2010646431086256 0.29326527429667637 1620000.000000003
6.2860552745811304 2.2010646431086256 0.29326527429667637 1620000.000000003
6.2860552745811304 2.2010646431086256 0.29326527429667637 1620000.000000003
6.2860552745811304 2.2010646431086256 0.29326527429667637 1620000.000000003
6.2860552745811304 2.2010646431086256 0.29326527429667637 1620000.000000003
6.2860552745811304 2.2010646431086256 0.29326527429667637 1620000.000000003
6.2860552745811304 2.2010646431086256 0.29326527429667637 1620000.000000003
6.2860552745811304 2.2010646431086256 0.29326527429667637 1620000.000000003
6.2860552745811304 2.2010646431086256 0.29326527429667637 1620000.000000003
6.2860552745811304 2.2010646431086256 0.29326527429667637 1620000.000000003
6.2860552745811304 2.2010646431086256 0.29326527429667637 1620000.000000003
6.2860552745811304 2.2010646431086256 0.29326527429667637 1620000.000000003
6.2860552745811304 2.2010646431086256 0.29326527429667637 1620000.000000003
6.2860552745811304 2.2010646431086256 0.29326527429667637 1620000.000000003
6.2860552745811304 2.2010646431086256 0.29326527429667637 1620000.000000003
6.2860552745811304 2.2010646431086256 0.29326527429667637 1620000.000000003
6.2860552745811304 2.2010646431086256 0.29326527429667637 1620000.000000003
6.2860552745811304 2.2010646431086256 0.29326527429667637 1620000.000000003
6.2860552745811304 2.2010646431086256 0.29326527429667637 1620000.000000003
6.2860552745811304 2.2010646431086256 0.29326527429667637 1620000.000000003
6.2860552745811304 2.2010646431086256 0.29326527429667637 1620000.000000003
6.2860552745811304 2.2010646431086256 0.29326527429667637 1620000.000000003
6.2860552745811304 2.2010646431086256 0.29326527429667637 1620000.000000003
6.2860552745811304 2.2010646431086256 0.29326527429667637 1620000.000000003
6.2860552745811304 2.2010646431086256 0.29326527429667637 1620000.000000003
6.2860552745811304 2.2010646431086256 0.29326527429667637 1620000.000000003
6.2860552745811304 2.2010646431086256 0.29326527429667637 1620000.000000003
6.2860552745811304 2.2010646431086256 0.29326527429667637 0.0 2,0,0 coil/filament1/filament2
6.12547762411621 2.6378797279487127 0.042318789149557716 1619999.9999998782
6.12547762411621 2.6378797279487127 0.042318789149557716 1619999.9999998782
6.12547762411621 2.6378797279487127 0.042318789149557716 1619999.9999998782
6.12547762411621 2.6378797279487127 0.042318789149557716 1619999.9999998782
6.12547762411621 2.6378797279487127 0.042318789149557716 1619999.9999998782
6.12547762411621 2.6378797279487127 0.042318789149557716 1619999.9999998782
6.12547762411621 2.6378797279487127 0.042318789149557716 1619999.9999998782
6.12547762411621 2.6378797279487127 0.042318789149557716 1619999.9999998782
6.12547762411621 2.6378797279487127 0.042318789149557716 1619999.9999998782
6.12547762411621 2.6378797279487127 0.042318789149557716 1619999.9999998782
6.12547762411621 2.6378797279487127 0.042318789149557716 1619999.9999998782
6.12547762411621 2.6378797279487127 0.042318789149557716 1619999.9999998782
6.12547762411621 2.6378797279487127 0.042318789149557716 1619999.9999998782
6.12547762411621 2.6378797279487127 0.042318789149557716 1619999.9999998782
6.12547762411621 2.6378797279487127 0.042318789149557716 1619999.9999998782
6.12547762411621 2.6378797279487127 0.042318789149557716 1619999.9999998782
6.12547762411621 2.6378797279487127 0.042318789149557716 1619999.9999998782
6.12547762411621 2.6378797279487127 0.042318789149557716 1619999.9999998782
6.12547762411621 2.6378797279487127 0.042318789149557716 1619999.9999998782
6.12547762411621 2.6378797279487127 0.042318789149557716 1619999.9999998782
6.12547762411621 2.6378797279487127 0.042318789149557716 1619999.9999998782
6.12547762411621 2.6378797279487127 0.042318789149557716 1619999.9999998782
6.12547762411621 2.6378797279487127 0.042318789149557716 1619999.9999998782
6.12547762411621 2.6378797279487127 0.042318789149557716 1619999.9999998782
6.12547762411621 2.6378797279487127 0.042318789149557716 1619999.9999998782
6.12547762411621 2.6378797279487127 0.042318789149557716 1619999.9999998782
6.12547762411621 2.6378797279487127 0.042318789149557716 1619999.9999998782
6.12547762411621 2.6378797279487127 0.042318789149557716 1619999.9999998782
6.12547762411621 2.6378797279487127 0.042318789149557716 1619999.9999998782
6.12547762411621 2.6378797279487127 0.042318789149557716 1619999.9999998782
6.12547762411621 2.6378797279487127 0.042318789149557716 1619999.9999998782
6.12547762411621 2.6378797279487127 0.042318789149557716 1619999.9999998782
6.12547762411621 2.6378797279487127 0.042318789149557716 1619999.9999998782
6.12547762411621 2.6378797279487127 0.042318789149557716 1619999.9999998782
6.12547762411621 2.6378797279487127 0.042318789149557716 1619999.9999998782
6.12547762411621 2.6378797279487127 0.042318789149557716 1619999.9999998782
6.12547762411621 2.6378797279487127 0.042318789149557716 1619999.9999998782
6.12547762411621 2.6378797279487127 0.042318789149557716 1619999.9999998782
6.12547762411621 2.6378797279487127 0.042318789149557716 1619999.9999998782
6.12547762411621 2.6378797279487127 0.042318789149557716 1619999.9999998782
6.12547762411621 2.6378797279487127 0.042318789149557716 1619999.9999998782
6.12547762411621 2.6378797279487127 0.042318789149557716 1619999.9999998782
6.12547762411621 2.6378797279487127 0.042318789149557716 1619999.9999998782
6.12547762411621 2.6378797279487127 0.042318789149557716 1619999.9999998782
6.12547762411621 2.6378797279487127 0.042318789149557716 1619999.9999998782
6.12547762411621 2.6378797279487127 0.042318789149557716 1619999.9999998782
6.12547762411621 2.6378797279487127 0.042318789149557716 1619999.9999998782
6.12547762411621 2.6378797279487127 0.042318789149557716 1619999.9999998782
6.12547762411621 2.6378797279487127 0.042318789149557716 1619999.9999998782
6.12547762411621 2.6378797279487127 0.042318789149557716 1619999.9999998782
6.12547762411621 2.6378797279487127 0.042318789149557716 1619999.9999998782
6.12547762411621 2.6378797279487127 0.042318789149557716 1619999.9999998782
6.12547762411621 2.6378797279487127 0.042318789149557716 1619999.9999998782
6.12547762411621 2.6378797279487127 0.042318789149557716 1619999.9999998782
6.12547762411621 2.6378797279487127 0.042318789149557716 1619999.9999998782
6.12547762411621 2.6378797279487127 0.042318789149557716 1619999.9999998782
6.12547762411621 2.6378797279487127 0.042318789149557716 1619999.9999998782
6.12547762411621 2.6378797279487127 0.042318789149557716 1619999.9999998782
6.12547762411621 2.6378797279487127 0.042318789149557716 1619999.9999998782
6.12547762411621 2.6378797279487127 0.042318789149557716 1619999.9999998782
6.12547762411621 2.6378797279487127 0.042318789149557716 1619999.9999998782
6.12547762411621 2.6378797279487127 0.042318789149557716 1619999.9999998782
6.12547762411621 2.6378797279487127 0.042318789149557716 1619999.9999998782
6.12547762411621 2.6378797279487127 0.042318789149557716 1619999.9999998782
6.12547762411621 2.6378797279487127 0.042318789149557716 0.0 3,0,0 coil/filament1/filament2
5.751804636687706 3.312606889622024 -0.0327029634649564 1619999.9999997949
5.751804636687706 3.312606889622024 -0.0327029634649564 1619999.9999997949
5.751804636687706 3.312606889622024 -0.0327029634649564 1619999.9999997949
5.751804636687706 3.312606889622024 -0.0327029634649564 1619999.9999997949
5.751804636687706 3.312606889622024 -0.0327029634649564 1619999.9999997949
5.751804636687706 3.312606889622024 -0.0327029634649564 1619999.9999997949
5.751804636687706 3.312606889622024 -0.0327029634649564 1619999.9999997949
5.751804636687706 3.312606889622024 -0.0327029634649564 1619999.9999997949
5.751804636687706 3.312606889622024 -0.0327029634649564 1619999.9999997949
5.751804636687706 3.312606889622024 -0.0327029634649564 1619999.9999997949
5.751804636687706 3.312606889622024 -0.0327029634649564 1619999.9999997949
5.751804636687706 3.312606889622024 -0.0327029634649564 1619999.9999997949
5.751804636687706 3.312606889622024 -0.0327029634649564 1619999.9999997949
5.751804636687706 3.312606889622024 -0.0327029634649564 1619999.9999997949
5.751804636687706 3.312606889622024 -0.0327029634649564 1619999.9999997949
5.751804636687706 3.312606889622024 -0.0327029634649564 1619999.9999997949
5.751804636687706 3.312606889622024 -0.0327029634649564 1619999.9999997949
5.751804636687706 3.312606889622024 -0.0327029634649564 1619999.9999997949
5.751804636687706 3.312606889622024 -0.0327029634649564 1619999.9999997949
5.751804636687706 3.312606889622024 -0.0327029634649564 1619999.9999997949
5.751804636687706 3.312606889622024 -0.0327029634649564 1619999.9999997949
5.751804636687706 3.312606889622024 -0.0327029634649564 1619999.9999997949
5.751804636687706 3.312606889622024 -0.0327029634649564 1619999.9999997949
5.751804636687706 3.312606889622024 -0.0327029634649564 1619999.9999997949
5.751804636687706 3.312606889622024 -0.0327029634649564 1619999.9999997949
5.751804636687706 3.312606889622024 -0.0327029634649564 1619999.9999997949
5.751804636687706 3.312606889622024 -0.0327029634649564 1619999.9999997949
5.751804636687706 3.312606889622024 -0.0327029634649564 1619999.9999997949
5.751804636687706 3.312606889622024 -0.0327029634649564 1619999.9999997949
5.751804636687706 3.312606889622024 -0.0327029634649564 1619999.9999997949
5.751804636687706 3.312606889622024 -0.0327029634649564 1619999.9999997949
5.751804636687706 3.312606889622024 -0.0327029634649564 1619999.9999997949
5.751804636687706 3.312606889622024 -0.0327029634649564 1619999.9999997949
5.751804636687706 3.312606889622024 -0.0327029634649564 1619999.9999997949
5.751804636687706 3.312606889622024 -0.0327029634649564 1619999.9999997949
5.751804636687706 3.312606889622024 -0.0327029634649564 1619999.9999997949
5.751804636687706 3.312606889622024 -0.0327029634649564 1619999.9999997949
5.751804636687706 3.312606889622024 -0.0327029634649564 1619999.9999997949
5.751804636687706 3.312606889622024 -0.0327029634649564 1619999.9999997949
5.751804636687706 3.312606889622024 -0.0327029634649564 1619999.9999997949
5.751804636687706 3.312606889622024 -0.0327029634649564 1619999.9999997949
5.751804636687706 3.312606889622024 -0.0327029634649564 1619999.9999997949
5.751804636687706 3.312606889622024 -0.0327029634649564 1619999.9999997949
5.751804636687706 3.312606889622024 -0.0327029634649564 1619999.9999997949
5.751804636687706 3.312606889622024 -0.0327029634649564 1619999.9999997949
5.751804636687706 3.312606889622024 -0.0327029634649564 1619999.9999997949
5.751804636687706 3.312606889622024 -0.0327029634649564 1619999.9999997949
5.751804636687706 3.312606889622024 -0.0327029634649564 1619999.9999997949
5.751804636687706 3.312606889622024 -0.0327029634649564 1619999.9999997949
5.751804636687706 3.312606889622024 -0.0327029634649564 1619999.9999997949
5.751804636687706 3.312606889622024 -0.0327029634649564 1619999.9999997949
5.751804636687706 3.312606889622024 -0.0327029634649564 1619999.9999997949
5.751804636687706 3.312606889622024 -0.0327029634649564 1619999.9999997949
5.751804636687706 3.312606889622024 -0.0327029634649564 1619999.9999997949
5.751804636687706 3.312606889622024 -0.0327029634649564 1619999.9999997949
5.751804636687706 3.312606889622024 -0.0327029634649564 1619999.9999997949
5.751804636687706 3.312606889622024 -0.0327029634649564 1619999.9999997949
5.751804636687706 3.312606889622024 -0.0327029634649564 1619999.9999997949
5.751804636687706 3.312606889622024 -0.0327029634649564 1619999.9999997949
5.751804636687706 3.312606889622024 -0.0327029634649564 1619999.9999997949
5.751804636687706 3.312606889622024 -0.0327029634649564 1619999.9999997949
5.751804636687706 3.312606889622024 -0.0327029634649564 1619999.9999997949
5.751804636687706 3.312606889622024 -0.0327029634649564 1619999.9999997949
5.751804636687706 3.312606889622024 -0.0327029634649564 1619999.9999997949
5.751804636687706 3.312606889622024 -0.0327029634649564 0.0 4,0,0 coil/filament1/filament2
