periods 0
begin filament
FOCUSADD Coils
6.954407855316401 0.4620371391564581 0.06811564466299946 250000.0
6.905451394850918 0.4549541526659467 0.07540236416267075 250000.0
6.905451394850918 0.4549541526659467 0.07540236416267075 250000.0
6.905451394850918 0.4549541526659467 0.07540236416267075 250000.0
6.905451394850918 0.4549541526659467 0.07540236416267075 250000.0
6.905451394850918 0.4549541526659467 0.07540236416267075 250000.0
6.905451394850918 0.4549541526659467 0.07540236416267075 250000.0
6.905451394850918 0.4549541526659467 0.07540236416267075 250000.0
6.905451394850918 0.4549541526659467 0.07540236416267075 250000.0
6.905451394850918 0.4549541526659467 0.07540236416267075 250000.0
6.905451394850918 0.4549541526659467 0.07540236416267075 250000.0
6.905451394850918 0.4549541526659467 0.07540236416267075 250000.0
6.905451394850918 0.4549541526659467 0.07540236416267075 250000.0
6.905451394850918 0.4549541526659467 0.07540236416267075 250000.0
6.905451394850918 0.4549541526659467 0.07540236416267075 250000.0
6.905451394850918 0.4549541526659467 0.07540236416267075 250000.0
6.905451394850918 0.4549541526659467 0.07540236416267075 250000.0
6.905451394850918 0.4549541526659467 0.07540236416267075 250000.0
6.905451394850918 0.4549541526659467 0.07540236416267075 250000.0
6.905451394850918 0.4549541526659467 0.07540236416267075 250000.0
6.905451394850918 0.4549541526659467 0.07540236416267075 250000.0
6.905451394850918 0.4549541526659467 0.07540236416267075 250000.0
6.905451394850918 0.4549541526659467 0.07540236416267075 250000.0
6.905451394850918 0.4549541526659467 0.07540236416267075 250000.0
6.905451394850918 0.4549541526659467 0.07540236416267075 250000.0
6.905451394850918 0.4549541526659467 0.07540236416267075 250000.0
6.905451394850918 0.4549541526659467 0.07540236416267075 250000.0
6.905451394850918 0.4549541526659467 0.07540236416267075 250000.0
6.905451394850918 0.4549541526659467 0.07540236416267075 250000.0
6.905451394850918 0.4549541526659467 0.07540236416267075 250000.0
6.905451394850918 0.4549541526659467 0.07540236416267075 250000.0
6.905451394850918 0.4549541526659467 0.07540236416267075 250000.0
6.905451394850918 0.4549541526659467 0.07540236416267075 250000.0
6.905451394850918 0.4549541526659467 0.07540236416267075 250000.0
6.905451394850918 0.4549541526659467 0.07540236416267075 250000.0
6.905451394850918 0.4549541526659467 0.07540236416267075 250000.0
6.905451394850918 0.4549541526659467 0.07540236416267075 250000.0
6.905451394850918 0.4549541526659467 0.07540236416267075 250000.0
6.905451394850918 0.4549541526659467 0.07540236416267075 250000.0
6.905451394850918 0.4549541526659467 0.07540236416267075 250000.0
6.905451394850918 0.4549541526659467 0.07540236416267075 250000.0
6.905451394850918 0.4549541526659467 0.07540236416267075 250000.0
6.905451394850918 0.4549541526659467 0.07540236416267075 250000.0
6.905451394850918 0.4549541526659467 0.07540236416267075 250000.0
6.905451394850918 0.4549541526659467 0.07540236416267075 250000.0
6.905451394850918 0.4549541526659467 0.07540236416267075 250000.0
6.905451394850918 0.4549541526659467 0.07540236416267075 250000.0
6.905451394850918 0.4549541526659467 0.07540236416267075 250000.0
6.905451394850918 0.4549541526659467 0.07540236416267075 250000.0
6.905451394850918 0.4549541526659467 0.07540236416267075 250000.0
6.905451394850918 0.4549541526659467 0.07540236416267075 250000.0
6.905451394850918 0.4549541526659467 0.07540236416267075 250000.0
6.905451394850918 0.4549541526659467 0.07540236416267075 250000.0
6.905451394850918 0.4549541526659467 0.07540236416267075 250000.0
6.905451394850918 0.4549541526659467 0.07540236416267075 250000.0
6.905451394850918 0.4549541526659467 0.07540236416267075 250000.0
6.905451394850918 0.4549541526659467 0.07540236416267075 250000.0
6.905451394850918 0.4549541526659467 0.07540236416267075 250000.0
6.905451394850918 0.4549541526659467 0.07540236416267075 250000.0
6.905451394850918 0.4549541526659467 0.07540236416267075 250000.0
6.905451394850918 0.4549541526659467 0.07540236416267075 250000.0
6.905451394850918 0.4549541526659467 0.07540236416267075 250000.0
6.905451394850918 0.4549541526659467 0.07540236416267075 250000.0
6.905451394850918 0.4549541526659467 0.07540236416267075 250000.0
6.954407855316401 0.4620371391564581 0.06811564466299946 0.0 0,0,0 coil/filament1/filament2
6.962707422649512 0.4422127573354755 0.18553986820111523 250000.0
6.913075804280631 0.4368289846613616 0.18276183834541854 250000.0
6.913075804280631 0.4368289846613616 0.18276183834541854 250000.0
6.913075804280631 0.4368289846613616 0.18276183834541854 250000.0
6.913075804280631 0.4368289846613616 0.18276183834541854 250000.0
6.913075804280631 0.4368289846613616 0.18276183834541854 250000.0
6.913075804280631 0.4368289846613616 0.18276183834541854 250000.0
6.913075804280631 0.4368289846613616 0.18276183834541854 250000.0
6.913075804280631 0.4368289846613616 0.18276183834541854 250000.0
6.913075804280631 0.4368289846613616 0.18276183834541854 250000.0
6.913075804280631 0.4368289846613616 0.18276183834541854 250000.0
6.913075804280631 0.4368289846613616 0.18276183834541854 250000.0
6.913075804280631 0.4368289846613616 0.18276183834541854 250000.0
6.913075804280631 0.4368289846613616 0.18276183834541854 250000.0
6.913075804280631 0.4368289846613616 0.18276183834541854 250000.0
6.913075804280631 0.4368289846613616 0.18276183834541854 250000.0
6.913075804280631 0.4368289846613616 0.18276183834541854 250000.0
6.913075804280631 0.4368289846613616 0.18276183834541854 250000.0
6.913075804280631 0.4368289846613616 0.18276183834541854 250000.0
6.913075804280631 0.4368289846613616 0.18276183834541854 250000.0
6.913075804280631 0.4368289846613616 0.18276183834541854 250000.0
6.913075804280631 0.4368289846613616 0.18276183834541854 250000.0
6.913075804280631 0.4368289846613616 0.18276183834541854 250000.0
6.913075804280631 0.4368289846613616 0.18276183834541854 250000.0
6.913075804280631 0.4368289846613616 0.18276183834541854 250000.0
6.913075804280631 0.4368289846613616 0.18276183834541854 250000.0
6.913075804280631 0.4368289846613616 0.18276183834541854 250000.0
6.913075804280631 0.4368289846613616 0.18276183834541854 250000.0
6.913075804280631 0.4368289846613616 0.18276183834541854 250000.0
6.913075804280631 0.4368289846613616 0.18276183834541854 250000.0
6.913075804280631 0.4368289846613616 0.18276183834541854 250000.0
6.913075804280631 0.4368289846613616 0.18276183834541854 250000.0
6.913075804280631 0.4368289846613616 0.18276183834541854 250000.0
6.913075804280631 0.4368289846613616 0.18276183834541854 250000.0
6.913075804280631 0.4368289846613616 0.18276183834541854 250000.0
6.913075804280631 0.4368289846613616 0.18276183834541854 250000.0
6.913075804280631 0.4368289846613616 0.18276183834541854 250000.0
6.913075804280631 0.4368289846613616 0.18276183834541854 250000.0
6.913075804280631 0.4368289846613616 0.18276183834541854 250000.0
6.913075804280631 0.4368289846613616 0.18276183834541854 250000.0
6.913075804280631 0.4368289846613616 0.18276183834541854 250000.0
6.913075804280631 0.4368289846613616 0.18276183834541854 250000.0
6.913075804280631 0.4368289846613616 0.18276183834541854 250000.0
6.913075804280631 0.4368289846613616 0.18276183834541854 250000.0
6.913075804280631 0.4368289846613616 0.18276183834541854 250000.0
6.913075804280631 0.4368289846613616 0.18276183834541854 250000.0
6.913075804280631 0.4368289846613616 0.18276183834541854 250000.0
6.913075804280631 0.4368289846613616 0.18276183834541854 250000.0
6.913075804280631 0.4368289846613616 0.18276183834541854 250000.0
6.913075804280631 0.4368289846613616 0.18276183834541854 250000.0
6.913075804280631 0.4368289846613616 0.18276183834541854 250000.0
6.913075804280631 0.4368289846613616 0.18276183834541854 250000.0
6.913075804280631 0.4368289846613616 0.18276183834541854 250000.0
6.913075804280631 0.4368289846613616 0.18276183834541854 250000.0
6.913075804280631 0.4368289846613616 0.18276183834541854 250000.0
6.913075804280631 0.4368289846613616 0.18276183834541854 250000.0
6.913075804280631 0.4368289846613616 0.18276183834541854 250000.0
6.913075804280631 0.4368289846613616 0.18276183834541854 250000.0
6.913075804280631 0.4368289846613616 0.18276183834541854 250000.0
6.913075804280631 0.4368289846613616 0.18276183834541854 250000.0
6.913075804280631 0.4368289846613616 0.18276183834541854 250000.0
6.913075804280631 0.4368289846613616 0.18276183834541854 250000.0
6.913075804280631 0.4368289846613616 0.18276183834541854 250000.0
6.913075804280631 0.4368289846613616 0.18276183834541854 250000.0
6.962707422649512 0.4422127573354755 0.18553986820111523 0.0 0,0,1 coil/filament1/filament2
6.960229661468184 0.41310189623391164 0.05966291887527771 250000.0
6.911273201002702 0.4060189097434002 0.066949638374949 250000.0
6.911273201002702 0.4060189097434002 0.066949638374949 250000.0
6.911273201002702 0.4060189097434002 0.066949638374949 250000.0
6.911273201002702 0.4060189097434002 0.066949638374949 250000.0
6.911273201002702 0.4060189097434002 0.066949638374949 250000.0
6.911273201002702 0.4060189097434002 0.066949638374949 250000.0
6.911273201002702 0.4060189097434002 0.066949638374949 250000.0
6.911273201002702 0.4060189097434002 0.066949638374949 250000.0
6.911273201002702 0.4060189097434002 0.066949638374949 250000.0
6.911273201002702 0.4060189097434002 0.066949638374949 250000.0
6.911273201002702 0.4060189097434002 0.066949638374949 250000.0
6.911273201002702 0.4060189097434002 0.066949638374949 250000.0
6.911273201002702 0.4060189097434002 0.066949638374949 250000.0
6.911273201002702 0.4060189097434002 0.066949638374949 250000.0
6.911273201002702 0.4060189097434002 0.066949638374949 250000.0
6.911273201002702 0.4060189097434002 0.066949638374949 250000.0
6.911273201002702 0.4060189097434002 0.066949638374949 250000.0
6.911273201002702 0.4060189097434002 0.066949638374949 250000.0
6.911273201002702 0.4060189097434002 0.066949638374949 250000.0
6.911273201002702 0.4060189097434002 0.066949638374949 250000.0
6.911273201002702 0.4060189097434002 0.066949638374949 250000.0
6.911273201002702 0.4060189097434002 0.066949638374949 250000.0
6.911273201002702 0.4060189097434002 0.066949638374949 250000.0
6.911273201002702 0.4060189097434002 0.066949638374949 250000.0
6.911273201002702 0.4060189097434002 0.066949638374949 250000.0
6.911273201002702 0.4060189097434002 0.066949638374949 250000.0
6.911273201002702 0.4060189097434002 0.066949638374949 250000.0
6.911273201002702 0.4060189097434002 0.066949638374949 250000.0
6.911273201002702 0.4060189097434002 0.066949638374949 250000.0
6.911273201002702 0.4060189097434002 0.066949638374949 250000.0
6.911273201002702 0.4060189097434002 0.066949638374949 250000.0
6.911273201002702 0.4060189097434002 0.066949638374949 250000.0
6.911273201002702 0.4060189097434002 0.066949638374949 250000.0
6.911273201002702 0.4060189097434002 0.066949638374949 250000.0
6.911273201002702 0.4060189097434002 0.066949638374949 250000.0
6.911273201002702 0.4060189097434002 0.066949638374949 250000.0
6.911273201002702 0.4060189097434002 0.066949638374949 250000.0
6.911273201002702 0.4060189097434002 0.066949638374949 250000.0
6.911273201002702 0.4060189097434002 0.066949638374949 250000.0
6.911273201002702 0.4060189097434002 0.066949638374949 250000.0
6.911273201002702 0.4060189097434002 0.066949638374949 250000.0
6.911273201002702 0.4060189097434002 0.066949638374949 250000.0
6.911273201002702 0.4060189097434002 0.066949638374949 250000.0
6.911273201002702 0.4060189097434002 0.066949638374949 250000.0
6.911273201002702 0.4060189097434002 0.066949638374949 250000.0
6.911273201002702 0.4060189097434002 0.066949638374949 250000.0
6.911273201002702 0.4060189097434002 0.066949638374949 250000.0
6.911273201002702 0.4060189097434002 0.066949638374949 250000.0
6.911273201002702 0.4060189097434002 0.066949638374949 250000.0
6.911273201002702 0.4060189097434002 0.066949638374949 250000.0
6.911273201002702 0.4060189097434002 0.066949638374949 250000.0
6.911273201002702 0.4060189097434002 0.066949638374949 250000.0
6.911273201002702 0.4060189097434002 0.066949638374949 250000.0
6.911273201002702 0.4060189097434002 0.066949638374949 250000.0
6.911273201002702 0.4060189097434002 0.066949638374949 250000.0
6.911273201002702 0.4060189097434002 0.066949638374949 250000.0
6.911273201002702 0.4060189097434002 0.066949638374949 250000.0
6.911273201002702 0.4060189097434002 0.066949638374949 250000.0
6.911273201002702 0.4060189097434002 0.066949638374949 250000.0
6.911273201002702 0.4060189097434002 0.066949638374949 250000.0
6.911273201002702 0.4060189097434002 0.066949638374949 250000.0
6.911273201002702 0.4060189097434002 0.066949638374949 250000.0
6.911273201002702 0.4060189097434002 0.066949638374949 250000.0
6.960229661468184 0.41310189623391164 0.05966291887527771 0.0 0,1,0 coil/filament1/filament2
6.968495194725671 0.39330160888520066 0.17692585336077438 250000.0
6.91886357635679 0.3879178362110868 0.17414782350507768 250000.0
6.91886357635679 0.3879178362110868 0.17414782350507768 250000.0
6.91886357635679 0.3879178362110868 0.17414782350507768 250000.0
6.91886357635679 0.3879178362110868 0.17414782350507768 250000.0
6.91886357635679 0.3879178362110868 0.17414782350507768 250000.0
6.91886357635679 0.3879178362110868 0.17414782350507768 250000.0
6.91886357635679 0.3879178362110868 0.17414782350507768 250000.0
6.91886357635679 0.3879178362110868 0.17414782350507768 250000.0
6.91886357635679 0.3879178362110868 0.17414782350507768 250000.0
6.91886357635679 0.3879178362110868 0.17414782350507768 250000.0
6.91886357635679 0.3879178362110868 0.17414782350507768 250000.0
6.91886357635679 0.3879178362110868 0.17414782350507768 250000.0
6.91886357635679 0.3879178362110868 0.17414782350507768 250000.0
6.91886357635679 0.3879178362110868 0.17414782350507768 250000.0
6.91886357635679 0.3879178362110868 0.17414782350507768 250000.0
6.91886357635679 0.3879178362110868 0.17414782350507768 250000.0
6.91886357635679 0.3879178362110868 0.17414782350507768 250000.0
6.91886357635679 0.3879178362110868 0.17414782350507768 250000.0
6.91886357635679 0.3879178362110868 0.17414782350507768 250000.0
6.91886357635679 0.3879178362110868 0.17414782350507768 250000.0
6.91886357635679 0.3879178362110868 0.17414782350507768 250000.0
6.91886357635679 0.3879178362110868 0.17414782350507768 250000.0
6.91886357635679 0.3879178362110868 0.17414782350507768 250000.0
6.91886357635679 0.3879178362110868 0.17414782350507768 250000.0
6.91886357635679 0.3879178362110868 0.17414782350507768 250000.0
6.91886357635679 0.3879178362110868 0.17414782350507768 250000.0
6.91886357635679 0.3879178362110868 0.17414782350507768 250000.0
6.91886357635679 0.3879178362110868 0.17414782350507768 250000.0
6.91886357635679 0.3879178362110868 0.17414782350507768 250000.0
6.91886357635679 0.3879178362110868 0.17414782350507768 250000.0
6.91886357635679 0.3879178362110868 0.17414782350507768 250000.0
6.91886357635679 0.3879178362110868 0.17414782350507768 250000.0
6.91886357635679 0.3879178362110868 0.17414782350507768 250000.0
6.91886357635679 0.3879178362110868 0.17414782350507768 250000.0
6.91886357635679 0.3879178362110868 0.17414782350507768 250000.0
6.91886357635679 0.3879178362110868 0.17414782350507768 250000.0
6.91886357635679 0.3879178362110868 0.17414782350507768 250000.0
6.91886357635679 0.3879178362110868 0.17414782350507768 250000.0
6.91886357635679 0.3879178362110868 0.17414782350507768 250000.0
6.91886357635679 0.3879178362110868 0.17414782350507768 250000.0
6.91886357635679 0.3879178362110868 0.17414782350507768 250000.0
6.91886357635679 0.3879178362110868 0.17414782350507768 250000.0
6.91886357635679 0.3879178362110868 0.17414782350507768 250000.0
6.91886357635679 0.3879178362110868 0.17414782350507768 250000.0
6.91886357635679 0.3879178362110868 0.17414782350507768 250000.0
6.91886357635679 0.3879178362110868 0.17414782350507768 250000.0
6.91886357635679 0.3879178362110868 0.17414782350507768 250000.0
6.91886357635679 0.3879178362110868 0.17414782350507768 250000.0
6.91886357635679 0.3879178362110868 0.17414782350507768 250000.0
6.91886357635679 0.3879178362110868 0.17414782350507768 250000.0
6.91886357635679 0.3879178362110868 0.17414782350507768 250000.0
6.91886357635679 0.3879178362110868 0.17414782350507768 250000.0
6.91886357635679 0.3879178362110868 0.17414782350507768 250000.0
6.91886357635679 0.3879178362110868 0.17414782350507768 250000.0
6.91886357635679 0.3879178362110868 0.17414782350507768 250000.0
6.91886357635679 0.3879178362110868 0.17414782350507768 250000.0
6.91886357635679 0.3879178362110868 0.17414782350507768 250000.0
6.91886357635679 0.3879178362110868 0.17414782350507768 250000.0
6.91886357635679 0.3879178362110868 0.17414782350507768 250000.0
6.91886357635679 0.3879178362110868 0.17414782350507768 250000.0
6.91886357635679 0.3879178362110868 0.17414782350507768 250000.0
6.91886357635679 0.3879178362110868 0.17414782350507768 250000.0
6.91886357635679 0.3879178362110868 0.17414782350507768 250000.0
6.968495194725671 0.39330160888520066 0.17692585336077438 0.0 0,1,1 coil/filament1/filament2
6.620308281970846 1.3908047413845663 0.16089566135327685 250000.0
6.574194406011878 1.373905764067591 0.15151829446905893 250000.0
6.574194406011878 1.373905764067591 0.15151829446905893 250000.0
6.574194406011878 1.373905764067591 0.15151829446905893 250000.0
6.574194406011878 1.373905764067591 0.15151829446905893 250000.0
6.574194406011878 1.373905764067591 0.15151829446905893 250000.0
6.574194406011878 1.373905764067591 0.15151829446905893 250000.0
6.574194406011878 1.373905764067591 0.15151829446905893 250000.0
6.574194406011878 1.373905764067591 0.15151829446905893 250000.0
6.574194406011878 1.373905764067591 0.15151829446905893 250000.0
6.574194406011878 1.373905764067591 0.15151829446905893 250000.0
6.574194406011878 1.373905764067591 0.15151829446905893 250000.0
6.574194406011878 1.373905764067591 0.15151829446905893 250000.0
6.574194406011878 1.373905764067591 0.15151829446905893 250000.0
6.574194406011878 1.373905764067591 0.15151829446905893 250000.0
6.574194406011878 1.373905764067591 0.15151829446905893 250000.0
6.574194406011878 1.373905764067591 0.15151829446905893 250000.0
6.574194406011878 1.373905764067591 0.15151829446905893 250000.0
6.574194406011878 1.373905764067591 0.15151829446905893 250000.0
6.574194406011878 1.373905764067591 0.15151829446905893 250000.0
6.574194406011878 1.373905764067591 0.15151829446905893 250000.0
6.574194406011878 1.373905764067591 0.15151829446905893 250000.0
6.574194406011878 1.373905764067591 0.15151829446905893 250000.0
6.574194406011878 1.373905764067591 0.15151829446905893 250000.0
6.574194406011878 1.373905764067591 0.15151829446905893 250000.0
6.574194406011878 1.373905764067591 0.15151829446905893 250000.0
6.574194406011878 1.373905764067591 0.15151829446905893 250000.0
6.574194406011878 1.373905764067591 0.15151829446905893 250000.0
6.574194406011878 1.373905764067591 0.15151829446905893 250000.0
6.574194406011878 1.373905764067591 0.15151829446905893 250000.0
6.574194406011878 1.373905764067591 0.15151829446905893 250000.0
6.574194406011878 1.373905764067591 0.15151829446905893 250000.0
6.574194406011878 1.373905764067591 0.15151829446905893 250000.0
6.574194406011878 1.373905764067591 0.15151829446905893 250000.0
6.574194406011878 1.373905764067591 0.15151829446905893 250000.0
6.574194406011878 1.373905764067591 0.15151829446905893 250000.0
6.574194406011878 1.373905764067591 0.15151829446905893 250000.0
6.574194406011878 1.373905764067591 0.15151829446905893 250000.0
6.574194406011878 1.373905764067591 0.15151829446905893 250000.0
6.574194406011878 1.373905764067591 0.15151829446905893 250000.0
6.574194406011878 1.373905764067591 0.15151829446905893 250000.0
6.574194406011878 1.373905764067591 0.15151829446905893 250000.0
6.574194406011878 1.373905764067591 0.15151829446905893 250000.0
6.574194406011878 1.373905764067591 0.15151829446905893 250000.0
6.574194406011878 1.373905764067591 0.15151829446905893 250000.0
6.574194406011878 1.373905764067591 0.15151829446905893 250000.0
6.574194406011878 1.373905764067591 0.15151829446905893 250000.0
6.574194406011878 1.373905764067591 0.15151829446905893 250000.0
6.574194406011878 1.373905764067591 0.15151829446905893 250000.0
6.574194406011878 1.373905764067591 0.15151829446905893 250000.0
6.574194406011878 1.373905764067591 0.15151829446905893 250000.0
6.574194406011878 1.373905764067591 0.15151829446905893 250000.0
6.574194406011878 1.373905764067591 0.15151829446905893 250000.0
6.574194406011878 1.373905764067591 0.15151829446905893 250000.0
6.574194406011878 1.373905764067591 0.15151829446905893 250000.0
6.574194406011878 1.373905764067591 0.15151829446905893 250000.0
6.574194406011878 1.373905764067591 0.15151829446905893 250000.0
6.574194406011878 1.373905764067591 0.15151829446905893 250000.0
6.574194406011878 1.373905764067591 0.15151829446905893 250000.0
6.574194406011878 1.373905764067591 0.15151829446905893 250000.0
6.574194406011878 1.373905764067591 0.15151829446905893 250000.0
6.574194406011878 1.373905764067591 0.15151829446905893 250000.0
6.574194406011878 1.373905764067591 0.15151829446905893 250000.0
6.574194406011878 1.373905764067591 0.15151829446905893 250000.0
6.620308281970846 1.3908047413845663 0.16089566135327685 0.0 1,0,0 coil/filament1/filament2
6.614141441684037 1.3596939542252566 0.2751988675304884 250000.0
6.567891914098119 1.3415239640972885 0.26964615136368925 250000.0
6.567891914098119 1.3415239640972885 0.26964615136368925 250000.0
6.567891914098119 1.3415239640972885 0.26964615136368925 250000.0
6.567891914098119 1.3415239640972885 0.26964615136368925 250000.0
6.567891914098119 1.3415239640972885 0.26964615136368925 250000.0
6.567891914098119 1.3415239640972885 0.26964615136368925 250000.0
6.567891914098119 1.3415239640972885 0.26964615136368925 250000.0
6.567891914098119 1.3415239640972885 0.26964615136368925 250000.0
6.567891914098119 1.3415239640972885 0.26964615136368925 250000.0
6.567891914098119 1.3415239640972885 0.26964615136368925 250000.0
6.567891914098119 1.3415239640972885 0.26964615136368925 250000.0
6.567891914098119 1.3415239640972885 0.26964615136368925 250000.0
6.567891914098119 1.3415239640972885 0.26964615136368925 250000.0
6.567891914098119 1.3415239640972885 0.26964615136368925 250000.0
6.567891914098119 1.3415239640972885 0.26964615136368925 250000.0
6.567891914098119 1.3415239640972885 0.26964615136368925 250000.0
6.567891914098119 1.3415239640972885 0.26964615136368925 250000.0
6.567891914098119 1.3415239640972885 0.26964615136368925 250000.0
6.567891914098119 1.3415239640972885 0.26964615136368925 250000.0
6.567891914098119 1.3415239640972885 0.26964615136368925 250000.0
6.567891914098119 1.3415239640972885 0.26964615136368925 250000.0
6.567891914098119 1.3415239640972885 0.26964615136368925 250000.0
6.567891914098119 1.3415239640972885 0.26964615136368925 250000.0
6.567891914098119 1.3415239640972885 0.26964615136368925 250000.0
6.567891914098119 1.3415239640972885 0.26964615136368925 250000.0
6.567891914098119 1.3415239640972885 0.26964615136368925 250000.0
6.567891914098119 1.3415239640972885 0.26964615136368925 250000.0
6.567891914098119 1.3415239640972885 0.26964615136368925 250000.0
6.567891914098119 1.3415239640972885 0.26964615136368925 250000.0
6.567891914098119 1.3415239640972885 0.26964615136368925 250000.0
6.567891914098119 1.3415239640972885 0.26964615136368925 250000.0
6.567891914098119 1.3415239640972885 0.26964615136368925 250000.0
6.567891914098119 1.3415239640972885 0.26964615136368925 250000.0
6.567891914098119 1.3415239640972885 0.26964615136368925 250000.0
6.567891914098119 1.3415239640972885 0.26964615136368925 250000.0
6.567891914098119 1.3415239640972885 0.26964615136368925 250000.0
6.567891914098119 1.3415239640972885 0.26964615136368925 250000.0
6.567891914098119 1.3415239640972885 0.26964615136368925 250000.0
6.567891914098119 1.3415239640972885 0.26964615136368925 250000.0
6.567891914098119 1.3415239640972885 0.26964615136368925 250000.0
6.567891914098119 1.3415239640972885 0.26964615136368925 250000.0
6.567891914098119 1.3415239640972885 0.26964615136368925 250000.0
6.567891914098119 1.3415239640972885 0.26964615136368925 250000.0
6.567891914098119 1.3415239640972885 0.26964615136368925 250000.0
6.567891914098119 1.3415239640972885 0.26964615136368925 250000.0
6.567891914098119 1.3415239640972885 0.26964615136368925 250000.0
6.567891914098119 1.3415239640972885 0.26964615136368925 250000.0
6.567891914098119 1.3415239640972885 0.26964615136368925 250000.0
6.567891914098119 1.3415239640972885 0.26964615136368925 250000.0
6.567891914098119 1.3415239640972885 0.26964615136368925 250000.0
6.567891914098119 1.3415239640972885 0.26964615136368925 250000.0
6.567891914098119 1.3415239640972885 0.26964615136368925 250000.0
6.567891914098119 1.3415239640972885 0.26964615136368925 250000.0
6.567891914098119 1.3415239640972885 0.26964615136368925 250000.0
6.567891914098119 1.3415239640972885 0.26964615136368925 250000.0
6.567891914098119 1.3415239640972885 0.26964615136368925 250000.0
6.567891914098119 1.3415239640972885 0.26964615136368925 250000.0
6.567891914098119 1.3415239640972885 0.26964615136368925 250000.0
6.567891914098119 1.3415239640972885 0.26964615136368925 250000.0
6.567891914098119 1.3415239640972885 0.26964615136368925 250000.0
6.567891914098119 1.3415239640972885 0.26964615136368925 250000.0
6.567891914098119 1.3415239640972885 0.26964615136368925 250000.0
6.567891914098119 1.3415239640972885 0.26964615136368925 250000.0
6.614141441684037 1.3596939542252566 0.2751988675304884 0.0 1,0,1 coil/filament1/filament2
6.639149319617537 1.3460925365468703 0.14881948484960142 250000.0
6.593035443658568 1.329193559229895 0.1394421179653835 250000.0
6.593035443658568 1.329193559229895 0.1394421179653835 250000.0
6.593035443658568 1.329193559229895 0.1394421179653835 250000.0
6.593035443658568 1.329193559229895 0.1394421179653835 250000.0
6.593035443658568 1.329193559229895 0.1394421179653835 250000.0
6.593035443658568 1.329193559229895 0.1394421179653835 250000.0
6.593035443658568 1.329193559229895 0.1394421179653835 250000.0
6.593035443658568 1.329193559229895 0.1394421179653835 250000.0
6.593035443658568 1.329193559229895 0.1394421179653835 250000.0
6.593035443658568 1.329193559229895 0.1394421179653835 250000.0
6.593035443658568 1.329193559229895 0.1394421179653835 250000.0
6.593035443658568 1.329193559229895 0.1394421179653835 250000.0
6.593035443658568 1.329193559229895 0.1394421179653835 250000.0
6.593035443658568 1.329193559229895 0.1394421179653835 250000.0
6.593035443658568 1.329193559229895 0.1394421179653835 250000.0
6.593035443658568 1.329193559229895 0.1394421179653835 250000.0
6.593035443658568 1.329193559229895 0.1394421179653835 250000.0
6.593035443658568 1.329193559229895 0.1394421179653835 250000.0
6.593035443658568 1.329193559229895 0.1394421179653835 250000.0
6.593035443658568 1.329193559229895 0.1394421179653835 250000.0
6.593035443658568 1.329193559229895 0.1394421179653835 250000.0
6.593035443658568 1.329193559229895 0.1394421179653835 250000.0
6.593035443658568 1.329193559229895 0.1394421179653835 250000.0
6.593035443658568 1.329193559229895 0.1394421179653835 250000.0
6.593035443658568 1.329193559229895 0.1394421179653835 250000.0
6.593035443658568 1.329193559229895 0.1394421179653835 250000.0
6.593035443658568 1.329193559229895 0.1394421179653835 250000.0
6.593035443658568 1.329193559229895 0.1394421179653835 250000.0
6.593035443658568 1.329193559229895 0.1394421179653835 250000.0
6.593035443658568 1.329193559229895 0.1394421179653835 250000.0
6.593035443658568 1.329193559229895 0.1394421179653835 250000.0
6.593035443658568 1.329193559229895 0.1394421179653835 250000.0
6.593035443658568 1.329193559229895 0.1394421179653835 250000.0
6.593035443658568 1.329193559229895 0.1394421179653835 250000.0
6.593035443658568 1.329193559229895 0.1394421179653835 250000.0
6.593035443658568 1.329193559229895 0.1394421179653835 250000.0
6.593035443658568 1.329193559229895 0.1394421179653835 250000.0
6.593035443658568 1.329193559229895 0.1394421179653835 250000.0
6.593035443658568 1.329193559229895 0.1394421179653835 250000.0
6.593035443658568 1.329193559229895 0.1394421179653835 250000.0
6.593035443658568 1.329193559229895 0.1394421179653835 250000.0
6.593035443658568 1.329193559229895 0.1394421179653835 250000.0
6.593035443658568 1.329193559229895 0.1394421179653835 250000.0
6.593035443658568 1.329193559229895 0.1394421179653835 250000.0
6.593035443658568 1.329193559229895 0.1394421179653835 250000.0
6.593035443658568 1.329193559229895 0.1394421179653835 250000.0
6.593035443658568 1.329193559229895 0.1394421179653835 250000.0
6.593035443658568 1.329193559229895 0.1394421179653835 250000.0
6.593035443658568 1.329193559229895 0.1394421179653835 250000.0
6.593035443658568 1.329193559229895 0.1394421179653835 250000.0
6.593035443658568 1.329193559229895 0.1394421179653835 250000.0
6.593035443658568 1.329193559229895 0.1394421179653835 250000.0
6.593035443658568 1.329193559229895 0.1394421179653835 250000.0
6.593035443658568 1.329193559229895 0.1394421179653835 250000.0
6.593035443658568 1.329193559229895 0.1394421179653835 250000.0
6.593035443658568 1.329193559229895 0.1394421179653835 250000.0
6.593035443658568 1.329193559229895 0.1394421179653835 250000.0
6.593035443658568 1.329193559229895 0.1394421179653835 250000.0
6.593035443658568 1.329193559229895 0.1394421179653835 250000.0
6.593035443658568 1.329193559229895 0.1394421179653835 250000.0
6.593035443658568 1.329193559229895 0.1394421179653835 250000.0
6.593035443658568 1.329193559229895 0.1394421179653835 250000.0
6.593035443658568 1.329193559229895 0.1394421179653835 250000.0
6.639149319617537 1.3460925365468703 0.14881948484960142 0.0 1,1,0 coil/filament1/filament2
6.633099525407202 1.3145957101791772 0.2648673891510049 250000.0
6.586849997821284 1.296425720051209 0.25931467298420574 250000.0
6.586849997821284 1.296425720051209 0.25931467298420574 250000.0
6.586849997821284 1.296425720051209 0.25931467298420574 250000.0
6.586849997821284 1.296425720051209 0.25931467298420574 250000.0
6.586849997821284 1.296425720051209 0.25931467298420574 250000.0
6.586849997821284 1.296425720051209 0.25931467298420574 250000.0
6.586849997821284 1.296425720051209 0.25931467298420574 250000.0
6.586849997821284 1.296425720051209 0.25931467298420574 250000.0
6.586849997821284 1.296425720051209 0.25931467298420574 250000.0
6.586849997821284 1.296425720051209 0.25931467298420574 250000.0
6.586849997821284 1.296425720051209 0.25931467298420574 250000.0
6.586849997821284 1.296425720051209 0.25931467298420574 250000.0
6.586849997821284 1.296425720051209 0.25931467298420574 250000.0
6.586849997821284 1.296425720051209 0.25931467298420574 250000.0
6.586849997821284 1.296425720051209 0.25931467298420574 250000.0
6.586849997821284 1.296425720051209 0.25931467298420574 250000.0
6.586849997821284 1.296425720051209 0.25931467298420574 250000.0
6.586849997821284 1.296425720051209 0.25931467298420574 250000.0
6.586849997821284 1.296425720051209 0.25931467298420574 250000.0
6.586849997821284 1.296425720051209 0.25931467298420574 250000.0
6.586849997821284 1.296425720051209 0.25931467298420574 250000.0
6.586849997821284 1.296425720051209 0.25931467298420574 250000.0
6.586849997821284 1.296425720051209 0.25931467298420574 250000.0
6.586849997821284 1.296425720051209 0.25931467298420574 250000.0
6.586849997821284 1.296425720051209 0.25931467298420574 250000.0
6.586849997821284 1.296425720051209 0.25931467298420574 250000.0
6.586849997821284 1.296425720051209 0.25931467298420574 250000.0
6.586849997821284 1.296425720051209 0.25931467298420574 250000.0
6.586849997821284 1.296425720051209 0.25931467298420574 250000.0
6.586849997821284 1.296425720051209 0.25931467298420574 250000.0
6.586849997821284 1.296425720051209 0.25931467298420574 250000.0
6.586849997821284 1.296425720051209 0.25931467298420574 250000.0
6.586849997821284 1.296425720051209 0.25931467298420574 250000.0
6.586849997821284 1.296425720051209 0.25931467298420574 250000.0
6.586849997821284 1.296425720051209 0.25931467298420574 250000.0
6.586849997821284 1.296425720051209 0.25931467298420574 250000.0
6.586849997821284 1.296425720051209 0.25931467298420574 250000.0
6.586849997821284 1.296425720051209 0.25931467298420574 250000.0
6.586849997821284 1.296425720051209 0.25931467298420574 250000.0
6.586849997821284 1.296425720051209 0.25931467298420574 250000.0
6.586849997821284 1.296425720051209 0.25931467298420574 250000.0
6.586849997821284 1.296425720051209 0.25931467298420574 250000.0
6.586849997821284 1.296425720051209 0.25931467298420574 250000.0
6.586849997821284 1.296425720051209 0.25931467298420574 250000.0
6.586849997821284 1.296425720051209 0.25931467298420574 250000.0
6.586849997821284 1.296425720051209 0.25931467298420574 250000.0
6.586849997821284 1.296425720051209 0.25931467298420574 250000.0
6.586849997821284 1.296425720051209 0.25931467298420574 250000.0
6.586849997821284 1.296425720051209 0.25931467298420574 250000.0
6.586849997821284 1.296425720051209 0.25931467298420574 250000.0
6.586849997821284 1.296425720051209 0.25931467298420574 250000.0
6.586849997821284 1.296425720051209 0.25931467298420574 250000.0
6.586849997821284 1.296425720051209 0.25931467298420574 250000.0
6.586849997821284 1.296425720051209 0.25931467298420574 250000.0
6.586849997821284 1.296425720051209 0.25931467298420574 250000.0
6.586849997821284 1.296425720051209 0.25931467298420574 250000.0
6.586849997821284 1.296425720051209 0.25931467298420574 250000.0
6.586849997821284 1.296425720051209 0.25931467298420574 250000.0
6.586849997821284 1.296425720051209 0.25931467298420574 250000.0
6.586849997821284 1.296425720051209 0.25931467298420574 250000.0
6.586849997821284 1.296425720051209 0.25931467298420574 250000.0
6.586849997821284 1.296425720051209 0.25931467298420574 250000.0
6.586849997821284 1.296425720051209 0.25931467298420574 250000.0
6.633099525407202 1.3145957101791772 0.2648673891510049 0.0 1,1,1 coil/filament1/filament2
6.356423128665589 2.3240647090402495 0.24779523414538326 250000.0
6.317083302172116 2.293579891291882 0.24299378245737804 250000.0
6.317083302172116 2.293579891291882 0.24299378245737804 250000.0
6.317083302172116 2.293579891291882 0.24299378245737804 250000.0
6.317083302172116 2.293579891291882 0.24299378245737804 250000.0
6.317083302172116 2.293579891291882 0.24299378245737804 250000.0
6.317083302172116 2.293579891291882 0.24299378245737804 250000.0
6.317083302172116 2.293579891291882 0.24299378245737804 250000.0
6.317083302172116 2.293579891291882 0.24299378245737804 250000.0
6.317083302172116 2.293579891291882 0.24299378245737804 250000.0
6.317083302172116 2.293579891291882 0.24299378245737804 250000.0
6.317083302172116 2.293579891291882 0.24299378245737804 250000.0
6.317083302172116 2.293579891291882 0.24299378245737804 250000.0
6.317083302172116 2.293579891291882 0.24299378245737804 250000.0
6.317083302172116 2.293579891291882 0.24299378245737804 250000.0
6.317083302172116 2.293579891291882 0.24299378245737804 250000.0
6.317083302172116 2.293579891291882 0.24299378245737804 250000.0
6.317083302172116 2.293579891291882 0.24299378245737804 250000.0
6.317083302172116 2.293579891291882 0.24299378245737804 250000.0
6.317083302172116 2.293579891291882 0.24299378245737804 250000.0
6.317083302172116 2.293579891291882 0.24299378245737804 250000.0
6.317083302172116 2.293579891291882 0.24299378245737804 250000.0
6.317083302172116 2.293579891291882 0.24299378245737804 250000.0
6.317083302172116 2.293579891291882 0.24299378245737804 250000.0
6.317083302172116 2.293579891291882 0.24299378245737804 250000.0
6.317083302172116 2.293579891291882 0.24299378245737804 250000.0
6.317083302172116 2.293579891291882 0.24299378245737804 250000.0
6.317083302172116 2.293579891291882 0.24299378245737804 250000.0
6.317083302172116 2.293579891291882 0.24299378245737804 250000.0
6.317083302172116 2.293579891291882 0.24299378245737804 250000.0
6.317083302172116 2.293579891291882 0.24299378245737804 250000.0
6.317083302172116 2.293579891291882 0.24299378245737804 250000.0
6.317083302172116 2.293579891291882 0.24299378245737804 250000.0
6.317083302172116 2.293579891291882 0.24299378245737804 250000.0
6.317083302172116 2.293579891291882 0.24299378245737804 250000.0
6.317083302172116 2.293579891291882 0.24299378245737804 250000.0
6.317083302172116 2.293579891291882 0.24299378245737804 250000.0
6.317083302172116 2.293579891291882 0.24299378245737804 250000.0
6.317083302172116 2.293579891291882 0.24299378245737804 250000.0
6.317083302172116 2.293579891291882 0.24299378245737804 250000.0
6.317083302172116 2.293579891291882 0.24299378245737804 250000.0
6.317083302172116 2.293579891291882 0.24299378245737804 250000.0
6.317083302172116 2.293579891291882 0.24299378245737804 250000.0
6.317083302172116 2.293579891291882 0.24299378245737804 250000.0
6.317083302172116 2.293579891291882 0.24299378245737804 250000.0
6.317083302172116 2.293579891291882 0.24299378245737804 250000.0
6.317083302172116 2.293579891291882 0.24299378245737804 250000.0
6.317083302172116 2.293579891291882 0.24299378245737804 250000.0
6.317083302172116 2.293579891291882 0.24299378245737804 250000.0
6.317083302172116 2.293579891291882 0.24299378245737804 250000.0
6.317083302172116 2.293579891291882 0.24299378245737804 250000.0
6.317083302172116 2.293579891291882 0.24299378245737804 250000.0
6.317083302172116 2.293579891291882 0.24299378245737804 250000.0
6.317083302172116 2.293579891291882 0.24299378245737804 250000.0
6.317083302172116 2.293579891291882 0.24299378245737804 250000.0
6.317083302172116 2.293579891291882 0.24299378245737804 250000.0
6.317083302172116 2.293579891291882 0.24299378245737804 250000.0
6.317083302172116 2.293579891291882 0.24299378245737804 250000.0
6.317083302172116 2.293579891291882 0.24299378245737804 250000.0
6.317083302172116 2.293579891291882 0.24299378245737804 250000.0
6.317083302172116 2.293579891291882 0.24299378245737804 250000.0
6.317083302172116 2.293579891291882 0.24299378245737804 250000.0
6.317083302172116 2.293579891291882 0.24299378245737804 250000.0
6.317083302172116 2.293579891291882 0.24299378245737804 250000.0
6.356423128665589 2.3240647090402495 0.24779523414538326 0.0 2,0,0 coil/filament1/filament2
6.315004114657967 2.341026121196978 0.36842417864381927 250000.0
6.277935414546442 2.3103743375456665 0.35477208609230765 250000.0
6.277935414546442 2.3103743375456665 0.35477208609230765 250000.0
6.277935414546442 2.3103743375456665 0.35477208609230765 250000.0
6.277935414546442 2.3103743375456665 0.35477208609230765 250000.0
6.277935414546442 2.3103743375456665 0.35477208609230765 250000.0
6.277935414546442 2.3103743375456665 0.35477208609230765 250000.0
6.277935414546442 2.3103743375456665 0.35477208609230765 250000.0
6.277935414546442 2.3103743375456665 0.35477208609230765 250000.0
6.277935414546442 2.3103743375456665 0.35477208609230765 250000.0
6.277935414546442 2.3103743375456665 0.35477208609230765 250000.0
6.277935414546442 2.3103743375456665 0.35477208609230765 250000.0
6.277935414546442 2.3103743375456665 0.35477208609230765 250000.0
6.277935414546442 2.3103743375456665 0.35477208609230765 250000.0
6.277935414546442 2.3103743375456665 0.35477208609230765 250000.0
6.277935414546442 2.3103743375456665 0.35477208609230765 250000.0
6.277935414546442 2.3103743375456665 0.35477208609230765 250000.0
6.277935414546442 2.3103743375456665 0.35477208609230765 250000.0
6.277935414546442 2.3103743375456665 0.35477208609230765 250000.0
6.277935414546442 2.3103743375456665 0.35477208609230765 250000.0
6.277935414546442 2.3103743375456665 0.35477208609230765 250000.0
6.277935414546442 2.3103743375456665 0.35477208609230765 250000.0
6.277935414546442 2.3103743375456665 0.35477208609230765 250000.0
6.277935414546442 2.3103743375456665 0.35477208609230765 250000.0
6.277935414546442 2.3103743375456665 0.35477208609230765 250000.0
6.277935414546442 2.3103743375456665 0.35477208609230765 250000.0
6.277935414546442 2.3103743375456665 0.35477208609230765 250000.0
6.277935414546442 2.3103743375456665 0.35477208609230765 250000.0
6.277935414546442 2.3103743375456665 0.35477208609230765 250000.0
6.277935414546442 2.3103743375456665 0.35477208609230765 250000.0
6.277935414546442 2.3103743375456665 0.35477208609230765 250000.0
6.277935414546442 2.3103743375456665 0.35477208609230765 250000.0
6.277935414546442 2.3103743375456665 0.35477208609230765 250000.0
6.277935414546442 2.3103743375456665 0.35477208609230765 250000.0
6.277935414546442 2.3103743375456665 0.35477208609230765 250000.0
6.277935414546442 2.3103743375456665 0.35477208609230765 250000.0
6.277935414546442 2.3103743375456665 0.35477208609230765 250000.0
6.277935414546442 2.3103743375456665 0.35477208609230765 250000.0
6.277935414546442 2.3103743375456665 0.35477208609230765 250000.0
6.277935414546442 2.3103743375456665 0.35477208609230765 250000.0
6.277935414546442 2.3103743375456665 0.35477208609230765 250000.0
6.277935414546442 2.3103743375456665 0.35477208609230765 250000.0
6.277935414546442 2.3103743375456665 0.35477208609230765 250000.0
6.277935414546442 2.3103743375456665 0.35477208609230765 250000.0
6.277935414546442 2.3103743375456665 0.35477208609230765 250000.0
6.277935414546442 2.3103743375456665 0.35477208609230765 250000.0
6.277935414546442 2.3103743375456665 0.35477208609230765 250000.0
6.277935414546442 2.3103743375456665 0.35477208609230765 250000.0
6.277935414546442 2.3103743375456665 0.35477208609230765 250000.0
6.277935414546442 2.3103743375456665 0.35477208609230765 250000.0
6.277935414546442 2.3103743375456665 0.35477208609230765 250000.0
6.277935414546442 2.3103743375456665 0.35477208609230765 250000.0
6.277935414546442 2.3103743375456665 0.35477208609230765 250000.0
6.277935414546442 2.3103743375456665 0.35477208609230765 250000.0
6.277935414546442 2.3103743375456665 0.35477208609230765 250000.0
6.277935414546442 2.3103743375456665 0.35477208609230765 250000.0
6.277935414546442 2.3103743375456665 0.35477208609230765 250000.0
6.277935414546442 2.3103743375456665 0.35477208609230765 250000.0
6.277935414546442 2.3103743375456665 0.35477208609230765 250000.0
6.277935414546442 2.3103743375456665 0.35477208609230765 250000.0
6.277935414546442 2.3103743375456665 0.35477208609230765 250000.0
6.277935414546442 2.3103743375456665 0.35477208609230765 250000.0
6.277935414546442 2.3103743375456665 0.35477208609230765 250000.0
6.277935414546442 2.3103743375456665 0.35477208609230765 250000.0
6.315004114657967 2.341026121196978 0.36842417864381927 0.0 2,0,1 coil/filament1/filament2
6.383412507500732 2.2863064138806437 0.2663932065276952 250000.0
6.344072681007259 2.255821596132276 0.26159175483969 250000.0
6.344072681007259 2.255821596132276 0.26159175483969 250000.0
6.344072681007259 2.255821596132276 0.26159175483969 250000.0
6.344072681007259 2.255821596132276 0.26159175483969 250000.0
6.344072681007259 2.255821596132276 0.26159175483969 250000.0
6.344072681007259 2.255821596132276 0.26159175483969 250000.0
6.344072681007259 2.255821596132276 0.26159175483969 250000.0
6.344072681007259 2.255821596132276 0.26159175483969 250000.0
6.344072681007259 2.255821596132276 0.26159175483969 250000.0
6.344072681007259 2.255821596132276 0.26159175483969 250000.0
6.344072681007259 2.255821596132276 0.26159175483969 250000.0
6.344072681007259 2.255821596132276 0.26159175483969 250000.0
6.344072681007259 2.255821596132276 0.26159175483969 250000.0
6.344072681007259 2.255821596132276 0.26159175483969 250000.0
6.344072681007259 2.255821596132276 0.26159175483969 250000.0
6.344072681007259 2.255821596132276 0.26159175483969 250000.0
6.344072681007259 2.255821596132276 0.26159175483969 250000.0
6.344072681007259 2.255821596132276 0.26159175483969 250000.0
6.344072681007259 2.255821596132276 0.26159175483969 250000.0
6.344072681007259 2.255821596132276 0.26159175483969 250000.0
6.344072681007259 2.255821596132276 0.26159175483969 250000.0
6.344072681007259 2.255821596132276 0.26159175483969 250000.0
6.344072681007259 2.255821596132276 0.26159175483969 250000.0
6.344072681007259 2.255821596132276 0.26159175483969 250000.0
6.344072681007259 2.255821596132276 0.26159175483969 250000.0
6.344072681007259 2.255821596132276 0.26159175483969 250000.0
6.344072681007259 2.255821596132276 0.26159175483969 250000.0
6.344072681007259 2.255821596132276 0.26159175483969 250000.0
6.344072681007259 2.255821596132276 0.26159175483969 250000.0
6.344072681007259 2.255821596132276 0.26159175483969 250000.0
6.344072681007259 2.255821596132276 0.26159175483969 250000.0
6.344072681007259 2.255821596132276 0.26159175483969 250000.0
6.344072681007259 2.255821596132276 0.26159175483969 250000.0
6.344072681007259 2.255821596132276 0.26159175483969 250000.0
6.344072681007259 2.255821596132276 0.26159175483969 250000.0
6.344072681007259 2.255821596132276 0.26159175483969 250000.0
6.344072681007259 2.255821596132276 0.26159175483969 250000.0
6.344072681007259 2.255821596132276 0.26159175483969 250000.0
6.344072681007259 2.255821596132276 0.26159175483969 250000.0
6.344072681007259 2.255821596132276 0.26159175483969 250000.0
6.344072681007259 2.255821596132276 0.26159175483969 250000.0
6.344072681007259 2.255821596132276 0.26159175483969 250000.0
6.344072681007259 2.255821596132276 0.26159175483969 250000.0
6.344072681007259 2.255821596132276 0.26159175483969 250000.0
6.344072681007259 2.255821596132276 0.26159175483969 250000.0
6.344072681007259 2.255821596132276 0.26159175483969 250000.0
6.344072681007259 2.255821596132276 0.26159175483969 250000.0
6.344072681007259 2.255821596132276 0.26159175483969 250000.0
6.344072681007259 2.255821596132276 0.26159175483969 250000.0
6.344072681007259 2.255821596132276 0.26159175483969 250000.0
6.344072681007259 2.255821596132276 0.26159175483969 250000.0
6.344072681007259 2.255821596132276 0.26159175483969 250000.0
6.344072681007259 2.255821596132276 0.26159175483969 250000.0
6.344072681007259 2.255821596132276 0.26159175483969 250000.0
6.344072681007259 2.255821596132276 0.26159175483969 250000.0
6.344072681007259 2.255821596132276 0.26159175483969 250000.0
6.344072681007259 2.255821596132276 0.26159175483969 250000.0
6.344072681007259 2.255821596132276 0.26159175483969 250000.0
6.344072681007259 2.255821596132276 0.26159175483969 250000.0
6.344072681007259 2.255821596132276 0.26159175483969 250000.0
6.344072681007259 2.255821596132276 0.26159175483969 250000.0
6.344072681007259 2.255821596132276 0.26159175483969 250000.0
6.344072681007259 2.255821596132276 0.26159175483969 250000.0
6.383412507500732 2.2863064138806437 0.2663932065276952 0.0 2,1,0 coil/filament1/filament2
6.34351449430764 2.30152748478136 0.37969431500228196 250000.0
6.306445794196115 2.2708757011300484 0.36604222245077034 250000.0
6.306445794196115 2.2708757011300484 0.36604222245077034 250000.0
6.306445794196115 2.2708757011300484 0.36604222245077034 250000.0
6.306445794196115 2.2708757011300484 0.36604222245077034 250000.0
6.306445794196115 2.2708757011300484 0.36604222245077034 250000.0
6.306445794196115 2.2708757011300484 0.36604222245077034 250000.0
6.306445794196115 2.2708757011300484 0.36604222245077034 250000.0
6.306445794196115 2.2708757011300484 0.36604222245077034 250000.0
6.306445794196115 2.2708757011300484 0.36604222245077034 250000.0
6.306445794196115 2.2708757011300484 0.36604222245077034 250000.0
6.306445794196115 2.2708757011300484 0.36604222245077034 250000.0
6.306445794196115 2.2708757011300484 0.36604222245077034 250000.0
6.306445794196115 2.2708757011300484 0.36604222245077034 250000.0
6.306445794196115 2.2708757011300484 0.36604222245077034 250000.0
6.306445794196115 2.2708757011300484 0.36604222245077034 250000.0
6.306445794196115 2.2708757011300484 0.36604222245077034 250000.0
6.306445794196115 2.2708757011300484 0.36604222245077034 250000.0
6.306445794196115 2.2708757011300484 0.36604222245077034 250000.0
6.306445794196115 2.2708757011300484 0.36604222245077034 250000.0
6.306445794196115 2.2708757011300484 0.36604222245077034 250000.0
6.306445794196115 2.2708757011300484 0.36604222245077034 250000.0
6.306445794196115 2.2708757011300484 0.36604222245077034 250000.0
6.306445794196115 2.2708757011300484 0.36604222245077034 250000.0
6.306445794196115 2.2708757011300484 0.36604222245077034 250000.0
6.306445794196115 2.2708757011300484 0.36604222245077034 250000.0
6.306445794196115 2.2708757011300484 0.36604222245077034 250000.0
6.306445794196115 2.2708757011300484 0.36604222245077034 250000.0
6.306445794196115 2.2708757011300484 0.36604222245077034 250000.0
6.306445794196115 2.2708757011300484 0.36604222245077034 250000.0
6.306445794196115 2.2708757011300484 0.36604222245077034 250000.0
6.306445794196115 2.2708757011300484 0.36604222245077034 250000.0
6.306445794196115 2.2708757011300484 0.36604222245077034 250000.0
6.306445794196115 2.2708757011300484 0.36604222245077034 250000.0
6.306445794196115 2.2708757011300484 0.36604222245077034 250000.0
6.306445794196115 2.2708757011300484 0.36604222245077034 250000.0
6.306445794196115 2.2708757011300484 0.36604222245077034 250000.0
6.306445794196115 2.2708757011300484 0.36604222245077034 250000.0
6.306445794196115 2.2708757011300484 0.36604222245077034 250000.0
6.306445794196115 2.2708757011300484 0.36604222245077034 250000.0
6.306445794196115 2.2708757011300484 0.36604222245077034 250000.0
6.306445794196115 2.2708757011300484 0.36604222245077034 250000.0
6.306445794196115 2.2708757011300484 0.36604222245077034 250000.0
6.306445794196115 2.2708757011300484 0.36604222245077034 250000.0
6.306445794196115 2.2708757011300484 0.36604222245077034 250000.0
6.306445794196115 2.2708757011300484 0.36604222245077034 250000.0
6.306445794196115 2.2708757011300484 0.36604222245077034 250000.0
6.306445794196115 2.2708757011300484 0.36604222245077034 250000.0
6.306445794196115 2.2708757011300484 0.36604222245077034 250000.0
6.306445794196115 2.2708757011300484 0.36604222245077034 250000.0
6.306445794196115 2.2708757011300484 0.36604222245077034 250000.0
6.306445794196115 2.2708757011300484 0.36604222245077034 250000.0
6.306445794196115 2.2708757011300484 0.36604222245077034 250000.0
6.306445794196115 2.2708757011300484 0.36604222245077034 250000.0
6.306445794196115 2.2708757011300484 0.36604222245077034 250000.0
6.306445794196115 2.2708757011300484 0.36604222245077034 250000.0
6.306445794196115 2.2708757011300484 0.36604222245077034 250000.0
6.306445794196115 2.2708757011300484 0.36604222245077034 250000.0
6.306445794196115 2.2708757011300484 0.36604222245077034 250000.0
6.306445794196115 2.2708757011300484 0.36604222245077034 250000.0
6.306445794196115 2.2708757011300484 0.36604222245077034 250000.0
6.306445794196115 2.2708757011300484 0.36604222245077034 250000.0
6.306445794196115 2.2708757011300484 0.36604222245077034 250000.0
6.306445794196115 2.2708757011300484 0.36604222245077034 250000.0
6.34351449430764 2.30152748478136 0.37969431500228196 0.0 2,1,1 coil/filament1/filament2
6.186008353445887 2.653752448533427 0.07672511433977405 250000.0
6.14282861645372 2.630698865379305 0.06652498605414733 250000.0
6.14282861645372 2.630698865379305 0.06652498605414733 250000.0
6.14282861645372 2.630698865379305 0.06652498605414733 250000.0
6.14282861645372 2.630698865379305 0.06652498605414733 250000.0
6.14282861645372 2.630698865379305 0.06652498605414733 250000.0
6.14282861645372 2.630698865379305 0.06652498605414733 250000.0
6.14282861645372 2.630698865379305 0.06652498605414733 250000.0
6.14282861645372 2.630698865379305 0.06652498605414733 250000.0
6.14282861645372 2.630698865379305 0.06652498605414733 250000.0
6.14282861645372 2.630698865379305 0.06652498605414733 250000.0
6.14282861645372 2.630698865379305 0.06652498605414733 250000.0
6.14282861645372 2.630698865379305 0.06652498605414733 250000.0
6.14282861645372 2.630698865379305 0.06652498605414733 250000.0
6.14282861645372 2.630698865379305 0.06652498605414733 250000.0
6.14282861645372 2.630698865379305 0.06652498605414733 250000.0
6.14282861645372 2.630698865379305 0.06652498605414733 250000.0
6.14282861645372 2.630698865379305 0.06652498605414733 250000.0
6.14282861645372 2.630698865379305 0.06652498605414733 250000.0
6.14282861645372 2.630698865379305 0.06652498605414733 250000.0
6.14282861645372 2.630698865379305 0.06652498605414733 250000.0
6.14282861645372 2.630698865379305 0.06652498605414733 250000.0
6.14282861645372 2.630698865379305 0.06652498605414733 250000.0
6.14282861645372 2.630698865379305 0.06652498605414733 250000.0
6.14282861645372 2.630698865379305 0.06652498605414733 250000.0
6.14282861645372 2.630698865379305 0.06652498605414733 250000.0
6.14282861645372 2.630698865379305 0.06652498605414733 250000.0
6.14282861645372 2.630698865379305 0.06652498605414733 250000.0
6.14282861645372 2.630698865379305 0.06652498605414733 250000.0
6.14282861645372 2.630698865379305 0.06652498605414733 250000.0
6.14282861645372 2.630698865379305 0.06652498605414733 250000.0
6.14282861645372 2.630698865379305 0.06652498605414733 250000.0
6.14282861645372 2.630698865379305 0.06652498605414733 250000.0
6.14282861645372 2.630698865379305 0.06652498605414733 250000.0
6.14282861645372 2.630698865379305 0.06652498605414733 250000.0
6.14282861645372 2.630698865379305 0.06652498605414733 250000.0
6.14282861645372 2.630698865379305 0.06652498605414733 250000.0
6.14282861645372 2.630698865379305 0.06652498605414733 250000.0
6.14282861645372 2.630698865379305 0.06652498605414733 250000.0
6.14282861645372 2.630698865379305 0.06652498605414733 250000.0
6.14282861645372 2.630698865379305 0.06652498605414733 250000.0
6.14282861645372 2.630698865379305 0.06652498605414733 250000.0
6.14282861645372 2.630698865379305 0.06652498605414733 250000.0
6.14282861645372 2.630698865379305 0.06652498605414733 250000.0
6.14282861645372 2.630698865379305 0.06652498605414733 250000.0
6.14282861645372 2.630698865379305 0.06652498605414733 250000.0
6.14282861645372 2.630698865379305 0.06652498605414733 250000.0
6.14282861645372 2.630698865379305 0.06652498605414733 250000.0
6.14282861645372 2.630698865379305 0.06652498605414733 250000.0
6.14282861645372 2.630698865379305 0.06652498605414733 250000.0
6.14282861645372 2.630698865379305 0.06652498605414733 250000.0
6.14282861645372 2.630698865379305 0.06652498605414733 250000.0
6.14282861645372 2.630698865379305 0.06652498605414733 250000.0
6.14282861645372 2.630698865379305 0.06652498605414733 250000.0
6.14282861645372 2.630698865379305 0.06652498605414733 250000.0
6.14282861645372 2.630698865379305 0.06652498605414733 250000.0
6.14282861645372 2.630698865379305 0.06652498605414733 250000.0
6.14282861645372 2.630698865379305 0.06652498605414733 250000.0
6.14282861645372 2.630698865379305 0.06652498605414733 250000.0
6.14282861645372 2.630698865379305 0.06652498605414733 250000.0
6.14282861645372 2.630698865379305 0.06652498605414733 250000.0
6.14282861645372 2.630698865379305 0.06652498605414733 250000.0
6.14282861645372 2.630698865379305 0.06652498605414733 250000.0
6.14282861645372 2.630698865379305 0.06652498605414733 250000.0
6.186008353445887 2.653752448533427 0.07672511433977405 0.0 3,0,0 coil/filament1/filament2
6.092222182512603 2.722904041742642 0.2672776087003488 250000.0
6.05125098379125 2.6974623171895113 0.25408368861956704 250000.0
6.05125098379125 2.6974623171895113 0.25408368861956704 250000.0
6.05125098379125 2.6974623171895113 0.25408368861956704 250000.0
6.05125098379125 2.6974623171895113 0.25408368861956704 250000.0
6.05125098379125 2.6974623171895113 0.25408368861956704 250000.0
6.05125098379125 2.6974623171895113 0.25408368861956704 250000.0
6.05125098379125 2.6974623171895113 0.25408368861956704 250000.0
6.05125098379125 2.6974623171895113 0.25408368861956704 250000.0
6.05125098379125 2.6974623171895113 0.25408368861956704 250000.0
6.05125098379125 2.6974623171895113 0.25408368861956704 250000.0
6.05125098379125 2.6974623171895113 0.25408368861956704 250000.0
6.05125098379125 2.6974623171895113 0.25408368861956704 250000.0
6.05125098379125 2.6974623171895113 0.25408368861956704 250000.0
6.05125098379125 2.6974623171895113 0.25408368861956704 250000.0
6.05125098379125 2.6974623171895113 0.25408368861956704 250000.0
6.05125098379125 2.6974623171895113 0.25408368861956704 250000.0
6.05125098379125 2.6974623171895113 0.25408368861956704 250000.0
6.05125098379125 2.6974623171895113 0.25408368861956704 250000.0
6.05125098379125 2.6974623171895113 0.25408368861956704 250000.0
6.05125098379125 2.6974623171895113 0.25408368861956704 250000.0
6.05125098379125 2.6974623171895113 0.25408368861956704 250000.0
6.05125098379125 2.6974623171895113 0.25408368861956704 250000.0
6.05125098379125 2.6974623171895113 0.25408368861956704 250000.0
6.05125098379125 2.6974623171895113 0.25408368861956704 250000.0
6.05125098379125 2.6974623171895113 0.25408368861956704 250000.0
6.05125098379125 2.6974623171895113 0.25408368861956704 250000.0
6.05125098379125 2.6974623171895113 0.25408368861956704 250000.0
6.05125098379125 2.6974623171895113 0.25408368861956704 250000.0
6.05125098379125 2.6974623171895113 0.25408368861956704 250000.0
6.05125098379125 2.6974623171895113 0.25408368861956704 250000.0
6.05125098379125 2.6974623171895113 0.25408368861956704 250000.0
6.05125098379125 2.6974623171895113 0.25408368861956704 250000.0
6.05125098379125 2.6974623171895113 0.25408368861956704 250000.0
6.05125098379125 2.6974623171895113 0.25408368861956704 250000.0
6.05125098379125 2.6974623171895113 0.25408368861956704 250000.0
6.05125098379125 2.6974623171895113 0.25408368861956704 250000.0
6.05125098379125 2.6974623171895113 0.25408368861956704 250000.0
6.05125098379125 2.6974623171895113 0.25408368861956704 250000.0
6.05125098379125 2.6974623171895113 0.25408368861956704 250000.0
6.05125098379125 2.6974623171895113 0.25408368861956704 250000.0
6.05125098379125 2.6974623171895113 0.25408368861956704 250000.0
6.05125098379125 2.6974623171895113 0.25408368861956704 250000.0
6.05125098379125 2.6974623171895113 0.25408368861956704 250000.0
6.05125098379125 2.6974623171895113 0.25408368861956704 250000.0
6.05125098379125 2.6974623171895113 0.25408368861956704 250000.0
6.05125098379125 2.6974623171895113 0.25408368861956704 250000.0
6.05125098379125 2.6974623171895113 0.25408368861956704 250000.0
6.05125098379125 2.6974623171895113 0.25408368861956704 250000.0
6.05125098379125 2.6974623171895113 0.25408368861956704 250000.0
6.05125098379125 2.6974623171895113 0.25408368861956704 250000.0
6.05125098379125 2.6974623171895113 0.25408368861956704 250000.0
6.05125098379125 2.6974623171895113 0.25408368861956704 250000.0
6.05125098379125 2.6974623171895113 0.25408368861956704 250000.0
6.05125098379125 2.6974623171895113 0.25408368861956704 250000.0
6.05125098379125 2.6974623171895113 0.25408368861956704 250000.0
6.05125098379125 2.6974623171895113 0.25408368861956704 250000.0
6.05125098379125 2.6974623171895113 0.25408368861956704 250000.0
6.05125098379125 2.6974623171895113 0.25408368861956704 250000.0
6.05125098379125 2.6974623171895113 0.25408368861956704 250000.0
6.05125098379125 2.6974623171895113 0.25408368861956704 250000.0
6.05125098379125 2.6974623171895113 0.25408368861956704 250000.0
6.05125098379125 2.6974623171895113 0.25408368861956704 250000.0
6.05125098379125 2.6974623171895113 0.25408368861956704 250000.0
6.092222182512603 2.722904041742642 0.2672776087003488 0.0 3,0,1 coil/filament1/filament2
6.203363669810512 2.6118943591713375 0.09786023555634343 250000.0
6.160183932818345 2.588840776017215 0.08766010727071671 250000.0
6.160183932818345 2.588840776017215 0.08766010727071671 250000.0
6.160183932818345 2.588840776017215 0.08766010727071671 250000.0
6.160183932818345 2.588840776017215 0.08766010727071671 250000.0
6.160183932818345 2.588840776017215 0.08766010727071671 250000.0
6.160183932818345 2.588840776017215 0.08766010727071671 250000.0
6.160183932818345 2.588840776017215 0.08766010727071671 250000.0
6.160183932818345 2.588840776017215 0.08766010727071671 250000.0
6.160183932818345 2.588840776017215 0.08766010727071671 250000.0
6.160183932818345 2.588840776017215 0.08766010727071671 250000.0
6.160183932818345 2.588840776017215 0.08766010727071671 250000.0
6.160183932818345 2.588840776017215 0.08766010727071671 250000.0
6.160183932818345 2.588840776017215 0.08766010727071671 250000.0
6.160183932818345 2.588840776017215 0.08766010727071671 250000.0
6.160183932818345 2.588840776017215 0.08766010727071671 250000.0
6.160183932818345 2.588840776017215 0.08766010727071671 250000.0
6.160183932818345 2.588840776017215 0.08766010727071671 250000.0
6.160183932818345 2.588840776017215 0.08766010727071671 250000.0
6.160183932818345 2.588840776017215 0.08766010727071671 250000.0
6.160183932818345 2.588840776017215 0.08766010727071671 250000.0
6.160183932818345 2.588840776017215 0.08766010727071671 250000.0
6.160183932818345 2.588840776017215 0.08766010727071671 250000.0
6.160183932818345 2.588840776017215 0.08766010727071671 250000.0
6.160183932818345 2.588840776017215 0.08766010727071671 250000.0
6.160183932818345 2.588840776017215 0.08766010727071671 250000.0
6.160183932818345 2.588840776017215 0.08766010727071671 250000.0
6.160183932818345 2.588840776017215 0.08766010727071671 250000.0
6.160183932818345 2.588840776017215 0.08766010727071671 250000.0
6.160183932818345 2.588840776017215 0.08766010727071671 250000.0
6.160183932818345 2.588840776017215 0.08766010727071671 250000.0
6.160183932818345 2.588840776017215 0.08766010727071671 250000.0
6.160183932818345 2.588840776017215 0.08766010727071671 250000.0
6.160183932818345 2.588840776017215 0.08766010727071671 250000.0
6.160183932818345 2.588840776017215 0.08766010727071671 250000.0
6.160183932818345 2.588840776017215 0.08766010727071671 250000.0
6.160183932818345 2.588840776017215 0.08766010727071671 250000.0
6.160183932818345 2.588840776017215 0.08766010727071671 250000.0
6.160183932818345 2.588840776017215 0.08766010727071671 250000.0
6.160183932818345 2.588840776017215 0.08766010727071671 250000.0
6.160183932818345 2.588840776017215 0.08766010727071671 250000.0
6.160183932818345 2.588840776017215 0.08766010727071671 250000.0
6.160183932818345 2.588840776017215 0.08766010727071671 250000.0
6.160183932818345 2.588840776017215 0.08766010727071671 250000.0
6.160183932818345 2.588840776017215 0.08766010727071671 250000.0
6.160183932818345 2.588840776017215 0.08766010727071671 250000.0
6.160183932818345 2.588840776017215 0.08766010727071671 250000.0
6.160183932818345 2.588840776017215 0.08766010727071671 250000.0
6.160183932818345 2.588840776017215 0.08766010727071671 250000.0
6.160183932818345 2.588840776017215 0.08766010727071671 250000.0
6.160183932818345 2.588840776017215 0.08766010727071671 250000.0
6.160183932818345 2.588840776017215 0.08766010727071671 250000.0
6.160183932818345 2.588840776017215 0.08766010727071671 250000.0
6.160183932818345 2.588840776017215 0.08766010727071671 250000.0
6.160183932818345 2.588840776017215 0.08766010727071671 250000.0
6.160183932818345 2.588840776017215 0.08766010727071671 250000.0
6.160183932818345 2.588840776017215 0.08766010727071671 250000.0
6.160183932818345 2.588840776017215 0.08766010727071671 250000.0
6.160183932818345 2.588840776017215 0.08766010727071671 250000.0
6.160183932818345 2.588840776017215 0.08766010727071671 250000.0
6.160183932818345 2.588840776017215 0.08766010727071671 250000.0
6.160183932818345 2.588840776017215 0.08766010727071671 250000.0
6.160183932818345 2.588840776017215 0.08766010727071671 250000.0
6.160183932818345 2.588840776017215 0.08766010727071671 250000.0
6.203363669810512 2.6118943591713375 0.09786023555634343 0.0 3,1,0 coil/filament1/filament2
6.109120320841632 2.682867242580396 0.29200628909083787 250000.0
6.068149122120279 2.6574255180272655 0.2788123690100561 250000.0
6.068149122120279 2.6574255180272655 0.2788123690100561 250000.0
6.068149122120279 2.6574255180272655 0.2788123690100561 250000.0
6.068149122120279 2.6574255180272655 0.2788123690100561 250000.0
6.068149122120279 2.6574255180272655 0.2788123690100561 250000.0
6.068149122120279 2.6574255180272655 0.2788123690100561 250000.0
6.068149122120279 2.6574255180272655 0.2788123690100561 250000.0
6.068149122120279 2.6574255180272655 0.2788123690100561 250000.0
6.068149122120279 2.6574255180272655 0.2788123690100561 250000.0
6.068149122120279 2.6574255180272655 0.2788123690100561 250000.0
6.068149122120279 2.6574255180272655 0.2788123690100561 250000.0
6.068149122120279 2.6574255180272655 0.2788123690100561 250000.0
6.068149122120279 2.6574255180272655 0.2788123690100561 250000.0
6.068149122120279 2.6574255180272655 0.2788123690100561 250000.0
6.068149122120279 2.6574255180272655 0.2788123690100561 250000.0
6.068149122120279 2.6574255180272655 0.2788123690100561 250000.0
6.068149122120279 2.6574255180272655 0.2788123690100561 250000.0
6.068149122120279 2.6574255180272655 0.2788123690100561 250000.0
6.068149122120279 2.6574255180272655 0.2788123690100561 250000.0
6.068149122120279 2.6574255180272655 0.2788123690100561 250000.0
6.068149122120279 2.6574255180272655 0.2788123690100561 250000.0
6.068149122120279 2.6574255180272655 0.2788123690100561 250000.0
6.068149122120279 2.6574255180272655 0.2788123690100561 250000.0
6.068149122120279 2.6574255180272655 0.2788123690100561 250000.0
6.068149122120279 2.6574255180272655 0.2788123690100561 250000.0
6.068149122120279 2.6574255180272655 0.2788123690100561 250000.0
6.068149122120279 2.6574255180272655 0.2788123690100561 250000.0
6.068149122120279 2.6574255180272655 0.2788123690100561 250000.0
6.068149122120279 2.6574255180272655 0.2788123690100561 250000.0
6.068149122120279 2.6574255180272655 0.2788123690100561 250000.0
6.068149122120279 2.6574255180272655 0.2788123690100561 250000.0
6.068149122120279 2.6574255180272655 0.2788123690100561 250000.0
6.068149122120279 2.6574255180272655 0.2788123690100561 250000.0
6.068149122120279 2.6574255180272655 0.2788123690100561 250000.0
6.068149122120279 2.6574255180272655 0.2788123690100561 250000.0
6.068149122120279 2.6574255180272655 0.2788123690100561 250000.0
6.068149122120279 2.6574255180272655 0.2788123690100561 250000.0
6.068149122120279 2.6574255180272655 0.2788123690100561 250000.0
6.068149122120279 2.6574255180272655 0.2788123690100561 250000.0
6.068149122120279 2.6574255180272655 0.2788123690100561 250000.0
6.068149122120279 2.6574255180272655 0.2788123690100561 250000.0
6.068149122120279 2.6574255180272655 0.2788123690100561 250000.0
6.068149122120279 2.6574255180272655 0.2788123690100561 250000.0
6.068149122120279 2.6574255180272655 0.2788123690100561 250000.0
6.068149122120279 2.6574255180272655 0.2788123690100561 250000.0
6.068149122120279 2.6574255180272655 0.2788123690100561 250000.0
6.068149122120279 2.6574255180272655 0.2788123690100561 250000.0
6.068149122120279 2.6574255180272655 0.2788123690100561 250000.0
6.068149122120279 2.6574255180272655 0.2788123690100561 250000.0
6.068149122120279 2.6574255180272655 0.2788123690100561 250000.0
6.068149122120279 2.6574255180272655 0.2788123690100561 250000.0
6.068149122120279 2.6574255180272655 0.2788123690100561 250000.0
6.068149122120279 2.6574255180272655 0.2788123690100561 250000.0
6.068149122120279 2.6574255180272655 0.2788123690100561 250000.0
6.068149122120279 2.6574255180272655 0.2788123690100561 250000.0
6.068149122120279 2.6574255180272655 0.2788123690100561 250000.0
6.068149122120279 2.6574255180272655 0.2788123690100561 250000.0
6.068149122120279 2.6574255180272655 0.2788123690100561 250000.0
6.068149122120279 2.6574255180272655 0.2788123690100561 250000.0
6.068149122120279 2.6574255180272655 0.2788123690100561 250000.0
6.068149122120279 2.6574255180272655 0.2788123690100561 250000.0
6.068149122120279 2.6574255180272655 0.2788123690100561 250000.0
6.068149122120279 2.6574255180272655 0.2788123690100561 250000.0
6.109120320841632 2.682867242580396 0.29200628909083787 0.0 3,1,1 coil/filament1/filament2
5.84779894096312 3.3667085939214623 -0.04197535570238889 250000.0
5.800530340440878 3.350615976646483 -0.03938555379687207 250000.0
5.800530340440878 3.350615976646483 -0.03938555379687207 250000.0
5.800530340440878 3.350615976646483 -0.03938555379687207 250000.0
5.800530340440878 3.350615976646483 -0.03938555379687207 250000.0
5.800530340440878 3.350615976646483 -0.03938555379687207 250000.0
5.800530340440878 3.350615976646483 -0.03938555379687207 250000.0
5.800530340440878 3.350615976646483 -0.03938555379687207 250000.0
5.800530340440878 3.350615976646483 -0.03938555379687207 250000.0
5.800530340440878 3.350615976646483 -0.03938555379687207 250000.0
5.800530340440878 3.350615976646483 -0.03938555379687207 250000.0
5.800530340440878 3.350615976646483 -0.03938555379687207 250000.0
5.800530340440878 3.350615976646483 -0.03938555379687207 250000.0
5.800530340440878 3.350615976646483 -0.03938555379687207 250000.0
5.800530340440878 3.350615976646483 -0.03938555379687207 250000.0
5.800530340440878 3.350615976646483 -0.03938555379687207 250000.0
5.800530340440878 3.350615976646483 -0.03938555379687207 250000.0
5.800530340440878 3.350615976646483 -0.03938555379687207 250000.0
5.800530340440878 3.350615976646483 -0.03938555379687207 250000.0
5.800530340440878 3.350615976646483 -0.03938555379687207 250000.0
5.800530340440878 3.350615976646483 -0.03938555379687207 250000.0
5.800530340440878 3.350615976646483 -0.03938555379687207 250000.0
5.800530340440878 3.350615976646483 -0.03938555379687207 250000.0
5.800530340440878 3.350615976646483 -0.03938555379687207 250000.0
5.800530340440878 3.350615976646483 -0.03938555379687207 250000.0
5.800530340440878 3.350615976646483 -0.03938555379687207 250000.0
5.800530340440878 3.350615976646483 -0.03938555379687207 250000.0
5.800530340440878 3.350615976646483 -0.03938555379687207 250000.0
5.800530340440878 3.350615976646483 -0.03938555379687207 250000.0
5.800530340440878 3.350615976646483 -0.03938555379687207 250000.0
5.800530340440878 3.350615976646483 -0.03938555379687207 250000.0
5.800530340440878 3.350615976646483 -0.03938555379687207 250000.0
5.800530340440878 3.350615976646483 -0.03938555379687207 250000.0
5.800530340440878 3.350615976646483 -0.03938555379687207 250000.0
5.800530340440878 3.350615976646483 -0.03938555379687207 250000.0
5.800530340440878 3.350615976646483 -0.03938555379687207 250000.0
5.800530340440878 3.350615976646483 -0.03938555379687207 250000.0
5.800530340440878 3.350615976646483 -0.03938555379687207 250000.0
5.800530340440878 3.350615976646483 -0.03938555379687207 250000.0
5.800530340440878 3.350615976646483 -0.03938555379687207 250000.0
5.800530340440878 3.350615976646483 -0.03938555379687207 250000.0
5.800530340440878 3.350615976646483 -0.03938555379687207 250000.0
5.800530340440878 3.350615976646483 -0.03938555379687207 250000.0
5.800530340440878 3.350615976646483 -0.03938555379687207 250000.0
5.800530340440878 3.350615976646483 -0.03938555379687207 250000.0
5.800530340440878 3.350615976646483 -0.03938555379687207 250000.0
5.800530340440878 3.350615976646483 -0.03938555379687207 250000.0
5.800530340440878 3.350615976646483 -0.03938555379687207 250000.0
5.800530340440878 3.350615976646483 -0.03938555379687207 250000.0
5.800530340440878 3.350615976646483 -0.03938555379687207 250000.0
5.800530340440878 3.350615976646483 -0.03938555379687207 250000.0
5.800530340440878 3.350615976646483 -0.03938555379687207 250000.0
5.800530340440878 3.350615976646483 -0.03938555379687207 250000.0
5.800530340440878 3.350615976646483 -0.03938555379687207 250000.0
5.800530340440878 3.350615976646483 -0.03938555379687207 250000.0
5.800530340440878 3.350615976646483 -0.03938555379687207 250000.0
5.800530340440878 3.350615976646483 -0.03938555379687207 250000.0
5.800530340440878 3.350615976646483 -0.03938555379687207 250000.0
5.800530340440878 3.350615976646483 -0.03938555379687207 250000.0
5.800530340440878 3.350615976646483 -0.03938555379687207 250000.0
5.800530340440878 3.350615976646483 -0.03938555379687207 250000.0
5.800530340440878 3.350615976646483 -0.03938555379687207 250000.0
5.800530340440878 3.350615976646483 -0.03938555379687207 250000.0
5.800530340440878 3.350615976646483 -0.03938555379687207 250000.0
5.84779894096312 3.3667085939214623 -0.04197535570238889 0.0 4,0,0 coil/filament1/filament2
5.866421923414573 3.259236400254972 0.08321052059254286 250000.0
5.8179929890771005 3.250599086392779 0.07426428517295422 250000.0
5.8179929890771005 3.250599086392779 0.07426428517295422 250000.0
5.8179929890771005 3.250599086392779 0.07426428517295422 250000.0
5.8179929890771005 3.250599086392779 0.07426428517295422 250000.0
5.8179929890771005 3.250599086392779 0.07426428517295422 250000.0
5.8179929890771005 3.250599086392779 0.07426428517295422 250000.0
5.8179929890771005 3.250599086392779 0.07426428517295422 250000.0
5.8179929890771005 3.250599086392779 0.07426428517295422 250000.0
5.8179929890771005 3.250599086392779 0.07426428517295422 250000.0
5.8179929890771005 3.250599086392779 0.07426428517295422 250000.0
5.8179929890771005 3.250599086392779 0.07426428517295422 250000.0
5.8179929890771005 3.250599086392779 0.07426428517295422 250000.0
5.8179929890771005 3.250599086392779 0.07426428517295422 250000.0
5.8179929890771005 3.250599086392779 0.07426428517295422 250000.0
5.8179929890771005 3.250599086392779 0.07426428517295422 250000.0
5.8179929890771005 3.250599086392779 0.07426428517295422 250000.0
5.8179929890771005 3.250599086392779 0.07426428517295422 250000.0
5.8179929890771005 3.250599086392779 0.07426428517295422 250000.0
5.8179929890771005 3.250599086392779 0.07426428517295422 250000.0
5.8179929890771005 3.250599086392779 0.07426428517295422 250000.0
5.8179929890771005 3.250599086392779 0.07426428517295422 250000.0
5.8179929890771005 3.250599086392779 0.07426428517295422 250000.0
5.8179929890771005 3.250599086392779 0.07426428517295422 250000.0
5.8179929890771005 3.250599086392779 0.07426428517295422 250000.0
5.8179929890771005 3.250599086392779 0.07426428517295422 250000.0
5.8179929890771005 3.250599086392779 0.07426428517295422 250000.0
5.8179929890771005 3.250599086392779 0.07426428517295422 250000.0
5.8179929890771005 3.250599086392779 0.07426428517295422 250000.0
5.8179929890771005 3.250599086392779 0.07426428517295422 250000.0
5.8179929890771005 3.250599086392779 0.07426428517295422 250000.0
5.8179929890771005 3.250599086392779 0.07426428517295422 250000.0
5.8179929890771005 3.250599086392779 0.07426428517295422 250000.0
5.8179929890771005 3.250599086392779 0.07426428517295422 250000.0
5.8179929890771005 3.250599086392779 0.07426428517295422 250000.0
5.8179929890771005 3.250599086392779 0.07426428517295422 250000.0
5.8179929890771005 3.250599086392779 0.07426428517295422 250000.0
5.8179929890771005 3.250599086392779 0.07426428517295422 250000.0
5.8179929890771005 3.250599086392779 0.07426428517295422 250000.0
5.8179929890771005 3.250599086392779 0.07426428517295422 250000.0
5.8179929890771005 3.250599086392779 0.07426428517295422 250000.0
5.8179929890771005 3.250599086392779 0.07426428517295422 250000.0
5.8179929890771005 3.250599086392779 0.07426428517295422 250000.0
5.8179929890771005 3.250599086392779 0.07426428517295422 250000.0
5.8179929890771005 3.250599086392779 0.07426428517295422 250000.0
5.8179929890771005 3.250599086392779 0.07426428517295422 250000.0
5.8179929890771005 3.250599086392779 0.07426428517295422 250000.0
5.8179929890771005 3.250599086392779 0.07426428517295422 250000.0
5.8179929890771005 3.250599086392779 0.07426428517295422 250000.0
5.8179929890771005 3.250599086392779 0.07426428517295422 250000.0
5.8179929890771005 3.250599086392779 0.07426428517295422 250000.0
5.8179929890771005 3.250599086392779 0.07426428517295422 250000.0
5.8179929890771005 3.250599086392779 0.07426428517295422 250000.0
5.8179929890771005 3.250599086392779 0.07426428517295422 250000.0
5.8179929890771005 3.250599086392779 0.07426428517295422 250000.0
5.8179929890771005 3.250599086392779 0.07426428517295422 250000.0
5.8179929890771005 3.250599086392779 0.07426428517295422 250000.0
5.8179929890771005 3.250599086392779 0.07426428517295422 250000.0
5.8179929890771005 3.250599086392779 0.07426428517295422 250000.0
5.8179929890771005 3.250599086392779 0.07426428517295422 250000.0
5.8179929890771005 3.250599086392779 0.07426428517295422 250000.0
5.8179929890771005 3.250599086392779 0.07426428517295422 250000.0
5.8179929890771005 3.250599086392779 0.07426428517295422 250000.0
5.8179929890771005 3.250599086392779 0.07426428517295422 250000.0
5.866421923414573 3.259236400254972 0.08321052059254286 0.0 4,0,1 coil/filament1/filament2
5.856981083967949 3.3338550473965736 -0.07853124073579817 250000.0
5.809712483445708 3.3177624301215944 -0.07594143883028136 250000.0
5.809712483445708 3.3177624301215944 -0.07594143883028136 250000.0
5.809712483445708 3.3177624301215944 -0.07594143883028136 250000.0
5.809712483445708 3.3177624301215944 -0.07594143883028136 250000.0
5.809712483445708 3.3177624301215944 -0.07594143883028136 250000.0
5.809712483445708 3.3177624301215944 -0.07594143883028136 250000.0
5.809712483445708 3.3177624301215944 -0.07594143883028136 250000.0
5.809712483445708 3.3177624301215944 -0.07594143883028136 250000.0
5.809712483445708 3.3177624301215944 -0.07594143883028136 250000.0
5.809712483445708 3.3177624301215944 -0.07594143883028136 250000.0
5.809712483445708 3.3177624301215944 -0.07594143883028136 250000.0
5.809712483445708 3.3177624301215944 -0.07594143883028136 250000.0
5.809712483445708 3.3177624301215944 -0.07594143883028136 250000.0
5.809712483445708 3.3177624301215944 -0.07594143883028136 250000.0
5.809712483445708 3.3177624301215944 -0.07594143883028136 250000.0
5.809712483445708 3.3177624301215944 -0.07594143883028136 250000.0
5.809712483445708 3.3177624301215944 -0.07594143883028136 250000.0
5.809712483445708 3.3177624301215944 -0.07594143883028136 250000.0
5.809712483445708 3.3177624301215944 -0.07594143883028136 250000.0
5.809712483445708 3.3177624301215944 -0.07594143883028136 250000.0
5.809712483445708 3.3177624301215944 -0.07594143883028136 250000.0
5.809712483445708 3.3177624301215944 -0.07594143883028136 250000.0
5.809712483445708 3.3177624301215944 -0.07594143883028136 250000.0
5.809712483445708 3.3177624301215944 -0.07594143883028136 250000.0
5.809712483445708 3.3177624301215944 -0.07594143883028136 250000.0
5.809712483445708 3.3177624301215944 -0.07594143883028136 250000.0
5.809712483445708 3.3177624301215944 -0.07594143883028136 250000.0
5.809712483445708 3.3177624301215944 -0.07594143883028136 250000.0
5.809712483445708 3.3177624301215944 -0.07594143883028136 250000.0
5.809712483445708 3.3177624301215944 -0.07594143883028136 250000.0
5.809712483445708 3.3177624301215944 -0.07594143883028136 250000.0
5.809712483445708 3.3177624301215944 -0.07594143883028136 250000.0
5.809712483445708 3.3177624301215944 -0.07594143883028136 250000.0
5.809712483445708 3.3177624301215944 -0.07594143883028136 250000.0
5.809712483445708 3.3177624301215944 -0.07594143883028136 250000.0
5.809712483445708 3.3177624301215944 -0.07594143883028136 250000.0
5.809712483445708 3.3177624301215944 -0.07594143883028136 250000.0
5.809712483445708 3.3177624301215944 -0.07594143883028136 250000.0
5.809712483445708 3.3177624301215944 -0.07594143883028136 250000.0
5.809712483445708 3.3177624301215944 -0.07594143883028136 250000.0
5.809712483445708 3.3177624301215944 -0.07594143883028136 250000.0
5.809712483445708 3.3177624301215944 -0.07594143883028136 250000.0
5.809712483445708 3.3177624301215944 -0.07594143883028136 250000.0
5.809712483445708 3.3177624301215944 -0.07594143883028136 250000.0
5.809712483445708 3.3177624301215944 -0.07594143883028136 250000.0
5.809712483445708 3.3177624301215944 -0.07594143883028136 250000.0
5.809712483445708 3.3177624301215944 -0.07594143883028136 250000.0
5.809712483445708 3.3177624301215944 -0.07594143883028136 250000.0
5.809712483445708 3.3177624301215944 -0.07594143883028136 250000.0
5.809712483445708 3.3177624301215944 -0.07594143883028136 250000.0
5.809712483445708 3.3177624301215944 -0.07594143883028136 250000.0
5.809712483445708 3.3177624301215944 -0.07594143883028136 250000.0
5.809712483445708 3.3177624301215944 -0.07594143883028136 250000.0
5.809712483445708 3.3177624301215944 -0.07594143883028136 250000.0
5.809712483445708 3.3177624301215944 -0.07594143883028136 250000.0
5.809712483445708 3.3177624301215944 -0.07594143883028136 250000.0
5.809712483445708 3.3177624301215944 -0.07594143883028136 250000.0
5.809712483445708 3.3177624301215944 -0.07594143883028136 250000.0
5.809712483445708 3.3177624301215944 -0.07594143883028136 250000.0
5.809712483445708 3.3177624301215944 -0.07594143883028136 250000.0
5.809712483445708 3.3177624301215944 -0.07594143883028136 250000.0
5.809712483445708 3.3177624301215944 -0.07594143883028136 250000.0
5.809712483445708 3.3177624301215944 -0.07594143883028136 250000.0
5.856981083967949 3.3338550473965736 -0.07853124073579817 0.0 4,1,0 coil/filament1/filament2
5.878666871918209 3.2198430934832722 0.054957580608639055 250000.0
5.830237937580736 3.2112057796210793 0.04601134518905043 250000.0
5.830237937580736 3.2112057796210793 0.04601134518905043 250000.0
5.830237937580736 3.2112057796210793 0.04601134518905043 250000.0
5.830237937580736 3.2112057796210793 0.04601134518905043 250000.0
5.830237937580736 3.2112057796210793 0.04601134518905043 250000.0
5.830237937580736 3.2112057796210793 0.04601134518905043 250000.0
5.830237937580736 3.2112057796210793 0.04601134518905043 250000.0
5.830237937580736 3.2112057796210793 0.04601134518905043 250000.0
5.830237937580736 3.2112057796210793 0.04601134518905043 250000.0
5.830237937580736 3.2112057796210793 0.04601134518905043 250000.0
5.830237937580736 3.2112057796210793 0.04601134518905043 250000.0
5.830237937580736 3.2112057796210793 0.04601134518905043 250000.0
5.830237937580736 3.2112057796210793 0.04601134518905043 250000.0
5.830237937580736 3.2112057796210793 0.04601134518905043 250000.0
5.830237937580736 3.2112057796210793 0.04601134518905043 250000.0
5.830237937580736 3.2112057796210793 0.04601134518905043 250000.0
5.830237937580736 3.2112057796210793 0.04601134518905043 250000.0
5.830237937580736 3.2112057796210793 0.04601134518905043 250000.0
5.830237937580736 3.2112057796210793 0.04601134518905043 250000.0
5.830237937580736 3.2112057796210793 0.04601134518905043 250000.0
5.830237937580736 3.2112057796210793 0.04601134518905043 250000.0
5.830237937580736 3.2112057796210793 0.04601134518905043 250000.0
5.830237937580736 3.2112057796210793 0.04601134518905043 250000.0
5.830237937580736 3.2112057796210793 0.04601134518905043 250000.0
5.830237937580736 3.2112057796210793 0.04601134518905043 250000.0
5.830237937580736 3.2112057796210793 0.04601134518905043 250000.0
5.830237937580736 3.2112057796210793 0.04601134518905043 250000.0
5.830237937580736 3.2112057796210793 0.04601134518905043 250000.0
5.830237937580736 3.2112057796210793 0.04601134518905043 250000.0
5.830237937580736 3.2112057796210793 0.04601134518905043 250000.0
5.830237937580736 3.2112057796210793 0.04601134518905043 250000.0
5.830237937580736 3.2112057796210793 0.04601134518905043 250000.0
5.830237937580736 3.2112057796210793 0.04601134518905043 250000.0
5.830237937580736 3.2112057796210793 0.04601134518905043 250000.0
5.830237937580736 3.2112057796210793 0.04601134518905043 250000.0
5.830237937580736 3.2112057796210793 0.04601134518905043 250000.0
5.830237937580736 3.2112057796210793 0.04601134518905043 250000.0
5.830237937580736 3.2112057796210793 0.04601134518905043 250000.0
5.830237937580736 3.2112057796210793 0.04601134518905043 250000.0
5.830237937580736 3.2112057796210793 0.04601134518905043 250000.0
5.830237937580736 3.2112057796210793 0.04601134518905043 250000.0
5.830237937580736 3.2112057796210793 0.04601134518905043 250000.0
5.830237937580736 3.2112057796210793 0.04601134518905043 250000.0
5.830237937580736 3.2112057796210793 0.04601134518905043 250000.0
5.830237937580736 3.2112057796210793 0.04601134518905043 250000.0
5.830237937580736 3.2112057796210793 0.04601134518905043 250000.0
5.830237937580736 3.2112057796210793 0.04601134518905043 250000.0
5.830237937580736 3.2112057796210793 0.04601134518905043 250000.0
5.830237937580736 3.2112057796210793 0.04601134518905043 250000.0
5.830237937580736 3.2112057796210793 0.04601134518905043 250000.0
5.830237937580736 3.2112057796210793 0.04601134518905043 250000.0
5.830237937580736 3.2112057796210793 0.04601134518905043 250000.0
5.830237937580736 3.2112057796210793 0.04601134518905043 250000.0
5.830237937580736 3.2112057796210793 0.04601134518905043 250000.0
5.830237937580736 3.2112057796210793 0.04601134518905043 250000.0
5.830237937580736 3.2112057796210793 0.04601134518905043 250000.0
5.830237937580736 3.2112057796210793 0.04601134518905043 250000.0
5.830237937580736 3.2112057796210793 0.04601134518905043 250000.0
5.830237937580736 3.2112057796210793 0.04601134518905043 250000.0
5.830237937580736 3.2112057796210793 0.04601134518905043 250000.0
5.830237937580736 3.2112057796210793 0.04601134518905043 250000.0
5.830237937580736 3.2112057796210793 0.04601134518905043 250000.0
5.830237937580736 3.2112057796210793 0.04601134518905043 250000.0
5.878666871918209 3.2198430934832722 0.054957580608639055 0.0 4,1,1 coil/filament1/filament2
