periods 0
begin filament
FOCUSADD Coils
-5.7562265074107835 4.105215333239108 0.7278852031491523 1.0
-5.850138934165991 3.9240758541140437 0.7655025860514386 1.0
-5.95891188052397 3.9060488224321035 0.3974075797388285 1.0
-5.887915400858048 4.067990444955323 0.3309735085824763 1.0
-5.7381143051367065 4.152696512987975 0.4992056903321559 1.0
-5.675894297886151 4.131519618727691 0.6413796525636789 1.0
-5.638384414328848 4.098510527901468 0.7522612901648279 1.0
-5.595513225509671 4.06745206692724 0.8582768902874441 1.0
-5.547094394319377 4.031646778394793 0.9630004522102658 1.0
-5.493573758551697 3.990161905477403 1.0663391929656605 1.0
-5.434870221476968 3.9436774544399382 1.167924621293337 1.0
-5.369403958509399 3.8948009049310386 1.2672610448581925 1.0
-5.293013278626577 3.8485630266877173 1.3627701865367947 1.0
-5.201477086849069 3.812814580652051 1.4494579070822518 1.0
-5.096826574765067 3.801783316300871 1.5207699576400215 1.0
-4.980136192587098 3.839813767227226 1.5824701004901072 1.0
-4.811908534915337 3.9361640901932304 1.6647956710825984 1.0
-4.5113488023832735 4.003561572089297 1.7981363499977443 1.0
-4.102647912079637 3.8452418507146953 1.9956000700158607 1.0
-3.789500927807589 3.346532792226836 2.300810271383911 1.0
-3.664848374932314 2.670961711673422 2.7840084723516485 1.0
-3.6339925814436413 2.35913507035301 3.2512445043226266 1.0
-3.5468575130845665 2.8630458758651827 2.9133391836189473 1.0
-3.5816657228967106 3.8679256162654356 2.2275717784245286 1.0
-3.2217388275544385 4.165182790585317 1.3300009118883056 1.0
-3.2229021852066992 3.68391864489894 0.32673598812365495 1.0
-3.6327482858935016 2.862292653592718 -0.21419715638770725 1.0
-4.071854581267753 2.6658141190543176 -0.09036252106776903 1.0
-4.205101319931333 2.8248591059194332 0.05929062563104005 1.0
-4.196025580145472 2.9607575035910685 0.029277437168927785 1.0
-4.185623484061249 2.9421186991136263 -0.005150280846421483 1.0
-4.161865638202685 2.8535484560058255 0.024573063845989538 1.0
-4.121173089879488 2.748092498716461 0.055218393867599934 1.0
-4.087005030107764 2.6228126838616856 0.020532034429241446 1.0
-4.085297040434264 2.496975770239469 -0.06596756037385819 1.0
-4.113724874539649 2.3855526713465776 -0.1638753597158669 1.0
-4.149488579122086 2.2872359735884196 -0.2606822774310088 1.0
-4.171904266322328 2.1956878162715596 -0.37356094331404033 1.0
-4.198562221570954 2.1174893160390984 -0.518645528061024 1.0
-4.279979102099803 2.0867318833346356 -0.6302686078882277 1.0
-4.316501403959843 2.125076657705604 -0.5463453530972819 1.0
-4.005034057040257 2.1412502063636807 -0.40399932867494925 1.0
-3.4311587528342167 1.9958602263339114 -0.8089983365972164 1.0
-3.4941252075535822 1.569066719422114 -1.8647815466517956 1.0
-4.121592573940668 1.0669563167195366 -2.7600130154564577 1.0
-4.445367564659897 1.3098588488272003 -3.2471491318342127 1.0
-4.467341571157652 2.3674592036881648 -3.402771323501789 1.0
-4.38269846219994 3.362223518420108 -2.945690153157187 1.0
-4.558479212693726 4.032820736004579 -2.268284125320249 1.0
-4.896861376672578 4.157474618632169 -1.756073337766478 1.0
-5.159837106085177 4.075866015123281 -1.4772753412999788 1.0
-5.278338010561715 4.007961556093394 -1.3032499799488486 1.0
-5.321590571326992 3.9869967949108287 -1.1680018479687306 1.0
-5.3552413860282195 4.011419437673473 -1.054792182646414 1.0
-5.4034189966683135 4.058424096677665 -0.9551457464361801 1.0
-5.461537414405365 4.104255396480419 -0.8603260418195747 1.0
-5.519892464675599 4.1410371293750785 -0.7643894670056365 1.0
-5.573960693595608 4.16999787291352 -0.6651075182821625 1.0
-5.621776631634288 4.194407486168284 -0.562573558121773 1.0
-5.66212039641483 4.222487692313217 -0.45142531454849477 1.0
-5.698511422903893 4.249147604961344 -0.2950175514363084 1.0
-5.797259360872939 4.162006242463993 -0.06021291433298066 1.0
-6.030264136379335 3.8462464293026937 0.056630242942911725 1.0
-5.975171964837854 3.706618884802321 -0.20944642766950505 1.0
-5.7562265074107835 4.105215333239108 0.7278852031491523 0.0 0,0,0 coil/filament1/filament2
-5.756226507410786 -4.105215333239102 -0.7278852031491515 1.0
-5.850138934165994 -3.9240758541140424 -0.7655025860514354 1.0
-5.958911880523969 -3.9060488224321044 -0.3974075797388263 1.0
-5.887915400858044 -4.067990444955324 -0.3309735085824756 1.0
-5.7381143051367065 -4.152696512987974 -0.49920569033215584 1.0
-5.675894297886151 -4.131519618727691 -0.6413796525636782 1.0
-5.638384414328846 -4.098510527901469 -0.752261290164828 1.0
-5.595513225509668 -4.067452066927239 -0.8582768902874441 1.0
-5.547094394319374 -4.031646778394791 -0.963000452210265 1.0
-5.4935737585516975 -3.990161905477399 -1.066339192965659 1.0
-5.434870221476967 -3.9436774544399333 -1.1679246212933365 1.0
-5.369403958509397 -3.8948009049310315 -1.2672610448581922 1.0
-5.29301327862658 -3.8485630266877107 -1.3627701865367925 1.0
-5.201477086849075 -3.812814580652047 -1.4494579070822493 1.0
-5.096826574765071 -3.8017833163008734 -1.5207699576400182 1.0
-4.980136192587101 -3.839813767227234 -1.5824701004901007 1.0
-4.811908534915344 -3.9361640901932478 -1.6647956710825886 1.0
-4.511348802383276 -4.00356157208933 -1.7981363499977365 1.0
-4.10264791207963 -3.845241850714733 -1.9956000700158647 1.0
-3.7895009278075698 -3.346532792226868 -2.300810271383934 1.0
-3.6648483749322778 -2.670961711673441 -2.784008472351685 1.0
-3.633992581443601 -2.359135070353014 -3.25124450432265 1.0
-3.546857513084556 -2.863045875865172 -2.9133391836189415 1.0
-3.5816657228967106 -3.8679256162653948 -2.2275717784245463 1.0
-3.2217388275544496 -4.165182790585315 -1.330000911888357 1.0
-3.2229021852067015 -3.683918644898949 -0.32673598812366156 1.0
-3.6327482858935087 -2.8622926535927316 0.21419715638769685 1.0
-4.071854581267757 -2.6658141190543243 0.09036252106777662 1.0
-4.205101319931339 -2.824859105919426 -0.05929062563103794 1.0
-4.196025580145471 -2.9607575035910654 -0.029277437168934915 1.0
-4.185623484061249 -2.9421186991136334 0.0051502808464196515 1.0
-4.161865638202687 -2.8535484560058313 -0.024573063845986835 1.0
-4.121173089879485 -2.7480924987164643 -0.055218393867596166 1.0
-4.087005030107761 -2.6228126838616896 -0.020532034429236148 1.0
-4.085297040434263 -2.4969757702394717 0.06596756037386445 1.0
-4.113724874539653 -2.3855526713465816 0.16387535971587305 1.0
-4.149488579122092 -2.287235973588421 0.26068227743101274 1.0
-4.171904266322337 -2.1956878162715596 0.3735609433140398 1.0
-4.198562221570966 -2.1174893160390993 0.5186455280610169 1.0
-4.279979102099809 -2.0867318833346427 0.6302686078882149 1.0
-4.316501403959847 -2.1250766577056135 0.546345353097264 1.0
-4.005034057040253 -2.141250206363691 0.40399932867491783 1.0
-3.4311587528341816 -1.9958602263339282 0.8089983365971967 1.0
-3.494125207553538 -1.5690667194221102 1.8647815466518458 1.0
-4.121592573940656 -1.0669563167194571 2.7600130154565834 1.0
-4.445367564659898 -1.3098588488271106 3.2471491318343713 1.0
-4.467341571157672 -2.3674592036881608 3.402771323501906 1.0
-4.382698462199947 -3.3622235184201354 2.9456901531572237 1.0
-4.5584792126937295 -4.032820736004608 2.2682841253202453 1.0
-4.8968613766725895 -4.157474618632185 1.7560733377664675 1.0
-5.159837106085185 -4.075866015123289 1.4772753412999713 1.0
-5.278338010561719 -4.007961556093397 1.3032499799488433 1.0
-5.3215905713269915 -3.9869967949108274 1.1680018479687277 1.0
-5.355241386028216 -4.011419437673473 1.0547921826464113 1.0
-5.403418996668307 -4.058424096677667 0.9551457464361777 1.0
-5.461537414405362 -4.104255396480425 0.860326041819572 1.0
-5.519892464675598 -4.141037129375083 0.7643894670056333 1.0
-5.573960693595609 -4.169997872913521 0.6651075182821599 1.0
-5.621776631634285 -4.194407486168285 0.5625735581217712 1.0
-5.662120396414827 -4.222487692313216 0.4514253145484937 1.0
-5.698511422903889 -4.249147604961345 0.2950175514363087 1.0
-5.797259360872934 -4.162006242463996 0.06021291433298139 1.0
-6.030264136379329 -3.846246429302703 -0.05663024294291272 1.0
-5.97517196483785 -3.706618884802335 0.20944642766949906 1.0
-5.756226507410786 -4.105215333239102 -0.7278852031491515 0.0 1,0,0 coil/filament1/filament2
-5.556012996296274 2.558291281936487 1.2111990515311308 1.0
-5.537406822089039 2.7713799484517887 1.3853152581973214 1.0
-5.965085598370697 2.7272550705875225 0.669949523729142 1.0
-6.278443916282319 2.674720067591095 0.4712732429363646 1.0
-6.344454533798949 2.8444920900843007 0.6504321854200726 1.0
-6.26570726526718 2.8898984932181575 0.8090574818284232 1.0
-6.179567388085915 2.857426480141068 0.9185342383593686 1.0
-6.106220745711003 2.813408960501428 1.012999533568456 1.0
-6.031262554823272 2.768826024348827 1.1018508644521467 1.0
-5.950280914355327 2.7252566922504755 1.1861992016991776 1.0
-5.862184934481386 2.6837646114041798 1.2663996490990468 1.0
-5.765634071676434 2.646157274304903 1.3424410537207485 1.0
-5.659057979650271 2.615363429895658 1.4131610087018602 1.0
-5.541711470296886 2.595878880866321 1.475905291049522 1.0
-5.4156133462152205 2.59341461526606 1.527805417782958 1.0
-5.287251725067716 2.613602584409434 1.5698893778689345 1.0
-5.1654446306409305 2.660073161531459 1.6129094020179537 1.0
-5.04883299849963 2.727829709923608 1.678520708795736 1.0
-4.91152071490471 2.7907640966852334 1.7814760768456515 1.0
-4.721989852956995 2.8055984334634823 1.899925555157843 1.0
-4.486829398408807 2.7451679840784844 1.9878009913656578 1.0
-4.250597965752512 2.6345756109728824 2.024364787226273 1.0
-4.024982056302349 2.5669504237025604 2.018194349100335 1.0
-3.770919772026658 2.661577506974729 1.9419922012459396 1.0
-3.488558593231902 2.9415270795043424 1.6440232216293205 1.0
-3.321097308270544 3.1287561260861207 1.0183959165852938 1.0
-3.411239839408811 2.9215746981840565 0.4250828553134514 1.0
-3.599007207846971 2.5267065075142345 0.2012907288288803 1.0
-3.724098804314338 2.350501391700198 0.17270769561273375 1.0
-3.82335662797089 2.3671023257504937 0.1371831643069641 1.0
-3.9241414336592535 2.423865722868222 0.07614117833278736 1.0
-4.017569425361794 2.452235054805887 0.017254210648296853 1.0
-4.094242316151544 2.444518012617182 -0.018386663783318786 1.0
-4.147911325866197 2.409420652763481 -0.029456218355778746 1.0
-4.182583283688269 2.353617244436812 -0.03411733618616516 1.0
-4.215218832956768 2.283007325300109 -0.05317601920997758 1.0
-4.261212771402777 2.209165120608585 -0.0937048885209843 1.0
-4.322807853556583 2.142629239819341 -0.15039710154989788 1.0
-4.393625062676133 2.084445566603972 -0.21666336563028946 1.0
-4.464488550092607 2.0290818260352306 -0.292291825385005 1.0
-4.521737087936515 1.9736376117645538 -0.38292662862559557 1.0
-4.548292895457759 1.924877342020263 -0.49056461417810243 1.0
-4.533798651533697 1.8968729400848845 -0.6135110351392129 1.0
-4.49199053102684 1.8877833574487028 -0.7641672305196197 1.0
-4.477352543896583 1.857810124203632 -0.9430052778487266 1.0
-4.522249045040122 1.7885696307192218 -1.0773667137840535 1.0
-4.535807023567288 1.7546081298365597 -1.1270895448128333 1.0
-4.428090128143194 1.8597275197537224 -1.3056842757048701 1.0
-4.4231522841898405 2.1871849029865693 -1.7902975276139312 1.0
-4.786964236117876 2.67985284804677 -2.19319239824865 1.0
-5.281112137399854 3.1105825577942894 -2.1829311850852293 1.0
-5.6699081747815026 3.324772718448875 -1.83205885014957 1.0
-5.915085335961921 3.2822856758967203 -1.401727918714058 1.0
-6.007554355220668 3.0693501019069878 -1.1049375389226521 1.0
-6.009541334453448 2.8315780953923295 -0.9698721271975246 1.0
-6.052745488707473 2.683507758905599 -0.8814985462139611 1.0
-6.145761171634096 2.645013113392223 -0.766724664609381 1.0
-6.2232865062331015 2.6787601658225606 -0.6424108911257016 1.0
-6.2736670148831255 2.744128165940956 -0.5271747319644066 1.0
-6.318039651622457 2.815305557984212 -0.413866602830636 1.0
-6.351463611733701 2.8548955320848477 -0.2857389380473997 1.0
-6.389876528826931 2.79581973672945 -0.1659658462108067 1.0
-6.446719281250701 2.7079921226872803 -0.2375017865522067 1.0
-5.989345658576519 2.649460963357486 -0.6616042139271485 1.0
-5.556012996296274 2.558291281936487 1.2111990515311308 0.0 2,0,0 coil/filament1/filament2
-5.556012996296273 -2.55829128193648 -1.211199051531132 1.0
-5.537406822089035 -2.7713799484517874 -1.3853152581973212 1.0
-5.965085598370696 -2.7272550705875247 -0.6699495237291442 1.0
-6.278443916282317 -2.674720067591098 -0.471273242936367 1.0
-6.344454533798946 -2.8444920900843003 -0.6504321854200739 1.0
-6.265707265267178 -2.889898493218156 -0.8090574818284236 1.0
-6.179567388085916 -2.8574264801410667 -0.9185342383593685 1.0
-6.1062207457110045 -2.8134089605014263 -1.0129995335684565 1.0
-6.031262554823273 -2.7688260243488267 -1.1018508644521476 1.0
-5.950280914355329 -2.7252566922504755 -1.1861992016991791 1.0
-5.8621849344813866 -2.6837646114041798 -1.2663996490990483 1.0
-5.765634071676434 -2.6461572743049024 -1.3424410537207507 1.0
-5.65905797965027 -2.6153634298956594 -1.4131610087018627 1.0
-5.541711470296885 -2.595878880866322 -1.4759052910495247 1.0
-5.415613346215219 -2.593414615266063 -1.52780541778296 1.0
-5.287251725067713 -2.613602584409438 -1.5698893778689345 1.0
-5.1654446306409305 -2.6600731615314595 -1.612909402017952 1.0
-5.048832998499634 -2.7278297099236064 -1.678520708795731 1.0
-4.911520714904721 -2.7907640966852343 -1.7814760768456457 1.0
-4.721989852957009 -2.8055984334634916 -1.8999255551578422 1.0
-4.486829398408817 -2.7451679840785075 -1.9878009913656671 1.0
-4.2505979657525055 -2.6345756109729117 -2.024364787226286 1.0
-4.024982056302328 -2.566950423702586 -2.018194349100339 1.0
-3.7709197720266308 -2.661577506974744 -1.9419922012459285 1.0
-3.4885585932318843 -2.9415270795043416 -1.6440232216293018 1.0
-3.3210973082705375 -3.1287561260861154 -1.0183959165852852 1.0
-3.41123983940881 -2.921574698184056 -0.425082855313448 1.0
-3.599007207846973 -2.5267065075142363 -0.2012907288288773 1.0
-3.72409880431434 -2.3505013917002007 -0.17270769561273266 1.0
-3.823356627970891 -2.367102325750497 -0.1371831643069652 1.0
-3.9241414336592526 -2.423865722868222 -0.07614117833278602 1.0
-4.017569425361795 -2.4522350548058838 -0.017254210648295274 1.0
-4.0942423161515435 -2.4445180126171793 0.018386663783320302 1.0
-4.147911325866198 -2.4094206527634783 0.02945621835578098 1.0
-4.18258328368827 -2.35361724443681 0.03411733618616519 1.0
-4.215218832956768 -2.2830073253001073 0.053176019209977145 1.0
-4.261212771402779 -2.2091651206085836 0.09370488852098478 1.0
-4.322807853556585 -2.1426292398193385 0.15039710154989902 1.0
-4.393625062676132 -2.084445566603972 0.2166633656302928 1.0
-4.464488550092605 -2.0290818260352297 0.2922918253850078 1.0
-4.521737087936511 -1.9736376117645522 0.3829266286255961 1.0
-4.548292895457758 -1.9248773420202605 0.4905646141781003 1.0
-4.533798651533698 -1.8968729400848827 0.6135110351392078 1.0
-4.4919905310268415 -1.8877833574487033 0.764167230519613 1.0
-4.477352543896583 -1.8578101242036351 0.9430052778487231 1.0
-4.522249045040125 -1.7885696307192254 1.077366713784058 1.0
-4.535807023567303 -1.7546081298365637 1.1270895448128324 1.0
-4.428090128143198 -1.8597275197537317 1.305684275704856 1.0
-4.4231522841898245 -2.187184902986596 1.7902975276139184 1.0
-4.7869642361178535 -2.679852848046816 2.1931923982486343 1.0
-5.2811121373998375 -3.110582557794333 2.182931185085203 1.0
-5.669908174781494 -3.3247727184488967 1.8320588501495416 1.0
-5.915085335961916 -3.282285675896718 1.4017279187140417 1.0
-6.007554355220662 -3.0693501019069758 1.1049375389226506 1.0
-6.009541334453448 -2.8315780953923237 0.969872127197529 1.0
-6.052745488707479 -2.6835077589056002 0.8814985462139627 1.0
-6.145761171634098 -2.645013113392227 0.7667246646093806 1.0
-6.223286506233099 -2.6787601658225637 0.6424108911257003 1.0
-6.27366701488312 -2.744128165940962 0.5271747319644059 1.0
-6.318039651622455 -2.8153055579842183 0.4138666028306348 1.0
-6.351463611733699 -2.8548955320848513 0.28573893804739786 1.0
-6.389876528826927 -2.795819736729451 0.1659658462108057 1.0
-6.446719281250691 -2.707992122687283 0.23750178655220971 1.0
-5.989345658576512 -2.649460963357494 0.6616042139271556 1.0
-5.556012996296273 -2.55829128193648 -1.211199051531132 0.0 3,0,0 coil/filament1/filament2
-5.665092592160652 1.9774524077303812 1.100581578656886 1.0
-5.560458357096228 1.871581495690045 1.4265309298137954 1.0
-6.004339688905245 1.8718671082690697 0.7893907692352531 1.0
-6.192341801906991 1.8414812318430709 0.5743035590334137 1.0
-6.256112550875177 1.8131521783156541 0.6470134709822501 1.0
-6.258976201603051 1.80627335707166 0.7521717743490084 1.0
-6.211963462725246 1.8085676642205082 0.8610295014109649 1.0
-6.137889631332176 1.8122441457600507 0.9595665784275698 1.0
-6.053607893284451 1.8138438257575578 1.0464555476763722 1.0
-5.9654417874613985 1.8104221212506586 1.127894309311865 1.0
-5.874953311437774 1.8007716256944004 1.2068963479207115 1.0
-5.782762971289157 1.7851865151967827 1.2846421350271564 1.0
-5.688815392706769 1.7650045014263027 1.3615644511291556 1.0
-5.5924313215446775 1.7425799931704478 1.4371318680341483 1.0
-5.492781188146336 1.7211228137283725 1.5101286133138656 1.0
-5.389028213768918 1.7034016155929295 1.579422521216405 1.0
-5.280492563383405 1.689347886002589 1.644182638467996 1.0
-5.1667820698354054 1.6753115013933444 1.7040826859843383 1.0
-5.045179306920662 1.6563281289065392 1.7594922794545818 1.0
-4.908575852313106 1.62736863687616 1.808733859629 1.0
-4.749810653619424 1.5845001382879442 1.8463628533394003 1.0
-4.561908248438002 1.5301299034367966 1.8646108202284069 1.0
-4.33636637349473 1.4736812549479674 1.848378706344337 1.0
-4.075538688646518 1.4277567139034362 1.7697932250735517 1.0
-3.8109127061414894 1.4016259209445516 1.6003758593246054 1.0
-3.5973213370726165 1.3904604883369012 1.342342011194003 1.0
-3.472092995761288 1.3864117563920657 1.0377817441851134 1.0
-3.4336012904591278 1.3968934980127607 0.7377122188000315 1.0
-3.459308289388056 1.434486000748746 0.47553717802840445 1.0
-3.527266358602012 1.502713037434498 0.26371446826170636 1.0
-3.6226089139702022 1.5917361174916147 0.10580804555846414 1.0
-3.729772342777056 1.682990942237332 -0.0018554127768710253 1.0
-3.834406653981802 1.7622759361475868 -0.0732971674797241 1.0
-3.9286555047346488 1.8245330163725282 -0.12364911783190921 1.0
-4.008863492734818 1.86885082380831 -0.16496453112789802 1.0
-4.075729463646417 1.8953480616871399 -0.20717598742050727 1.0
-4.134323425069012 1.9055656896806148 -0.25544315405551565 1.0
-4.190224807653487 1.9026018555850144 -0.3099661472239866 1.0
-4.247153559297266 1.8899040477967344 -0.36935509261254407 1.0
-4.307400755871381 1.8701633162042675 -0.4325667386167174 1.0
-4.372256372455568 1.8451543748558097 -0.49889365935265195 1.0
-4.441629212750012 1.816070694064991 -0.5680842398043708 1.0
-4.513887646131552 1.7838436629676222 -0.6408703620114554 1.0
-4.586515573943898 1.7491537632156957 -0.7188821221682724 1.0
-4.657477359363874 1.7118668780839692 -0.8038810674016156 1.0
-4.7273863436471215 1.670273671943183 -0.8974571435670413 1.0
-4.802564649660747 1.6212432264008527 -1.0003930638262306 1.0
-4.895280152413349 1.561790199321741 -1.1082050833697754 1.0
-5.014256862524126 1.4916728366479692 -1.2076870054736877 1.0
-5.156485924713487 1.4173539179090908 -1.2836029554466268 1.0
-5.314024581462523 1.3624814818453963 -1.3208959152651447 1.0
-5.459848560839779 1.3647076260691169 -1.3207495777661904 1.0
-5.580095148754894 1.4333520499543257 -1.3523716717977194 1.0
-5.760643457683145 1.595080173037173 -1.4577389894948534 1.0
-6.044692350838146 1.876239937038829 -1.4899059733475304 1.0
-6.313772398743217 2.1466480562404993 -1.3053285045561904 1.0
-6.430317585931268 2.2488887692660597 -0.9894753818091699 1.0
-6.3742144720063525 2.1621999922227864 -0.7600281158500322 1.0
-6.259141278217624 1.9583333436842398 -0.6752946704323501 1.0
-6.2506068036683935 1.8092104144655903 -0.5569363143603482 1.0
-6.317928721687307 1.7881859062490288 -0.4126769791302938 1.0
-6.4041810934307835 1.8378372028859138 -0.3484917554658612 1.0
-6.617194136030923 1.9850980489625978 -0.3575682518153914 1.0
-6.135416352624591 1.9097173035995247 -0.6323059143501942 1.0
-5.665092592160652 1.9774524077303812 1.100581578656886 0.0 4,0,0 coil/filament1/filament2
-5.6650925921606445 -1.9774524077303715 -1.1005815786568938 1.0
-5.560458357096225 -1.8715814956900443 -1.4265309298137985 1.0
-6.004339688905245 -1.871867108269074 -0.789390769235255 1.0
-6.192341801906991 -1.8414812318430747 -0.5743035590334133 1.0
-6.256112550875177 -1.813152178315654 -0.6470134709822492 1.0
-6.258976201603052 -1.806273357071659 -0.7521717743490087 1.0
-6.211963462725244 -1.8085676642205073 -0.8610295014109655 1.0
-6.137889631332175 -1.8122441457600496 -0.9595665784275693 1.0
-6.053607893284451 -1.8138438257575558 -1.046455547676372 1.0
-5.965441787461398 -1.8104221212506566 -1.1278943093118647 1.0
-5.874953311437774 -1.8007716256943995 -1.206896347920711 1.0
-5.782762971289157 -1.785186515196783 -1.2846421350271564 1.0
-5.688815392706769 -1.765004501426305 -1.361564451129155 1.0
-5.592431321544677 -1.7425799931704504 -1.437131868034148 1.0
-5.492781188146334 -1.7211228137283754 -1.510128613313866 1.0
-5.389028213768916 -1.703401615592932 -1.5794225212164066 1.0
-5.280492563383403 -1.6893478860025926 -1.6441826384679976 1.0
-5.166782069835405 -1.6753115013933468 -1.7040826859843394 1.0
-5.045179306920664 -1.6563281289065415 -1.7594922794545833 1.0
-4.908575852313107 -1.6273686368761644 -1.8087338596290026 1.0
-4.749810653619424 -1.5845001382879491 -1.8463628533394052 1.0
-4.5619082484380025 -1.5301299034368008 -1.8646108202284128 1.0
-4.336366373494728 -1.4736812549479714 -1.8483787063443422 1.0
-4.075538688646514 -1.42775671390344 -1.7697932250735546 1.0
-3.810912706141485 -1.4016259209445558 -1.6003758593246047 1.0
-3.5973213370726134 -1.3904604883369076 -1.3423420111940032 1.0
-3.4720929957612854 -1.3864117563920721 -1.0377817441851134 1.0
-3.433601290459125 -1.3968934980127679 -0.737712218800031 1.0
-3.4593082893880545 -1.4344860007487532 -0.47553717802840423 1.0
-3.527266358602011 -1.5027130374345048 -0.26371446826170775 1.0
-3.622608913970202 -1.5917361174916191 -0.10580804555846535 1.0
-3.7297723427770557 -1.6829909422373344 0.001855412776871264 1.0
-3.834406653981801 -1.7622759361475897 0.0732971674797236 1.0
-3.928655504734648 -1.8245330163725308 0.12364911783190868 1.0
-4.008863492734817 -1.868850823808311 0.16496453112789897 1.0
-4.075729463646417 -1.8953480616871399 0.20717598742050863 1.0
-4.134323425069013 -1.9055656896806157 0.25544315405551693 1.0
-4.19022480765349 -1.9026018555850155 0.30996614722398763 1.0
-4.247153559297269 -1.889904047796733 0.36935509261254346 1.0
-4.307400755871383 -1.8701633162042652 0.43256673861671574 1.0
-4.372256372455568 -1.8451543748558072 0.4988936593526501 1.0
-4.441629212750011 -1.8160706940649867 0.568084239804369 1.0
-4.513887646131552 -1.7838436629676175 0.6408703620114534 1.0
-4.586515573943898 -1.7491537632156915 0.7188821221682696 1.0
-4.657477359363874 -1.7118668780839665 0.8038810674016116 1.0
-4.7273863436471215 -1.6702736719431823 0.8974571435670364 1.0
-4.802564649660747 -1.6212432264008567 1.0003930638262264 1.0
-4.89528015241335 -1.561790199321749 1.108205083369772 1.0
-5.014256862524124 -1.4916728366479806 1.2076870054736843 1.0
-5.156485924713483 -1.417353917909104 1.2836029554466288 1.0
-5.314024581462524 -1.3624814818454072 1.3208959152651516 1.0
-5.459848560839784 -1.3647076260691264 1.3207495777661917 1.0
-5.580095148754894 -1.4333520499543353 1.3523716717977137 1.0
-5.760643457683137 -1.5950801730371837 1.4577389894948485 1.0
-6.044692350838131 -1.876239937038847 1.489905973347526 1.0
-6.313772398743192 -2.146648056240522 1.3053285045561849 1.0
-6.430317585931248 -2.248888769266075 0.9894753818091633 1.0
-6.374214472006337 -2.162199992222789 0.7600281158500298 1.0
-6.259141278217618 -1.9583333436842387 0.6752946704323459 1.0
-6.250606803668402 -1.8092104144656007 0.5569363143603405 1.0
-6.317928721687319 -1.7881859062490448 0.4126769791302914 1.0
-6.404181093430792 -1.8378372028859276 0.34849175546586425 1.0
-6.617194136030922 -1.9850980489626133 0.3575682518153925 1.0
-6.135416352624587 -1.9097173035995403 0.6323059143502028 1.0
-5.6650925921606445 -1.9774524077303715 -1.1005815786568938 0.0 5,0,0 coil/filament1/filament2
-5.612820277761212 1.4354080197002266 1.1050763908588197 1.0
-5.595821946117785 0.9736224691174706 1.4108380287156783 1.0
-5.956858559962907 0.9845706263022711 0.8574449807795175 1.0
-6.101865471060584 1.2780142631596882 0.6071588662388189 1.0
-6.323940158582505 1.3868014616295163 0.5595109965694974 1.0
-6.432648623183129 1.1832379539200018 0.6526702976937889 1.0
-6.341214349788683 1.0542777148971412 0.7897618024279897 1.0
-6.231448375207377 1.0288137148463339 0.9078471747162425 1.0
-6.151906320478026 1.0104173491110862 1.0151789962504896 1.0
-6.078251198700247 0.9718918641243015 1.1154176047182678 1.0
-6.000166446361387 0.9166946824345357 1.2047820617712748 1.0
-5.918013408504975 0.8488649327866359 1.2807593465661808 1.0
-5.833847754070953 0.7713008527104811 1.3424666501418556 1.0
-5.748889711763016 0.6873351315514088 1.3909350300832182 1.0
-5.662593739703462 0.6002455286209307 1.428540119481948 1.0
-5.572835446297072 0.5116815977490082 1.4576924655743462 1.0
-5.4752147340176425 0.42257642454425537 1.4809067310886446 1.0
-5.363308507216374 0.3371456549238479 1.4995365347748015 1.0
-5.233725014181716 0.26117698069808315 1.5107990299148328 1.0
-5.086437043640782 0.1959405823318696 1.5096786019897552 1.0
-4.920459797260565 0.14379541045795632 1.4927063152846993 1.0
-4.7396977005169685 0.11122607098587965 1.4561078576446038 1.0
-4.5537856024017165 0.09712830584443832 1.3945926727758948 1.0
-4.367616462720253 0.09724616884232273 1.304317682882556 1.0
-4.186050878246635 0.1122220728373698 1.1831995867037368 1.0
-4.019717654077661 0.13937769263871316 1.0312459313419364 1.0
-3.8789473993291104 0.17613471412676038 0.8525445256949641 1.0
-3.7732949680137917 0.22400560227715158 0.6585825759635072 1.0
-3.7057980967588517 0.28319430054804967 0.4646809144771371 1.0
-3.669949673153337 0.3546754734835043 0.2801570225137297 1.0
-3.6588029691143267 0.44038596254326434 0.10914885917713268 1.0
-3.668065655373362 0.5386033630166864 -0.04506418391862072 1.0
-3.69382616895679 0.6435391778502567 -0.18108781329104556 1.0
-3.732703519062989 0.748302478886914 -0.3005808224284333 1.0
-3.7828633928061257 0.8481896819083649 -0.40662343547865826 1.0
-3.842117867602928 0.9411422258131125 -0.5003742877795115 1.0
-3.905906973816095 1.0241776883049563 -0.5823916999881052 1.0
-3.971130786237376 1.0920923086848608 -0.6569169464728918 1.0
-4.040450715018771 1.1412741166076996 -0.7298304534138099 1.0
-4.119284881972078 1.1724592946521655 -0.8030953598328217 1.0
-4.210339029174379 1.1889321126784458 -0.8743734800500702 1.0
-4.312729969258071 1.1935949859287212 -0.940482516407714 1.0
-4.424150864602672 1.1879311283412501 -0.9992685221905899 1.0
-4.542176426302216 1.1723660872084118 -1.0493566253903182 1.0
-4.664318516334132 1.1467572544249451 -1.0896402539475103 1.0
-4.787928293579811 1.1107273452826858 -1.1191657851044337 1.0
-4.910359714591009 1.0639906399028984 -1.1374155889787594 1.0
-5.029552070496371 1.0066768526084802 -1.145140285923991 1.0
-5.145311280438111 0.9398920097154808 -1.1454217766272978 1.0
-5.260496398461356 0.8671318951997453 -1.1434052820870606 1.0
-5.379445106622771 0.7956326824837091 -1.1432592905011791 1.0
-5.503183573222923 0.7334924572089975 -1.1451723145100359 1.0
-5.629141880919357 0.6817950829284434 -1.14727739641849 1.0
-5.761344741071176 0.6336386347156989 -1.146765953025963 1.0
-5.914016261535068 0.5915551812558453 -1.132532229244381 1.0
-6.090271850452279 0.5854700026744413 -1.0908387619297413 1.0
-6.264579448398601 0.656987798593029 -1.0362303594564841 1.0
-6.409688142187887 0.8214441835762955 -0.9983740164322552 1.0
-6.535892266148838 1.0494385452884187 -0.9437016612670835 1.0
-6.652070886706785 1.2706293382108769 -0.7778495149193542 1.0
-6.685021506474394 1.400075797392459 -0.4992185565180864 1.0
-6.616892093452027 1.4825486202237887 -0.28950773243826744 1.0
-6.541527577748232 1.4946872727038147 -0.3774558080198069 1.0
-6.030871617420084 1.1329388964228442 -0.7838647111324616 1.0
-5.612820277761212 1.4354080197002266 1.1050763908588197 0.0 6,0,0 coil/filament1/filament2
-5.612820277761209 -1.4354080197002235 -1.1050763908588208 1.0
-5.595821946117782 -0.9736224691174665 -1.4108380287156777 1.0
-5.956858559962907 -0.9845706263022705 -0.857444980779518 1.0
-6.101865471060583 -1.2780142631596905 -0.607158866238821 1.0
-6.323940158582502 -1.3868014616295186 -0.5595109965694978 1.0
-6.432648623183129 -1.1832379539200046 -0.6526702976937881 1.0
-6.341214349788684 -1.054277714897142 -0.7897618024279895 1.0
-6.2314483752073775 -1.028813714846334 -0.9078471747162432 1.0
-6.151906320478026 -1.0104173491110864 -1.0151789962504891 1.0
-6.078251198700248 -0.9718918641243023 -1.115417604718268 1.0
-6.000166446361386 -0.9166946824345367 -1.2047820617712754 1.0
-5.918013408504977 -0.8488649327866362 -1.2807593465661815 1.0
-5.8338477540709555 -0.7713008527104798 -1.3424666501418563 1.0
-5.748889711763018 -0.6873351315514071 -1.3909350300832202 1.0
-5.662593739703461 -0.6002455286209297 -1.4285401194819507 1.0
-5.572835446297072 -0.5116815977490082 -1.4576924655743473 1.0
-5.475214734017643 -0.4225764245442548 -1.4809067310886455 1.0
-5.363308507216373 -0.33714565492384707 -1.4995365347748035 1.0
-5.233725014181717 -0.26117698069808404 -1.510799029914835 1.0
-5.086437043640784 -0.19594058233186937 -1.5096786019897575 1.0
-4.920459797260565 -0.14379541045795363 -1.4927063152847007 1.0
-4.739697700516968 -0.11122607098587708 -1.4561078576446045 1.0
-4.5537856024017165 -0.09712830584443619 -1.3945926727758962 1.0
-4.367616462720251 -0.09724616884232021 -1.3043176828825578 1.0
-4.186050878246635 -0.11222207283736632 -1.1831995867037393 1.0
-4.0197176540776605 -0.13937769263870897 -1.0312459313419375 1.0
-3.878947399329108 -0.17613471412675524 -0.8525445256949634 1.0
-3.773294968013786 -0.2240056022771503 -0.6585825759635037 1.0
-3.7057980967588495 -0.28319430054805367 -0.4646809144771338 1.0
-3.6699496731533374 -0.3546754734835089 -0.2801570225137288 1.0
-3.658802969114329 -0.4403859625432676 -0.10914885917713346 1.0
-3.668065655373364 -0.5386033630166879 0.04506418391861895 1.0
-3.6938261689567917 -0.6435391778502566 0.18108781329104534 1.0
-3.7327035190629907 -0.7483024788869146 0.30058082242843503 1.0
-3.7828633928061275 -0.8481896819083665 0.40662343547865865 1.0
-3.842117867602929 -0.941142225813114 0.5003742877795103 1.0
-3.9059069738160956 -1.0241776883049565 0.5823916999881044 1.0
-3.971130786237377 -1.0920923086848613 0.656916946472891 1.0
-4.040450715018773 -1.1412741166077005 0.7298304534138086 1.0
-4.119284881972079 -1.1724592946521655 0.8030953598328193 1.0
-4.210339029174379 -1.188932112678445 0.874373480050067 1.0
-4.312729969258072 -1.1935949859287207 0.9404825164077119 1.0
-4.424150864602674 -1.1879311283412513 0.9992685221905876 1.0
-4.542176426302217 -1.172366087208413 1.0493566253903146 1.0
-4.664318516334133 -1.146757254424946 1.0896402539475067 1.0
-4.787928293579811 -1.110727345282687 1.1191657851044314 1.0
-4.910359714591009 -1.0639906399029002 1.1374155889787587 1.0
-5.029552070496372 -1.006676852608482 1.1451402859239912 1.0
-5.145311280438114 -0.9398920097154833 1.1454217766272985 1.0
-5.260496398461356 -0.8671318951997486 1.1434052820870633 1.0
-5.379445106622773 -0.7956326824837132 1.1432592905011814 1.0
-5.503183573222925 -0.7334924572090037 1.1451723145100372 1.0
-5.629141880919356 -0.6817950829284491 1.147277396418492 1.0
-5.761344741071174 -0.6336386347157035 1.1467659530259668 1.0
-5.914016261535071 -0.591555181255847 1.1325322292443853 1.0
-6.090271850452284 -0.5854700026744387 1.0908387619297442 1.0
-6.264579448398609 -0.6569877985930241 1.0362303594564817 1.0
-6.409688142187889 -0.821444183576294 0.9983740164322534 1.0
-6.5358922661488315 -1.0494385452884225 0.9437016612670888 1.0
-6.6520708867067775 -1.270629338210882 0.7778495149193622 1.0
-6.6850215064743885 -1.4000757973924571 0.49921855651808883 1.0
-6.616892093452026 -1.4825486202237792 0.28950773243826566 1.0
-6.541527577748235 -1.494687272703819 0.3774558080198047 1.0
-6.030871617420085 -1.13293889642285 0.7838647111324646 1.0
-5.612820277761209 -1.4354080197002235 -1.1050763908588208 0.0 7,0,0 coil/filament1/filament2
-6.655409469407783 0.12357573772433397 0.834311987164535 1.0
-6.516855234219147 0.2643523317969832 0.9876432099470391 1.0
-6.622682022325898 0.3301061580588308 0.6269771139889062 1.0
-6.6328759567932165 0.24949337425100962 0.5117045199201825 1.0
-6.483384025979358 0.16487445536499395 0.5368892728442168 1.0
-6.375570515800771 0.14884560436262176 0.612771872435431 1.0
-6.290515757282961 0.12731462642227193 0.6952700890849708 1.0
-6.201617378966699 0.08707760117750687 0.7683112449486527 1.0
-6.110124531504058 0.03349727553877271 0.8242323991082606 1.0
-6.020831359428292 -0.029676829852817183 0.8625727193348821 1.0
-5.937535047360364 -0.09842094617701333 0.8886036055298573 1.0
-5.860594035470472 -0.16905205332248602 0.9089855748321116 1.0
-5.787329288745531 -0.23810710607566754 0.9284617721593575 1.0
-5.714331260353703 -0.3021270121763065 0.9490305447029662 1.0
-5.639572133752205 -0.35844636829072796 0.9708669054427111 1.0
-5.5627481278136655 -0.4063304216931588 0.9932589674969358 1.0
-5.485620621512565 -0.4470467398271137 1.0150733026570817 1.0
-5.4139019290309305 -0.48585869343648824 1.036980546959261 1.0
-5.354557407407606 -0.5364917545834977 1.0621040648424915 1.0
-5.304984641438902 -0.6158857690888007 1.0884481724581296 1.0
-5.247751936051944 -0.727001210814051 1.1064888318553245 1.0
-5.16424040428306 -0.8581880326951385 1.105764701604824 1.0
-5.039641089129334 -0.9969591153220323 1.0671654211668475 1.0
-4.857139978749243 -1.1135231771017418 0.9795669513310261 1.0
-4.629339525042948 -1.173295774314199 0.8776656802729371 1.0
-4.402462531778334 -1.1825807288379098 0.7859761908981219 1.0
-4.206405670701095 -1.160632891479513 0.6907585066685715 1.0
-4.044365691966281 -1.1092905750979354 0.5814062265315868 1.0
-3.927615034676134 -1.0416824315458646 0.46465562361327106 1.0
-3.8494468239510042 -0.9857243127748616 0.3450928287997429 1.0
-3.7872786097796083 -0.9454397133392258 0.21479691784394406 1.0
-3.7319380249748253 -0.9046295177382228 0.06788178973039945 1.0
-3.6878181955050597 -0.848734968233694 -0.09519386763241251 1.0
-3.6635958230884 -0.7707310782179346 -0.26922950940165497 1.0
-3.6655984069145426 -0.672198779648121 -0.44546387150928746 1.0
-3.694685532573523 -0.5626318505431893 -0.615222719186458 1.0
-3.7483928172078946 -0.4553447829080197 -0.7749897074471629 1.0
-3.825097382208992 -0.35682687622085635 -0.9245896115950875 1.0
-3.9216516989776267 -0.2658988074317326 -1.060024191680912 1.0
-4.032442723970394 -0.18413383906674463 -1.1771253248499194 1.0
-4.1555427974343395 -0.1148741355133088 -1.276500975466958 1.0
-4.291562941261409 -0.056894296253134136 -1.3583527805821725 1.0
-4.437469277347595 -0.008064300903635835 -1.4205808162399138 1.0
-4.588384607735649 0.030334966502969768 -1.4626379053773397 1.0
-4.741371994578147 0.05612298746623398 -1.4856347761768327 1.0
-4.894276473546106 0.06895978939951687 -1.490342123100538 1.0
-5.044170127372197 0.0700063264981535 -1.4774176014375777 1.0
-5.188111469180703 0.06118653808884976 -1.4481823799462827 1.0
-5.324014662677759 0.045135324054368084 -1.404370378947092 1.0
-5.450554983581262 0.025028414762176848 -1.3477154335519173 1.0
-5.566843401222206 0.004113548753275648 -1.2799893208499125 1.0
-5.672376007971385 -0.014691884488369635 -1.203262433231712 1.0
-5.767292430029157 -0.029041346834421125 -1.1201540321643704 1.0
-5.852964388879411 -0.037436972815970346 -1.0340101902050522 1.0
-5.93290764970587 -0.039908483603997985 -0.9489097893219429 1.0
-6.013359549398842 -0.039877491102864294 -0.8692167880855157 1.0
-6.101051124275277 -0.047724766198324005 -0.798504975932478 1.0
-6.195217845834772 -0.08337137256760141 -0.740862932687523 1.0
-6.289492418252132 -0.17427277723377693 -0.7074981732703604 1.0
-6.421439130061876 -0.33658169297205753 -0.68832666392134 1.0
-6.655520504966186 -0.4882080030861894 -0.5712103029659714 1.0
-6.864502659097858 -0.36632218192804056 -0.2617274805796696 1.0
-6.862862906023071 0.16524411661530186 -0.06100304377174582 1.0
-6.631090542295961 0.5349201751061083 -0.5364708485873968 1.0
-6.655409469407783 0.12357573772433397 0.834311987164535 0.0 8,0,0 coil/filament1/filament2
-6.655409469407782 -0.12357573772433147 -0.8343119871645315 1.0
-6.516855234219148 -0.2643523317969811 -0.9876432099470369 1.0
-6.6226820223259 -0.3301061580588291 -0.6269771139889045 1.0
-6.6328759567932165 -0.2494933742510077 -0.5117045199201807 1.0
-6.483384025979358 -0.16487445536499293 -0.5368892728442153 1.0
-6.375570515800769 -0.1488456043626213 -0.6127718724354302 1.0
-6.290515757282959 -0.12731462642227037 -0.6952700890849716 1.0
-6.201617378966699 -0.08707760117750471 -0.7683112449486535 1.0
-6.1101245315040575 -0.03349727553877118 -0.8242323991082598 1.0
-6.020831359428291 0.02967682985281853 -0.86257271933488 1.0
-5.937535047360364 0.09842094617701566 -0.8886036055298555 1.0
-5.860594035470471 0.16905205332248827 -0.9089855748321104 1.0
-5.78732928874553 0.23810710607566876 -0.9284617721593557 1.0
-5.714331260353703 0.3021270121763087 -0.9490305447029642 1.0
-5.639572133752205 0.3584463682907313 -0.9708669054427099 1.0
-5.562748127813662 0.4063304216931608 -0.993258967496935 1.0
-5.485620621512559 0.44704673982711374 -1.01507330265708 1.0
-5.413901929030923 0.48585869343648375 -1.0369805469592575 1.0
-5.354557407407608 0.536491754583492 -1.0621040648424898 1.0
-5.304984641438911 0.6158857690888031 -1.0884481724581316 1.0
-5.2477519360519524 0.7270012108140619 -1.1064888318553254 1.0
-5.164240404283062 0.8581880326951505 -1.1057647016048222 1.0
-5.039641089129329 0.9969591153220406 -1.067165421166842 1.0
-4.8571399787492355 1.1135231771017413 -0.9795669513310206 1.0
-4.629339525042945 1.1732957743141914 -0.8776656802729332 1.0
-4.402462531778342 1.1825807288379055 -0.7859761908981194 1.0
-4.206405670701108 1.16063289147952 -0.6907585066685685 1.0
-4.0443656919662905 1.1092905750979505 -0.5814062265315804 1.0
-3.9276150346761356 1.0416824315458788 -0.4646556236132628 1.0
-3.8494468239510025 0.985724312774871 -0.345092828799734 1.0
-3.7872786097796025 0.945439713339228 -0.21479691784393554 1.0
-3.7319380249748226 0.9046295177382206 -0.06788178973039377 1.0
-3.687818195505058 0.8487349682336913 0.09519386763241683 1.0
-3.6635958230883996 0.7707310782179304 0.26922950940165813 1.0
-3.6655984069145426 0.6721987796481161 0.4454638715092885 1.0
-3.6946855325735237 0.562631850543185 0.6152227191864569 1.0
-3.7483928172078946 0.4553447829080166 0.7749897074471606 1.0
-3.825097382208992 0.3568268762208539 0.9245896115950839 1.0
-3.921651698977626 0.2658988074317305 1.0600241916809081 1.0
-4.032442723970392 0.18413383906674335 1.1771253248499167 1.0
-4.155542797434339 0.11487413551330834 1.2765009754669565 1.0
-4.29156294126141 0.05689429625313289 1.3583527805821713 1.0
-4.437469277347595 0.008064300903633366 1.4205808162399127 1.0
-4.588384607735649 -0.03033496650297265 1.4626379053773384 1.0
-4.741371994578147 -0.05612298746623732 1.485634776176831 1.0
-4.894276473546105 -0.06895978939951995 1.4903421231005367 1.0
-5.044170127372197 -0.07000632649815526 1.4774176014375766 1.0
-5.188111469180705 -0.06118653808885197 1.4481823799462803 1.0
-5.324014662677759 -0.045135324054370735 1.4043703789470896 1.0
-5.450554983581261 -0.025028414762177365 1.3477154335519168 1.0
-5.566843401222205 -0.004113548753274698 1.2799893208499118 1.0
-5.672376007971383 0.014691884488370305 1.2032624332317103 1.0
-5.767292430029156 0.029041346834421902 1.1201540321643697 1.0
-5.8529643888794105 0.0374369728159717 1.034010190205052 1.0
-5.932907649705868 0.039908483604000164 0.9489097893219427 1.0
-6.013359549398842 0.039877491102866265 0.8692167880855154 1.0
-6.101051124275278 0.047724766198325635 0.7985049759324779 1.0
-6.195217845834774 0.08337137256760423 0.7408629326875233 1.0
-6.289492418252132 0.17427277723378023 0.7074981732703606 1.0
-6.421439130061878 0.3365816929720598 0.6883266639213397 1.0
-6.655520504966186 0.4882080030861909 0.5712103029659695 1.0
-6.864502659097855 0.36632218192804045 0.26172748057966805 1.0
-6.86286290602307 -0.16524411661530095 0.061003043771743225 1.0
-6.631090542295969 -0.5349201751061066 0.5364708485873884 1.0
-6.655409469407782 -0.12357573772433147 -0.8343119871645315 0.0 9,0,0 coil/filament1/filament2
