periods 0
begin filament
FOCUSADD Coils
-5.744176636462793 4.137589284595179 0.7334662319556127 1.0
-5.874036665758859 3.932619398180416 0.7764865827899456 1.0
-6.003280277690727 3.893670899770289 0.4028293656719883 1.0
-5.909771633691624 4.047178038693769 0.32640839470506267 1.0
-5.736251901686245 4.128921468291257 0.49465185450847515 1.0
-5.672049869656424 4.113324639821225 0.6372282059820027 1.0
-5.634226041400161 4.087228928876875 0.7479108267328561 1.0
-5.5905248363507765 4.060927926139701 0.8542734944536549 1.0
-5.542316527050986 4.028616174085857 0.9597648266551837 1.0
-5.490254328520663 3.9892909435869393 1.0643323642973184 1.0
-5.434403802406436 3.943350782053437 1.167676054921154 1.0
-5.372888521044255 3.8937371692320455 1.2696345135615381 1.0
-5.300291076213663 3.846341095603444 1.3690266461052472 1.0
-5.210695262956974 3.810121851505915 1.4603336116780417 1.0
-5.106282850490421 3.8007244499914052 1.5353024195250973 1.0
-4.990739547380147 3.844629979550327 1.5985297546107806 1.0
-4.822696330204796 3.95132106902227 1.6799767786388644 1.0
-4.514111204413716 4.0237890614376814 1.8067871405900904 1.0
-4.095220684489791 3.856219941245388 1.9917770252291234 1.0
-3.7821179667472955 3.345544753152325 2.2905824163604316 1.0
-3.663960549578663 2.6669928512762278 2.7766745002284816 1.0
-3.635184259828101 2.3610504255528615 3.2519226170219735 1.0
-3.5471999467777375 2.8755245972530217 2.925189913719795 1.0
-3.5682157938411483 3.890302840299652 2.262468853968873 1.0
-3.1774444127227692 4.177904594469289 1.416485090986001 1.0
-3.198047321227763 3.7017458133563492 0.3693774086939297 1.0
-3.6278977090803624 2.850826513658261 -0.20759039523491807 1.0
-4.071291958897044 2.6232644591868954 -0.05385161485296449 1.0
-4.237636439418452 2.7870011679734072 0.07964316356366961 1.0
-4.2344379267996 2.9403424876731963 0.012468214146206868 1.0
-4.186702747915135 2.9391111302481243 -0.01834248946395374 1.0
-4.137454128374753 2.8608761680393933 0.01422569995932387 1.0
-4.099237884450238 2.757892756001004 0.03801264295192232 1.0
-4.070269484421869 2.636401908498061 -0.0018235313834368708 1.0
-4.0674125350552615 2.5136064960607283 -0.09059066943316109 1.0
-4.093894170192642 2.4014834308704756 -0.1877193851230724 1.0
-4.129421432602344 2.3001971189209804 -0.279212176116113 1.0
-4.153132883621523 2.204178966789723 -0.38485794216104086 1.0
-4.185237309780628 2.1217287552060515 -0.5258344410264757 1.0
-4.278740946750549 2.090937945757756 -0.6317289410673247 1.0
-4.324481707735309 2.129763189575655 -0.5275970910612335 1.0
-3.9998408626199455 2.1504782217351592 -0.3765088202442729 1.0
-3.4023243378992216 2.0126657240158656 -0.7951304121980074 1.0
-3.4657935667701074 1.579394492518021 -1.8722549682620917 1.0
-4.10722114653918 1.070884391466707 -2.767259713124487 1.0
-4.43935601707761 1.3112052765820763 -3.2447359223976773 1.0
-4.462094420555433 2.3647431426207337 -3.393276562824078 1.0
-4.376123386579485 3.354583082853146 -2.9352820856044586 1.0
-4.556326199158085 4.022812223183915 -2.262931963838744 1.0
-4.904762489708512 4.148985729302104 -1.763192102427696 1.0
-5.1756463365657 4.07116435999652 -1.4901744484764687 1.0
-5.2939885919803364 4.005161996392366 -1.3122395196823025 1.0
-5.333832531584659 3.987333670839212 -1.1733925387078452 1.0
-5.364588479596094 4.018606173531151 -1.0621694977675287 1.0
-5.412747168399985 4.072160893918694 -0.9670936910145593 1.0
-5.473653442711281 4.120406659512756 -0.8747790770481031 1.0
-5.535795134865033 4.155741748290991 -0.7786624938530019 1.0
-5.593282056053116 4.181278325188092 -0.6780012160276538 1.0
-5.644506364315213 4.201904573105435 -0.5738024083272304 1.0
-5.690421564446219 4.225076755340136 -0.46273892708576236 1.0
-5.729574426735868 4.24003676788928 -0.3088530059497877 1.0
-5.826023617925581 4.1367226245011715 -0.05883298183564546 1.0
-6.098442181118176 3.816373633425062 0.07073789701564098 1.0
-6.071106291432587 3.700775345421003 -0.20364098242991055 1.0
-5.744176636462793 4.137589284595179 0.7334662319556127 0.0 0,0,0 coil/filament1/filament2
-5.7441766364627975 -4.137589284595174 -0.7334662319556122 1.0
-5.8740366657588625 -3.9326193981804134 -0.7764865827899428 1.0
-6.003280277690726 -3.893670899770291 -0.4028293656719855 1.0
-5.909771633691619 -4.047178038693769 -0.3264083947050615 1.0
-5.736251901686244 -4.128921468291254 -0.494651854508475 1.0
-5.672049869656423 -4.113324639821224 -0.6372282059820018 1.0
-5.634226041400158 -4.087228928876875 -0.747910826732856 1.0
-5.590524836350775 -4.0609279261396996 -0.8542734944536545 1.0
-5.542316527050983 -4.028616174085855 -0.9597648266551826 1.0
-5.490254328520663 -3.9892909435869357 -1.0643323642973164 1.0
-5.434403802406435 -3.9433507820534324 -1.1676760549211522 1.0
-5.3728885210442545 -3.8937371692320384 -1.2696345135615363 1.0
-5.300291076213664 -3.846341095603435 -1.3690266461052438 1.0
-5.210695262956978 -3.81012185150591 -1.460333611678039 1.0
-5.106282850490425 -3.800724449991407 -1.5353024195250946 1.0
-4.99073954738015 -3.844629979550334 -1.5985297546107748 1.0
-4.822696330204804 -3.951321069022286 -1.6799767786388553 1.0
-4.5141112044137195 -4.023789061437713 -1.8067871405900826 1.0
-4.095220684489786 -3.8562199412454263 -1.9917770252291278 1.0
-3.7821179667472777 -3.345544753152357 -2.290582416360454 1.0
-3.663960549578627 -2.6669928512762473 -2.776674500228518 1.0
-3.635184259828061 -2.361050425552866 -3.251922617021997 1.0
-3.547199946777726 -2.875524597253011 -2.925189913719788 1.0
-3.568215793841149 -3.8903028402996105 -2.262468853968891 1.0
-3.177444412722783 -4.177904594469288 -1.4164850909860507 1.0
-3.1980473212277647 -3.701745813356355 -0.3693774086939314 1.0
-3.6278977090803703 -2.850826513658272 0.20759039523490783 1.0
-4.071291958897048 -2.6232644591868994 0.05385161485297168 1.0
-4.237636439418455 -2.787001167973399 -0.07964316356366812 1.0
-4.234437926799599 -2.940342487673192 -0.01246821414621265 1.0
-4.186702747915136 -2.9391111302481296 0.018342489463951298 1.0
-4.137454128374756 -2.8608761680393986 -0.014225699959322852 1.0
-4.099237884450235 -2.7578927560010085 -0.03801264295191964 1.0
-4.070269484421867 -2.636401908498066 0.0018235313834414875 1.0
-4.06741253505526 -2.5136064960607314 0.09059066943316775 1.0
-4.093894170192645 -2.4014834308704813 0.1877193851230802 1.0
-4.12942143260235 -2.300197118920984 0.27921217611611915 1.0
-4.1531328836215335 -2.204178966789726 0.38485794216104224 1.0
-4.185237309780644 -2.121728755206054 0.5258344410264693 1.0
-4.278740946750556 -2.090937945757763 0.6317289410673113 1.0
-4.324481707735314 -2.129763189575662 0.527597091061214 1.0
-3.999840862619942 -2.1504782217351672 0.3765088202442408 1.0
-3.402324337899188 -2.0126657240158825 0.7951304121979875 1.0
-3.465793566770063 -1.5793944925180174 1.8722549682621417 1.0
-4.107221146539167 -1.0708843914666277 2.767259713124613 1.0
-4.439356017077611 -1.3112052765819866 3.2447359223978363 1.0
-4.462094420555452 -2.3647431426207293 3.393276562824195 1.0
-4.376123386579493 -3.354583082853173 2.935282085604495 1.0
-4.556326199158088 -4.022812223183943 2.2629319638387404 1.0
-4.904762489708522 -4.14898572930212 1.763192102427685 1.0
-5.175646336565708 -4.071164359996527 1.490174448476461 1.0
-5.293988591980343 -4.005161996392366 1.312239519682297 1.0
-5.333832531584661 -3.987333670839209 1.173392538707842 1.0
-5.364588479596091 -4.0186061735311505 1.062169497767526 1.0
-5.412747168399978 -4.072160893918697 0.9670936910145572 1.0
-5.473653442711278 -4.120406659512762 0.8747790770481012 1.0
-5.535795134865032 -4.155741748290997 0.7786624938529989 1.0
-5.593282056053117 -4.181278325188094 0.6780012160276508 1.0
-5.644506364315212 -4.201904573105436 0.573802408327228 1.0
-5.690421564446217 -4.225076755340135 0.46273892708576086 1.0
-5.729574426735863 -4.24003676788928 0.308853005949788 1.0
-5.826023617925573 -4.136722624501175 0.05883298183564757 1.0
-6.098442181118166 -3.8163736334250737 -0.07073789701564015 1.0
-6.0711062914325815 -3.7007753454210213 0.20364098242990436 1.0
-5.7441766364627975 -4.137589284595174 -0.7334662319556122 0.0 1,0,0 coil/filament1/filament2
-5.568793475413406 2.5085133292030024 1.151085106353524 1.0
-5.526006381786054 2.833604109287112 1.3959551660558256 1.0
-5.995914219060506 2.794152228869525 0.6824486295200584 1.0
-6.323269303487467 2.7026090885281615 0.47258975544927756 1.0
-6.376762240680448 2.8593612413916962 0.6478123272822613 1.0
-6.282721346914294 2.903873164018614 0.8147707485167562 1.0
-6.186942398506674 2.866172822072376 0.9260164213357756 1.0
-6.11037356088621 2.817816615053376 1.0184515306051412 1.0
-6.03442206545854 2.7711837977849663 1.1059214584005312 1.0
-5.95287343385363 2.7264844488184115 1.189504539247278 1.0
-5.86432523562301 2.68400901333335 1.2690619481008114 1.0
-5.7672714586943945 2.6452533357293673 1.3442959754690365 1.0
-5.660031894671025 2.6129463972578604 1.4139361220925604 1.0
-5.54188104162984 2.591305919197479 1.475747533623391 1.0
-5.414793348973161 2.5858848063611073 1.5279910312996858 1.0
-5.285270190620514 2.6032286040893298 1.5723839497698109 1.0
-5.163297267560197 2.6494352234531546 1.6181036927046395 1.0
-5.048960502980342 2.721251549638511 1.6847589260355769 1.0
-4.914546349699853 2.7909782198432698 1.7883899677200303 1.0
-4.7247264410638925 2.8117494959143015 1.9085482370247953 1.0
-4.48638641419504 2.7541016440144497 1.9970327317236416 1.0
-4.248372087392431 2.64418918063523 2.0327354355784255 1.0
-4.024219775489213 2.57863250934291 2.028070348457866 1.0
-3.7723257943343005 2.6820680488450876 1.9574843126809622 1.0
-3.492091184294421 2.9795459744246515 1.6591077520937132 1.0
-3.326496113238865 3.1749954335380908 1.0134442252032834 1.0
-3.412005319007447 2.954183453180316 0.4103011616287311 1.0
-3.5988325878170455 2.5371351223795857 0.19047942743999036 1.0
-3.7250988453527514 2.3527975484072265 0.169072893579227 1.0
-3.8243985154521383 2.365605603771453 0.13592497310520885 1.0
-3.925221025982549 2.4187250741500317 0.07486559812799166 1.0
-4.016320895685334 2.4451190932557276 0.013942952627181303 1.0
-4.088438875261802 2.436793962367262 -0.026210725361135168 1.0
-4.137008783167591 2.4023015378426122 -0.04168951763996407 1.0
-4.166343071921587 2.347681093600598 -0.04795238025079746 1.0
-4.194233603010572 2.276159260860748 -0.06614144093600317 1.0
-4.2383171002412805 2.198567659390609 -0.1047456334094087 1.0
-4.301685392948971 2.1273419947103402 -0.1580699562107861 1.0
-4.377852552356641 2.064851966412819 -0.21762498441955702 1.0
-4.458386409096664 2.0062046476570727 -0.284093675716387 1.0
-4.528253470066703 1.9502218550833534 -0.37040494227037324 1.0
-4.563860048136118 1.904845268538985 -0.48320134337978327 1.0
-4.550317136222838 1.8823507724886108 -0.6134298308901788 1.0
-4.50357505954059 1.8786357361670243 -0.7658000912929406 1.0
-4.482026727253028 1.85331889311668 -0.9429810000386273 1.0
-4.5223509694967 1.7885620672144356 -1.0769214627736152 1.0
-4.534557739780941 1.7600821666735385 -1.1253448471342884 1.0
-4.42118672693307 1.8691561683222986 -1.303325109062183 1.0
-4.403967131749837 2.2000593781836066 -1.789134229323144 1.0
-4.766439049580162 2.697053038564391 -2.192589510531449 1.0
-5.267095225534349 3.1299066069847465 -2.180389155318308 1.0
-5.66781814033502 3.3500857294015627 -1.8279348365460244 1.0
-5.932197188787396 3.312081805466683 -1.394058143242933 1.0
-6.029315976186862 3.0874061584587387 -1.09691726572294 1.0
-6.014133434164371 2.834073270425329 -0.966909830939279 1.0
-6.050815391711415 2.6805588341950934 -0.8834919526901729 1.0
-6.15132590187729 2.643144009356703 -0.7716617714928725 1.0
-6.230753785210812 2.6802432910904987 -0.6480514734811874 1.0
-6.279171482930427 2.752709966761242 -0.5345067224094258 1.0
-6.327710907105939 2.8342964004855418 -0.42239327258351445 1.0
-6.369335390512661 2.879555092226196 -0.2867041787674481 1.0
-6.406463419148553 2.8038983900487766 -0.15701983461090047 1.0
-6.471382113650873 2.7008462728358937 -0.2355206006811093 1.0
-6.03179451690797 2.6888396246812865 -0.6837246259148315 1.0
-5.568793475413406 2.5085133292030024 1.151085106353524 0.0 2,0,0 coil/filament1/filament2
-5.568793475413406 -2.508513329202994 -1.1510851063535226 1.0
-5.52600638178605 -2.8336041092871107 -1.395955166055825 1.0
-5.995914219060505 -2.794152228869527 -0.6824486295200611 1.0
-6.323269303487465 -2.7026090885281646 -0.4725897554492811 1.0
-6.376762240680446 -2.8593612413916953 -0.6478123272822633 1.0
-6.282721346914294 -2.903873164018613 -0.8147707485167565 1.0
-6.186942398506675 -2.866172822072374 -0.9260164213357756 1.0
-6.110373560886212 -2.8178166150533737 -1.0184515306051414 1.0
-6.034422065458544 -2.771183797784966 -1.1059214584005324 1.0
-5.9528734338536315 -2.726484448818412 -1.1895045392472794 1.0
-5.864325235623011 -2.6840090133333505 -1.2690619481008132 1.0
-5.767271458694394 -2.6452533357293677 -1.3442959754690385 1.0
-5.660031894671024 -2.6129463972578617 -1.4139361220925633 1.0
-5.541881041629839 -2.591305919197479 -1.4757475336233945 1.0
-5.4147933489731574 -2.5858848063611095 -1.527991031299688 1.0
-5.285270190620511 -2.6032286040893338 -1.5723839497698113 1.0
-5.163297267560196 -2.6494352234531537 -1.6181036927046375 1.0
-5.048960502980345 -2.7212515496385077 -1.6847589260355718 1.0
-4.914546349699861 -2.7909782198432684 -1.7883899677200243 1.0
-4.724726441063906 -2.8117494959143086 -1.908548237024794 1.0
-4.486386414195051 -2.754101644014473 -1.9970327317236505 1.0
-4.248372087392425 -2.644189180635261 -2.0327354355784393 1.0
-4.024219775489191 -2.578632509342937 -2.0280703484578706 1.0
-3.7723257943342725 -2.6820680488451027 -1.957484312680951 1.0
-3.492091184294402 -2.9795459744246515 -1.659107752093695 1.0
-3.326496113238859 -3.1749954335380886 -1.0134442252032752 1.0
-3.4120053190074464 -2.9541834531803173 -0.4103011616287278 1.0
-3.5988325878170464 -2.5371351223795884 -0.19047942743998775 1.0
-3.7250988453527545 -2.3527975484072288 -0.1690728935792265 1.0
-3.8243985154521396 -2.365605603771456 -0.1359249731052105 1.0
-3.925221025982549 -2.4187250741500304 -0.07486559812799094 1.0
-4.016320895685336 -2.445119093255724 -0.013942952627180361 1.0
-4.088438875261802 -2.4367939623672576 0.026210725361136077 1.0
-4.137008783167592 -2.4023015378426087 0.04168951763996586 1.0
-4.166343071921589 -2.347681093600596 0.04795238025079729 1.0
-4.194233603010572 -2.276159260860746 0.06614144093600295 1.0
-4.238317100241283 -2.198567659390608 0.10474563340940989 1.0
-4.301685392948973 -2.127341994710339 0.15806995621078856 1.0
-4.37785255235664 -2.064851966412822 0.21762498441956232 1.0
-4.45838640909666 -2.0062046476570763 0.2840936757163919 1.0
-4.528253470066698 -1.9502218550833545 0.3704049422703752 1.0
-4.563860048136115 -1.9048452685389834 0.483201343379781 1.0
-4.550317136222838 -1.8823507724886084 0.6134298308901733 1.0
-4.503575059540591 -1.878635736167024 0.7658000912929338 1.0
-4.482026727253026 -1.8533188931166829 0.9429810000386237 1.0
-4.522350969496704 -1.7885620672144384 1.0769214627736194 1.0
-4.534557739780959 -1.7600821666735422 1.1253448471342877 1.0
-4.421186726933076 -1.8691561683223077 1.3033251090621687 1.0
-4.40396713174982 -2.2000593781836337 1.7891342293231305 1.0
-4.766439049580139 -2.6970530385644373 2.1925895105314335 1.0
-5.267095225534332 -3.129906606984791 2.1803891553182817 1.0
-5.66781814033501 -3.3500857294015858 1.8279348365459942 1.0
-5.932197188787392 -3.3120818054666814 1.3940581432429158 1.0
-6.029315976186855 -3.0874061584587267 1.0969172657229385 1.0
-6.01413343416437 -2.8340732704253226 0.9669098309392833 1.0
-6.050815391711423 -2.680558834195096 0.8834919526901748 1.0
-6.151325901877296 -2.6431440093567087 0.7716617714928724 1.0
-6.23075378521081 -2.6802432910905023 0.6480514734811863 1.0
-6.279171482930424 -2.752709966761249 0.5345067224094252 1.0
-6.327710907105938 -2.8342964004855484 0.42239327258351317 1.0
-6.369335390512658 -2.879555092226199 0.28670417876744586 1.0
-6.406463419148549 -2.8038983900487775 0.1570198346108992 1.0
-6.471382113650863 -2.7008462728358977 0.235520600681113 1.0
-6.031794516907962 -2.688839624681296 0.6837246259148382 1.0
-5.568793475413406 -2.508513329202994 -1.1510851063535226 0.0 3,0,0 coil/filament1/filament2
-5.659167568965398 2.0135271767147227 1.1032200358060489 1.0
-5.546537495388113 1.8698884713095747 1.4550354099330223 1.0
-6.040079225484162 1.8828791934369675 0.8169167394513872 1.0
-6.228780755355764 1.85927226066205 0.5891887063805531 1.0
-6.272029278856828 1.817619221293685 0.6472583986839081 1.0
-6.268141432596852 1.804854573949401 0.7529071645871261 1.0
-6.216996553415074 1.805327371595696 0.8631072333614019 1.0
-6.139161175038385 1.8088999351133213 0.9602455796003735 1.0
-6.0525058287031746 1.8118427875998033 1.045182474000903 1.0
-5.963369668828979 1.8109342825189374 1.1257062588580051 1.0
-5.873169931131541 1.8046078305515025 1.2055244866813979 1.0
-5.782277907885195 1.7923034909035072 1.2856759610942798 1.0
-5.690215331871656 1.7742134495384463 1.365771856311123 1.0
-5.595852683787773 1.7519262532849729 1.4443536823940986 1.0
-5.498017851983841 1.7287393333628789 1.5197972457935343 1.0
-5.39558776144144 1.708161872505139 1.5910487337532733 1.0
-5.287702121591132 1.6909251278870554 1.6573337530228192 1.0
-5.17408791239895 1.6738368197615725 1.718326279099061 1.0
-5.052298735166331 1.6519824107499756 1.7746812264992218 1.0
-4.9153100522404 1.620114375416176 1.825143190125034 1.0
-4.755670476793348 1.5740636505627905 1.8645290193665354 1.0
-4.565563124688377 1.5162328962525675 1.8849751718673051 1.0
-4.335494213097438 1.4565033569792991 1.8704880625328737 1.0
-4.067938150060921 1.408376228863675 1.791576234931346 1.0
-3.7963326250593656 1.3817456958291021 1.6187123178246816 1.0
-3.577944290320269 1.371363438838475 1.3547500870620064 1.0
-3.4508625400225825 1.3684403757312615 1.0433570531570158 1.0
-3.4123118755235358 1.380161350080239 0.736536385745812 1.0
-3.4385679738753594 1.4197558957904637 0.46783699989193117 1.0
-3.5079272002640414 1.491416882252452 0.25026592099139117 1.0
-3.606219167105168 1.5850127516954116 0.08906787361212447 1.0
-3.717282779827311 1.6806816606642836 -0.018252560346978107 1.0
-3.8253891825779913 1.7631165141751939 -0.0866837092968297 1.0
-3.9220004777871837 1.8270284454393795 -0.13342012705269865 1.0
-4.00350952997203 1.871877155728347 -0.17200586418815794 1.0
-4.070929418247291 1.8983400872803418 -0.2127520812877487 1.0
-4.12975372858028 1.9083639825483487 -0.2604097500046569 1.0
-4.186001431063113 1.905160833701759 -0.31455071297799814 1.0
-4.243782038165674 1.8921431351921207 -0.3731967484740582 1.0
-4.30566381824895 1.8719883464458762 -0.434846317192427 1.0
-4.372979280636318 1.846550809775474 -0.4986441813011287 1.0
-4.445322673779538 1.817269668436863 -0.5648405822181223 1.0
-4.520324730135955 1.7855817259333755 -0.6354583534748456 1.0
-4.594358909891206 1.7527980609665765 -0.7135834003723988 1.0
-4.664324511961826 1.7188830223588698 -0.801491831882316 1.0
-4.730597184247428 1.6810266733549775 -0.9000648759588769 1.0
-4.800572423863127 1.6341491654924036 -1.0090765336998924 1.0
-4.888627857983047 1.5737509107304044 -1.1232361032489337 1.0
-5.005553760683342 1.4997080373547307 -1.22818642310278 1.0
-5.149245811499342 1.4205135122694534 -1.307504070454498 1.0
-5.310168459858908 1.362872682036737 -1.3452693169033856 1.0
-5.4550115858295865 1.3658770916041503 -1.3433521593492677 1.0
-5.568388701896568 1.4367375829992477 -1.3761195652279599 1.0
-5.749216428813801 1.6000003385681678 -1.4873340648552313 1.0
-6.048663129611211 1.8813782131689463 -1.5212821388470104 1.0
-6.336595149540847 2.1492291461701023 -1.327014366765667 1.0
-6.45735527900011 2.244858637791973 -1.0002849257051731 1.0
-6.384507932021702 2.151384565232059 -0.7818992711680924 1.0
-6.2571625945483795 1.9431888611575332 -0.7146196299204914 1.0
-6.261585284642872 1.8058535348504328 -0.5912899370410011 1.0
-6.339958474425557 1.8018191832722383 -0.4487872747104172 1.0
-6.416506882989504 1.8574936413159062 -0.4011872460307221 1.0
-6.6458623073625755 2.010041725557634 -0.4046913569745475 1.0
-6.17688295406329 1.9221064340443181 -0.68051926536855 1.0
-5.659167568965398 2.0135271767147227 1.1032200358060489 0.0 4,0,0 coil/filament1/filament2
-5.659167568965389 -2.013527176714708 -1.1032200358060589 1.0
-5.54653749538811 -1.8698884713095756 -1.4550354099330274 1.0
-6.040079225484162 -1.8828791934369742 -0.8169167394513904 1.0
-6.228780755355763 -1.859272260662054 -0.5891887063805529 1.0
-6.272029278856829 -1.8176192212936848 -0.647258398683907 1.0
-6.268141432596853 -1.8048545739494006 -0.7529071645871266 1.0
-6.216996553415074 -1.8053273715956948 -0.8631072333614025 1.0
-6.139161175038384 -1.80889993511332 -0.9602455796003734 1.0
-6.0525058287031746 -1.8118427875998007 -1.045182474000903 1.0
-5.963369668828978 -1.810934282518935 -1.1257062588580042 1.0
-5.873169931131541 -1.8046078305515012 -1.2055244866813963 1.0
-5.782277907885193 -1.7923034909035078 -1.2856759610942785 1.0
-5.690215331871655 -1.7742134495384505 -1.3657718563111212 1.0
-5.595852683787771 -1.7519262532849778 -1.4443536823940977 1.0
-5.498017851983838 -1.728739333362883 -1.519797245793534 1.0
-5.395587761441439 -1.708161872505143 -1.5910487337532746 1.0
-5.287702121591131 -1.6909251278870594 -1.6573337530228212 1.0
-5.1740879123989485 -1.6738368197615745 -1.7183262790990619 1.0
-5.0522987351663335 -1.6519824107499774 -1.7746812264992233 1.0
-4.915310052240401 -1.620114375416179 -1.825143190125037 1.0
-4.755670476793349 -1.5740636505627943 -1.8645290193665407 1.0
-4.565563124688378 -1.5162328962525704 -1.8849751718673116 1.0
-4.335494213097436 -1.4565033569793013 -1.87048806253288 1.0
-4.0679381500609155 -1.4083762288636772 -1.79157623493135 1.0
-3.79633262505936 -1.3817456958291048 -1.6187123178246818 1.0
-3.5779442903202656 -1.3713634388384794 -1.3547500870620066 1.0
-3.4508625400225785 -1.3684403757312669 -1.043357053157016 1.0
-3.412311875523532 -1.3801613500802459 -0.7365363857458115 1.0
-3.438567973875357 -1.4197558957904706 -0.4678369998919308 1.0
-3.5079272002640405 -1.4914168822524594 -0.2502659209913924 1.0
-3.606219167105168 -1.5850127516954164 -0.08906787361212586 1.0
-3.7172827798273107 -1.6806816606642865 0.018252560346977864 1.0
-3.8253891825779904 -1.7631165141751972 0.08668370929682838 1.0
-3.9220004777871824 -1.8270284454393828 0.1334201270526972 1.0
-4.003509529972028 -1.871877155728349 0.17200586418815825 1.0
-4.0709294182472915 -1.898340087280343 0.21275208128774967 1.0
-4.1297537285802814 -1.9083639825483514 0.260409750004658 1.0
-4.186001431063116 -1.9051608337017614 0.31455071297799914 1.0
-4.243782038165677 -1.8921431351921205 0.37319674847405765 1.0
-4.305663818248952 -1.8719883464458753 0.43484631719242584 1.0
-4.372979280636318 -1.846550809775473 0.4986441813011275 1.0
-4.445322673779538 -1.8172696684368597 0.5648405822181208 1.0
-4.520324730135955 -1.7855817259333708 0.6354583534748438 1.0
-4.594358909891205 -1.7527980609665716 0.713583400372396 1.0
-4.664324511961826 -1.7188830223588665 0.8014918318823118 1.0
-4.7305971842474275 -1.6810266733549764 0.9000648759588715 1.0
-4.800572423863126 -1.6341491654924072 1.009076533699888 1.0
-4.888627857983046 -1.573750910730412 1.1232361032489302 1.0
-5.0055537606833385 -1.4997080373547422 1.2281864231027768 1.0
-5.149245811499338 -1.4205135122694679 1.307504070454501 1.0
-5.31016845985891 -1.3628726820367492 1.3452693169033931 1.0
-5.455011585829593 -1.3658770916041607 1.3433521593492692 1.0
-5.568388701896566 -1.4367375829992575 1.376119565227953 1.0
-5.7492164288137895 -1.6000003385681796 1.4873340648552265 1.0
-6.048663129611196 -1.8813782131689656 1.5212821388470066 1.0
-6.336595149540824 -2.149229146170125 1.3270143667656624 1.0
-6.457355279000089 -2.2448586377919875 1.0002849257051685 1.0
-6.384507932021687 -2.15138456523206 0.7818992711680925 1.0
-6.257162594548377 -1.9431888611575305 0.7146196299204851 1.0
-6.261585284642885 -1.8058535348504452 0.5912899370409899 1.0
-6.339958474425569 -1.8018191832722548 0.448787274710414 1.0
-6.416506882989513 -1.857493641315919 0.401187246030725 1.0
-6.645862307362574 -2.0100417255576506 0.40469135697454917 1.0
-6.176882954063283 -1.9221064340443361 0.6805192653685601 1.0
-5.659167568965389 -2.013527176714708 -1.1032200358060589 0.0 5,0,0 coil/filament1/filament2
-5.668824732009074 1.5062227854156687 1.0142623972948686 1.0
-5.545176333769603 0.9632506080674973 1.4362404297402371 1.0
-5.950002587073772 0.9576546446147667 0.8849274615961122 1.0
-6.147753665612307 1.2664201821792682 0.5956604104908206 1.0
-6.3708110550456745 1.4254580728022177 0.543610310080886 1.0
-6.486251012929715 1.2036906361463195 0.652608317119788 1.0
-6.365552133397717 1.0576820213356528 0.7952692845690992 1.0
-6.236009124363782 1.0340449234717122 0.9106248967148086 1.0
-6.155748405952204 1.0135319341520144 1.0183255856399616 1.0
-6.087014320074926 0.9702267261968343 1.1211707664579706 1.0
-6.014030630555768 0.9110068662639217 1.2134735268447787 1.0
-5.936130267237779 0.8394479966885315 1.291792255140812 1.0
-5.855467940286569 0.7577878420951653 1.3544137559296223 1.0
-5.7735957426734466 0.6692254281534851 1.4021103141609461 1.0
-5.6900217609070785 0.5771307742899126 1.4375635632769928 1.0
-5.60210587327948 0.48321931631785303 1.4636172304781756 1.0
-5.504177989044668 0.388743457177626 1.4829940872641008 1.0
-5.388991569526722 0.2991111995888821 1.49697465250138 1.0
-5.254454999816456 0.22135577824585545 1.5029733944492438 1.0
-5.10234398730373 0.15664347880977283 1.496905107232224 1.0
-4.932088247573894 0.10655611512095674 1.477150404142866 1.0
-4.747363596976767 0.07703869318884107 1.4421818698240878 1.0
-4.556818245091266 0.06685993184284192 1.3873054808365683 1.0
-4.363614188783189 0.07260986307893526 1.3072936820364496 1.0
-4.171881395479964 0.09588541544306525 1.1973411512127796 1.0
-3.993617484095774 0.13299552879661133 1.0536831168162202 1.0
-3.8422261962028363 0.17851199028521145 0.8773615514916925 1.0
-3.730505265137104 0.23137067382279938 0.6798047099406804 1.0
-3.6624025378903435 0.29102276538366234 0.47904989767429185 1.0
-3.6299883721541257 0.35948046740810735 0.2869780812058075 1.0
-3.624834530885915 0.44062300432386975 0.10878263496042981 1.0
-3.641891689481376 0.5344928797149545 -0.05151446982614999 1.0
-3.6763667325458047 0.6361528415811296 -0.19155330885422114 1.0
-3.723477053713182 0.7388067587290628 -0.31253745254288817 1.0
-3.780136184572018 0.8376809329327645 -0.4179186195724276 1.0
-3.8435199510644114 0.930701833262758 -0.5096129429153401 1.0
-3.908863335773116 1.0147086523890618 -0.5890672411343493 1.0
-3.97348228964475 1.0840927114433856 -0.6614226319716129 1.0
-4.041238999445488 1.1349392874744382 -0.7330081028868584 1.0
-4.118817429087161 1.1679590514186347 -0.8055630219967069 1.0
-4.2094781452649555 1.1864580894437884 -0.8762206418997804 1.0
-4.312217449561329 1.1931838112130015 -0.9414395239252863 1.0
-4.424370137913954 1.1892352640141712 -0.998980229585146 1.0
-4.543131962508282 1.1744845929977137 -1.047439643455496 1.0
-4.665574775952817 1.1482196476319142 -1.0854793870556776 1.0
-4.78843656152149 1.1096965237276273 -1.111594719031831 1.0
-4.908273526758726 1.0585620954054575 -1.1246055324368585 1.0
-5.022430205804528 0.9948949895832566 -1.1251711057492808 1.0
-5.131399434777069 0.9195010876004743 -1.117974089459927 1.0
-5.2409041006475166 0.8364956461323978 -1.112054944557393 1.0
-5.358569074269421 0.7566585234472349 -1.1155336607055386 1.0
-5.485424217729009 0.6926017054603757 -1.1282072678019162 1.0
-5.616027095287218 0.6455368349984693 -1.1436915502839433 1.0
-5.753586457198601 0.6047517317419673 -1.155561193902063 1.0
-5.913431951974222 0.5711494257297923 -1.1508063413107212 1.0
-6.095426861248391 0.5755540549347291 -1.1146994629274591 1.0
-6.270294865922321 0.6563060513274205 -1.0643017403327613 1.0
-6.4182493240882765 0.8235107413489353 -1.0290172729232892 1.0
-6.557434978426339 1.0462001360601552 -0.9669115603862083 1.0
-6.693085547638851 1.253296790577553 -0.7802363757929236 1.0
-6.7356584224175045 1.3773188625082484 -0.47336003856900993 1.0
-6.6352666298005945 1.490114742622038 -0.2629829549200434 1.0
-6.535355238857424 1.4935278289808263 -0.4171166486958725 1.0
-6.059237832528384 1.084656006533229 -0.8469157036861941 1.0
-5.668824732009074 1.5062227854156687 1.0142623972948686 0.0 6,0,0 coil/filament1/filament2
-5.668824732009071 -1.5062227854156653 -1.0142623972948697 1.0
-5.545176333769598 -0.9632506080674937 -1.436240429740235 1.0
-5.950002587073771 -0.9576546446147658 -0.8849274615961127 1.0
-6.1477536656123055 -1.2664201821792713 -0.5956604104908236 1.0
-6.370811055045673 -1.4254580728022213 -0.5436103100808872 1.0
-6.486251012929715 -1.2036906361463238 -0.6526083171197873 1.0
-6.365552133397718 -1.0576820213356548 -0.7952692845690988 1.0
-6.236009124363782 -1.034044923471713 -0.9106248967148088 1.0
-6.155748405952203 -1.0135319341520153 -1.018325585639961 1.0
-6.087014320074926 -0.9702267261968355 -1.1211707664579706 1.0
-6.014030630555768 -0.911006866263923 -1.2134735268447796 1.0
-5.936130267237781 -0.8394479966885321 -1.291792255140813 1.0
-5.855467940286571 -0.7577878420951639 -1.3544137559296232 1.0
-5.773595742673448 -0.6692254281534834 -1.4021103141609486 1.0
-5.690021760907077 -0.5771307742899117 -1.4375635632769956 1.0
-5.602105873279479 -0.48321931631785353 -1.4636172304781765 1.0
-5.50417798904467 -0.3887434571776256 -1.4829940872641014 1.0
-5.38899156952672 -0.2991111995888815 -1.4969746525013818 1.0
-5.254454999816456 -0.22135577824585684 -1.5029733944492463 1.0
-5.102343987303732 -0.156643478809773 -1.4969051072322266 1.0
-4.932088247573896 -0.1065561151209541 -1.477150404142867 1.0
-4.747363596976766 -0.07703869318883863 -1.4421818698240887 1.0
-4.556818245091265 -0.06685993184284023 -1.3873054808365697 1.0
-4.363614188783188 -0.07260986307893345 -1.3072936820364518 1.0
-4.171881395479963 -0.09588541544306249 -1.1973411512127827 1.0
-3.9936174840957728 -0.1329955287966075 -1.0536831168162217 1.0
-3.842226196202833 -0.17851199028520642 -0.8773615514916929 1.0
-3.7305052651370976 -0.23137067382279855 -0.6798047099406772 1.0
-3.6624025378903418 -0.2910227653836672 -0.4790498976742882 1.0
-3.629988372154127 -0.359480467408113 -0.2869780812058065 1.0
-3.6248345308859182 -0.44062300432387363 -0.10878263496043063 1.0
-3.6418916894813784 -0.5344928797149556 0.051514469826148275 1.0
-3.676366732545807 -0.6361528415811286 0.1915533088542213 1.0
-3.723477053713184 -0.7388067587290623 0.31253745254289034 1.0
-3.7801361845720214 -0.837680932932766 0.4179186195724283 1.0
-3.8435199510644136 -0.9307018332627591 0.5096129429153391 1.0
-3.9088633357731175 -1.0147086523890618 0.5890672411343485 1.0
-3.973482289644751 -1.0840927114433856 0.6614226319716122 1.0
-4.04123899944549 -1.134939287474439 0.7330081028868572 1.0
-4.118817429087162 -1.1679590514186347 0.8055630219967049 1.0
-4.209478145264956 -1.1864580894437877 0.8762206418997774 1.0
-4.31221744956133 -1.1931838112130015 0.9414395239252843 1.0
-4.4243701379139555 -1.1892352640141721 0.9989802295851433 1.0
-4.543131962508283 -1.1744845929977143 1.0474396434554922 1.0
-4.665574775952818 -1.1482196476319149 1.0854793870556734 1.0
-4.7884365615214906 -1.1096965237276277 1.1115947190318283 1.0
-4.908273526758726 -1.0585620954054575 1.1246055324368576 1.0
-5.022430205804528 -0.9948949895832572 1.1251711057492808 1.0
-5.131399434777069 -0.9195010876004754 1.1179740894599282 1.0
-5.2409041006475166 -0.8364956461323996 1.1120549445573964 1.0
-5.358569074269423 -0.7566585234472377 1.115533660705542 1.0
-5.485424217729011 -0.6926017054603811 1.1282072678019186 1.0
-5.616027095287215 -0.6455368349984748 1.1436915502839458 1.0
-5.753586457198598 -0.6047517317419717 1.1555611939020674 1.0
-5.913431951974223 -0.571149425729794 1.1508063413107263 1.0
-6.095426861248396 -0.575554054934726 1.1146994629274625 1.0
-6.27029486592233 -0.6563060513274147 1.0643017403327593 1.0
-6.418249324088278 -0.8235107413489332 1.029017272923288 1.0
-6.5574349784263335 -1.0462001360601598 0.9669115603862152 1.0
-6.693085547638843 -1.2532967905775585 0.7802363757929331 1.0
-6.735658422417499 -1.3773188625082453 0.47336003856901293 1.0
-6.635266629800595 -1.4901147426220278 0.26298295492004 1.0
-6.535355238857426 -1.4935278289808327 0.417116648695869 1.0
-6.059237832528385 -1.0846560065332347 0.8469157036861981 1.0
-5.668824732009071 -1.5062227854156653 -1.0142623972948697 0.0 7,0,0 coil/filament1/filament2
-6.662052626275821 0.1028740904744234 0.8437062826876697 1.0
-6.528596578025559 0.24751166081525797 0.9990066866374362 1.0
-6.639290709375422 0.3231269784990137 0.6345382452774424 1.0
-6.641241021811482 0.25665936029911385 0.5117212252300994 1.0
-6.477466965044821 0.19417271415414988 0.5301130402051122 1.0
-6.367188523906054 0.18600132511361728 0.6100806795057806 1.0
-6.283950735282669 0.15567849278420987 0.698542097938996 1.0
-6.197284419872012 0.10289443867094338 0.7726876585963162 1.0
-6.109423451108012 0.03823935868897565 0.826946938110253 1.0
-6.025755759930713 -0.03332312403692322 0.8655750956618257 1.0
-5.949185755816751 -0.10775493222873411 0.8962356212444252 1.0
-5.878256429772307 -0.18179311137922505 0.924551338043789 1.0
-5.808721944743433 -0.25238848663356567 0.9528784687139096 1.0
-5.7364243776936545 -0.31593539611548876 0.9815990141830665 1.0
-5.659582811328245 -0.36909589840807694 1.0101393595951624 1.0
-5.57898300900343 -0.41090901493659987 1.0371123522214194 1.0
-5.4980346242252764 -0.44384528359030295 1.060939090842137 1.0
-5.42403208907931 -0.4762790522991081 1.0833512841310993 1.0
-5.364841143536555 -0.5256968268468805 1.1098352457017415 1.0
-5.318528738414017 -0.610827977512035 1.139068383241881 1.0
-5.266232720511593 -0.7339382249671287 1.1590875813448125 1.0
-5.183710547514791 -0.8801431904646683 1.1560747049824733 1.0
-5.051452476474133 -1.0270272550780926 1.10867823444274 1.0
-4.857284879601664 -1.1334403162189244 1.0077582451206542 1.0
-4.6245072743371365 -1.178174932071377 0.893896408347504 1.0
-4.39908624564289 -1.1884557568527474 0.7915105654615011 1.0
-4.204511356564145 -1.1763928479805161 0.6876181716854792 1.0
-4.041931618494159 -1.1304576211706334 0.5736584506083567 1.0
-3.925162102056847 -1.0627864399029379 0.45607197618155426 1.0
-3.8472250291660353 -1.0052697513937312 0.33837215704183715 1.0
-3.7832136921884327 -0.9626934437849879 0.21078489224762398 1.0
-3.7241824848348353 -0.9165741690573898 0.06649736021223286 1.0
-3.676881440160122 -0.8510352868235307 -0.09317881492131751 1.0
-3.6520198392001655 -0.7605352812832127 -0.26195331127348065 1.0
-3.6565658255101874 -0.6505604045688886 -0.4318908934456875 1.0
-3.6907053949164284 -0.5348495417537601 -0.5971425532283566 1.0
-3.750372585534233 -0.4286293144897599 -0.7559617620156672 1.0
-3.8319400301620745 -0.3373275810286115 -0.9074287380865 1.0
-3.930924258186395 -0.2567589157159706 -1.0464139957381324 1.0
-4.0416637487194444 -0.18504291491834743 -1.1680250253537574 1.0
-4.1629459809634035 -0.12341941609786072 -1.2723428581216036 1.0
-4.296407776280772 -0.07018978223972835 -1.3595453827530577 1.0
-4.43995307168272 -0.023444343516228927 -1.4274797814582343 1.0
-4.589281818961203 0.014966004537904119 -1.4752237043251235 1.0
-4.741840697437377 0.04200928476096063 -1.5035222111658038 1.0
-4.895683244191432 0.0564820834092809 -1.512843076050456 1.0
-5.047751608443943 0.05884126001660955 -1.5035947172546729 1.0
-5.194734832162871 0.050533165565391794 -1.4770214290700279 1.0
-5.33418414395666 0.034023022979892306 -1.4348976742150517 1.0
-5.4644713862149805 0.012679383304292259 -1.3788640672508996 1.0
-5.5842441279519965 -0.009720899236637213 -1.3102852878260862 1.0
-5.692059090972207 -0.02952549488522445 -1.2306363516821806 1.0
-5.786599959661021 -0.04370974478627986 -1.142204033068952 1.0
-5.867941630724664 -0.05046480001457466 -1.0486573156807235 1.0
-5.939956422407113 -0.049740513982689145 -0.9548622447938607 1.0
-6.01253659241053 -0.04389426830338425 -0.8663420735923177 1.0
-6.099511770030006 -0.04137746527036771 -0.789341894060282 1.0
-6.204839080249226 -0.06547821559061942 -0.7307639173500375 1.0
-6.310375807302289 -0.15600898330552335 -0.7017047665532393 1.0
-6.441560359131336 -0.3409205253753239 -0.695094748080953 1.0
-6.69252350432114 -0.5243093901476319 -0.593524393143321 1.0
-6.926404146879246 -0.39348720635138124 -0.2807038978940244 1.0
-6.9108537265138406 0.19925038338514553 -0.07195395864569334 1.0
-6.664150943543545 0.5635342266752339 -0.5392115785192422 1.0
-6.662052626275821 0.1028740904744234 0.8437062826876697 0.0 8,0,0 coil/filament1/filament2
-6.662052626275819 -0.10287409047442081 -0.8437062826876659 1.0
-6.528596578025561 -0.24751166081525594 -0.9990066866374331 1.0
-6.639290709375425 -0.3231269784990119 -0.6345382452774404 1.0
-6.641241021811483 -0.256659360299112 -0.5117212252300973 1.0
-6.47746696504482 -0.19417271415414925 -0.5301130402051103 1.0
-6.367188523906053 -0.18600132511361703 -0.6100806795057797 1.0
-6.283950735282668 -0.15567849278420823 -0.698542097938997 1.0
-6.197284419872013 -0.10289443867094082 -0.7726876585963173 1.0
-6.109423451108011 -0.038239358688973775 -0.8269469381102527 1.0
-6.025755759930713 0.033323124036925 -0.8655750956618238 1.0
-5.949185755816751 0.10775493222873694 -0.8962356212444235 1.0
-5.878256429772307 0.1817931113792277 -0.9245513380437881 1.0
-5.808721944743433 0.25238848663356706 -0.952878468713908 1.0
-5.7364243776936545 0.31593539611549093 -0.9815990141830646 1.0
-5.659582811328244 0.3690958984080801 -1.0101393595951615 1.0
-5.5789830090034265 0.41090901493660115 -1.0371123522214187 1.0
-5.498034624225269 0.4438452835903013 -1.060939090842135 1.0
-5.424032089079303 0.47627905229910106 -1.0833512841310944 1.0
-5.364841143536557 0.5256968268468721 -1.1098352457017375 1.0
-5.3185287384140265 0.6108279775120371 -1.1390683832418826 1.0
-5.266232720511603 0.7339382249671413 -1.1590875813448132 1.0
-5.183710547514793 0.880143190464682 -1.1560747049824702 1.0
-5.051452476474129 1.0270272550781012 -1.1086782344427326 1.0
-4.857284879601657 1.1334403162189237 -1.0077582451206475 1.0
-4.624507274337134 1.178174932071369 -0.8938964083474998 1.0
-4.3990862456428985 1.1884557568527436 -0.7915105654614987 1.0
-4.204511356564161 1.1763928479805246 -0.6876181716854761 1.0
-4.041931618494169 1.13045762117065 -0.5736584506083502 1.0
-3.9251621020568472 1.0627864399029534 -0.4560719761815457 1.0
-3.847225029166033 1.0052697513937405 -0.33837215704182805 1.0
-3.783213692188427 0.9626934437849888 -0.21078489224761532 1.0
-3.724182484834833 0.9165741690573863 -0.06649736021222742 1.0
-3.6768814401601224 0.8510352868235265 0.09317881492132131 1.0
-3.6520198392001664 0.7605352812832074 0.26195331127348315 1.0
-3.65656582551019 0.650560404568883 0.4318908934456876 1.0
-3.6907053949164323 0.5348495417537555 0.5971425532283551 1.0
-3.750372585534234 0.42862931448975744 0.7559617620156647 1.0
-3.8319400301620754 0.3373275810286097 0.907428738086496 1.0
-3.930924258186396 0.25675891571596915 1.0464139957381284 1.0
-4.041663748719443 0.18504291491834687 1.1680250253537547 1.0
-4.162945980963404 0.1234194160978608 1.2723428581216023 1.0
-4.296407776280773 0.07018978223972737 1.359545382753057 1.0
-4.439953071682721 0.023444343516226485 1.4274797814582334 1.0
-4.589281818961203 -0.014966004537907229 1.4752237043251224 1.0
-4.741840697437378 -0.042009284760964424 1.5035222111658024 1.0
-4.8956832441914315 -0.05648208340928454 1.5128430760504548 1.0
-5.047751608443945 -0.058841260016611906 1.5035947172546715 1.0
-5.194734832162872 -0.050533165565394694 1.4770214290700254 1.0
-5.33418414395666 -0.03402302297989562 1.4348976742150494 1.0
-5.46447138621498 -0.012679383304293187 1.378864067250899 1.0
-5.5842441279519965 0.009720899236637963 1.3102852878260853 1.0
-5.692059090972207 0.029525494885224927 1.230636351682179 1.0
-5.786599959661019 0.04370974478628043 1.1422040330689516 1.0
-5.867941630724663 0.05046480001457581 1.0486573156807235 1.0
-5.9399564224071115 0.049740513982690984 0.9548622447938607 1.0
-6.012536592410529 0.043894268303385685 0.8663420735923174 1.0
-6.099511770030005 0.04137746527036854 0.789341894060282 1.0
-6.2048390802492275 0.0654782155906217 0.7307639173500382 1.0
-6.310375807302289 0.1560089833055265 0.7017047665532395 1.0
-6.441560359131339 0.3409205253753262 0.695094748080953 1.0
-6.69252350432114 0.5243093901476331 0.5935243931433192 1.0
-6.926404146879242 0.3934872063513805 0.280703897894023 1.0
-6.9108537265138406 -0.1992503833851448 0.07195395864569061 1.0
-6.664150943543555 -0.5635342266752318 0.5392115785192322 1.0
-6.662052626275819 -0.10287409047442081 -0.8437062826876659 0.0 9,0,0 coil/filament1/filament2
