periods 0
begin filament
FOCUSADD Coils
6.8603275924866916 0.4219317740695288 0.012208167845825114 250000.0
6.832391896572791 0.42003537926756174 0.012184073009195133 250000.0
6.832391896572791 0.42003537926756174 0.012184073009195133 250000.0
6.832391896572791 0.42003537926756174 0.012184073009195133 250000.0
6.832391896572791 0.42003537926756174 0.012184073009195133 250000.0
6.832391896572791 0.42003537926756174 0.012184073009195133 250000.0
6.832391896572791 0.42003537926756174 0.012184073009195133 250000.0
6.832391896572791 0.42003537926756174 0.012184073009195133 250000.0
6.832391896572791 0.42003537926756174 0.012184073009195133 250000.0
6.832391896572791 0.42003537926756174 0.012184073009195133 250000.0
6.832391896572791 0.42003537926756174 0.012184073009195133 250000.0
6.832391896572791 0.42003537926756174 0.012184073009195133 250000.0
6.832391896572791 0.42003537926756174 0.012184073009195133 250000.0
6.832391896572791 0.42003537926756174 0.012184073009195133 250000.0
6.832391896572791 0.42003537926756174 0.012184073009195133 250000.0
6.832391896572791 0.42003537926756174 0.012184073009195133 250000.0
6.832391896572791 0.42003537926756174 0.012184073009195133 250000.0
6.832391896572791 0.42003537926756174 0.012184073009195133 250000.0
6.832391896572791 0.42003537926756174 0.012184073009195133 250000.0
6.832391896572791 0.42003537926756174 0.012184073009195133 250000.0
6.832391896572791 0.42003537926756174 0.012184073009195133 250000.0
6.832391896572791 0.42003537926756174 0.012184073009195133 250000.0
6.832391896572791 0.42003537926756174 0.012184073009195133 250000.0
6.832391896572791 0.42003537926756174 0.012184073009195133 250000.0
6.832391896572791 0.42003537926756174 0.012184073009195133 250000.0
6.832391896572791 0.42003537926756174 0.012184073009195133 250000.0
6.832391896572791 0.42003537926756174 0.012184073009195133 250000.0
6.832391896572791 0.42003537926756174 0.012184073009195133 250000.0
6.832391896572791 0.42003537926756174 0.012184073009195133 250000.0
6.832391896572791 0.42003537926756174 0.012184073009195133 250000.0
6.832391896572791 0.42003537926756174 0.012184073009195133 250000.0
6.832391896572791 0.42003537926756174 0.012184073009195133 250000.0
6.832391896572791 0.42003537926756174 0.012184073009195133 250000.0
6.832391896572791 0.42003537926756174 0.012184073009195133 250000.0
6.832391896572791 0.42003537926756174 0.012184073009195133 250000.0
6.832391896572791 0.42003537926756174 0.012184073009195133 250000.0
6.832391896572791 0.42003537926756174 0.012184073009195133 250000.0
6.832391896572791 0.42003537926756174 0.012184073009195133 250000.0
6.832391896572791 0.42003537926756174 0.012184073009195133 250000.0
6.832391896572791 0.42003537926756174 0.012184073009195133 250000.0
6.832391896572791 0.42003537926756174 0.012184073009195133 250000.0
6.832391896572791 0.42003537926756174 0.012184073009195133 250000.0
6.832391896572791 0.42003537926756174 0.012184073009195133 250000.0
6.832391896572791 0.42003537926756174 0.012184073009195133 250000.0
6.832391896572791 0.42003537926756174 0.012184073009195133 250000.0
6.832391896572791 0.42003537926756174 0.012184073009195133 250000.0
6.832391896572791 0.42003537926756174 0.012184073009195133 250000.0
6.832391896572791 0.42003537926756174 0.012184073009195133 250000.0
6.832391896572791 0.42003537926756174 0.012184073009195133 250000.0
6.832391896572791 0.42003537926756174 0.012184073009195133 250000.0
6.832391896572791 0.42003537926756174 0.012184073009195133 250000.0
6.832391896572791 0.42003537926756174 0.012184073009195133 250000.0
6.832391896572791 0.42003537926756174 0.012184073009195133 250000.0
6.832391896572791 0.42003537926756174 0.012184073009195133 250000.0
6.832391896572791 0.42003537926756174 0.012184073009195133 250000.0
6.832391896572791 0.42003537926756174 0.012184073009195133 250000.0
6.832391896572791 0.42003537926756174 0.012184073009195133 250000.0
6.832391896572791 0.42003537926756174 0.012184073009195133 250000.0
6.832391896572791 0.42003537926756174 0.012184073009195133 250000.0
6.832391896572791 0.42003537926756174 0.012184073009195133 250000.0
6.832391896572791 0.42003537926756174 0.012184073009195133 250000.0
6.832391896572791 0.42003537926756174 0.012184073009195133 250000.0
6.832391896572791 0.42003537926756174 0.012184073009195133 250000.0
6.832391896572791 0.42003537926756174 0.012184073009195133 250000.0
6.8603275924866916 0.4219317740695288 0.012208167845825114 0.0 0,0,0 coil/filament1/filament2
6.85374074066175 0.4260057151686856 0.14980794099944933 250000.0
6.82592713405335 0.42398503060226767 0.14729395585307214 250000.0
6.82592713405335 0.42398503060226767 0.14729395585307214 250000.0
6.82592713405335 0.42398503060226767 0.14729395585307214 250000.0
6.82592713405335 0.42398503060226767 0.14729395585307214 250000.0
6.82592713405335 0.42398503060226767 0.14729395585307214 250000.0
6.82592713405335 0.42398503060226767 0.14729395585307214 250000.0
6.82592713405335 0.42398503060226767 0.14729395585307214 250000.0
6.82592713405335 0.42398503060226767 0.14729395585307214 250000.0
6.82592713405335 0.42398503060226767 0.14729395585307214 250000.0
6.82592713405335 0.42398503060226767 0.14729395585307214 250000.0
6.82592713405335 0.42398503060226767 0.14729395585307214 250000.0
6.82592713405335 0.42398503060226767 0.14729395585307214 250000.0
6.82592713405335 0.42398503060226767 0.14729395585307214 250000.0
6.82592713405335 0.42398503060226767 0.14729395585307214 250000.0
6.82592713405335 0.42398503060226767 0.14729395585307214 250000.0
6.82592713405335 0.42398503060226767 0.14729395585307214 250000.0
6.82592713405335 0.42398503060226767 0.14729395585307214 250000.0
6.82592713405335 0.42398503060226767 0.14729395585307214 250000.0
6.82592713405335 0.42398503060226767 0.14729395585307214 250000.0
6.82592713405335 0.42398503060226767 0.14729395585307214 250000.0
6.82592713405335 0.42398503060226767 0.14729395585307214 250000.0
6.82592713405335 0.42398503060226767 0.14729395585307214 250000.0
6.82592713405335 0.42398503060226767 0.14729395585307214 250000.0
6.82592713405335 0.42398503060226767 0.14729395585307214 250000.0
6.82592713405335 0.42398503060226767 0.14729395585307214 250000.0
6.82592713405335 0.42398503060226767 0.14729395585307214 250000.0
6.82592713405335 0.42398503060226767 0.14729395585307214 250000.0
6.82592713405335 0.42398503060226767 0.14729395585307214 250000.0
6.82592713405335 0.42398503060226767 0.14729395585307214 250000.0
6.82592713405335 0.42398503060226767 0.14729395585307214 250000.0
6.82592713405335 0.42398503060226767 0.14729395585307214 250000.0
6.82592713405335 0.42398503060226767 0.14729395585307214 250000.0
6.82592713405335 0.42398503060226767 0.14729395585307214 250000.0
6.82592713405335 0.42398503060226767 0.14729395585307214 250000.0
6.82592713405335 0.42398503060226767 0.14729395585307214 250000.0
6.82592713405335 0.42398503060226767 0.14729395585307214 250000.0
6.82592713405335 0.42398503060226767 0.14729395585307214 250000.0
6.82592713405335 0.42398503060226767 0.14729395585307214 250000.0
6.82592713405335 0.42398503060226767 0.14729395585307214 250000.0
6.82592713405335 0.42398503060226767 0.14729395585307214 250000.0
6.82592713405335 0.42398503060226767 0.14729395585307214 250000.0
6.82592713405335 0.42398503060226767 0.14729395585307214 250000.0
6.82592713405335 0.42398503060226767 0.14729395585307214 250000.0
6.82592713405335 0.42398503060226767 0.14729395585307214 250000.0
6.82592713405335 0.42398503060226767 0.14729395585307214 250000.0
6.82592713405335 0.42398503060226767 0.14729395585307214 250000.0
6.82592713405335 0.42398503060226767 0.14729395585307214 250000.0
6.82592713405335 0.42398503060226767 0.14729395585307214 250000.0
6.82592713405335 0.42398503060226767 0.14729395585307214 250000.0
6.82592713405335 0.42398503060226767 0.14729395585307214 250000.0
6.82592713405335 0.42398503060226767 0.14729395585307214 250000.0
6.82592713405335 0.42398503060226767 0.14729395585307214 250000.0
6.82592713405335 0.42398503060226767 0.14729395585307214 250000.0
6.82592713405335 0.42398503060226767 0.14729395585307214 250000.0
6.82592713405335 0.42398503060226767 0.14729395585307214 250000.0
6.82592713405335 0.42398503060226767 0.14729395585307214 250000.0
6.82592713405335 0.42398503060226767 0.14729395585307214 250000.0
6.82592713405335 0.42398503060226767 0.14729395585307214 250000.0
6.82592713405335 0.42398503060226767 0.14729395585307214 250000.0
6.82592713405335 0.42398503060226767 0.14729395585307214 250000.0
6.82592713405335 0.42398503060226767 0.14729395585307214 250000.0
6.82592713405335 0.42398503060226767 0.14729395585307214 250000.0
6.82592713405335 0.42398503060226767 0.14729395585307214 250000.0
6.85374074066175 0.4260057151686856 0.14980794099944933 0.0 0,0,1 coil/filament1/filament2
6.862057939620691 0.3964406841675465 0.012321014666416821 250000.0
6.83412224370679 0.39454428936557945 0.01229691982978684 250000.0
6.83412224370679 0.39454428936557945 0.01229691982978684 250000.0
6.83412224370679 0.39454428936557945 0.01229691982978684 250000.0
6.83412224370679 0.39454428936557945 0.01229691982978684 250000.0
6.83412224370679 0.39454428936557945 0.01229691982978684 250000.0
6.83412224370679 0.39454428936557945 0.01229691982978684 250000.0
6.83412224370679 0.39454428936557945 0.01229691982978684 250000.0
6.83412224370679 0.39454428936557945 0.01229691982978684 250000.0
6.83412224370679 0.39454428936557945 0.01229691982978684 250000.0
6.83412224370679 0.39454428936557945 0.01229691982978684 250000.0
6.83412224370679 0.39454428936557945 0.01229691982978684 250000.0
6.83412224370679 0.39454428936557945 0.01229691982978684 250000.0
6.83412224370679 0.39454428936557945 0.01229691982978684 250000.0
6.83412224370679 0.39454428936557945 0.01229691982978684 250000.0
6.83412224370679 0.39454428936557945 0.01229691982978684 250000.0
6.83412224370679 0.39454428936557945 0.01229691982978684 250000.0
6.83412224370679 0.39454428936557945 0.01229691982978684 250000.0
6.83412224370679 0.39454428936557945 0.01229691982978684 250000.0
6.83412224370679 0.39454428936557945 0.01229691982978684 250000.0
6.83412224370679 0.39454428936557945 0.01229691982978684 250000.0
6.83412224370679 0.39454428936557945 0.01229691982978684 250000.0
6.83412224370679 0.39454428936557945 0.01229691982978684 250000.0
6.83412224370679 0.39454428936557945 0.01229691982978684 250000.0
6.83412224370679 0.39454428936557945 0.01229691982978684 250000.0
6.83412224370679 0.39454428936557945 0.01229691982978684 250000.0
6.83412224370679 0.39454428936557945 0.01229691982978684 250000.0
6.83412224370679 0.39454428936557945 0.01229691982978684 250000.0
6.83412224370679 0.39454428936557945 0.01229691982978684 250000.0
6.83412224370679 0.39454428936557945 0.01229691982978684 250000.0
6.83412224370679 0.39454428936557945 0.01229691982978684 250000.0
6.83412224370679 0.39454428936557945 0.01229691982978684 250000.0
6.83412224370679 0.39454428936557945 0.01229691982978684 250000.0
6.83412224370679 0.39454428936557945 0.01229691982978684 250000.0
6.83412224370679 0.39454428936557945 0.01229691982978684 250000.0
6.83412224370679 0.39454428936557945 0.01229691982978684 250000.0
6.83412224370679 0.39454428936557945 0.01229691982978684 250000.0
6.83412224370679 0.39454428936557945 0.01229691982978684 250000.0
6.83412224370679 0.39454428936557945 0.01229691982978684 250000.0
6.83412224370679 0.39454428936557945 0.01229691982978684 250000.0
6.83412224370679 0.39454428936557945 0.01229691982978684 250000.0
6.83412224370679 0.39454428936557945 0.01229691982978684 250000.0
6.83412224370679 0.39454428936557945 0.01229691982978684 250000.0
6.83412224370679 0.39454428936557945 0.01229691982978684 250000.0
6.83412224370679 0.39454428936557945 0.01229691982978684 250000.0
6.83412224370679 0.39454428936557945 0.01229691982978684 250000.0
6.83412224370679 0.39454428936557945 0.01229691982978684 250000.0
6.83412224370679 0.39454428936557945 0.01229691982978684 250000.0
6.83412224370679 0.39454428936557945 0.01229691982978684 250000.0
6.83412224370679 0.39454428936557945 0.01229691982978684 250000.0
6.83412224370679 0.39454428936557945 0.01229691982978684 250000.0
6.83412224370679 0.39454428936557945 0.01229691982978684 250000.0
6.83412224370679 0.39454428936557945 0.01229691982978684 250000.0
6.83412224370679 0.39454428936557945 0.01229691982978684 250000.0
6.83412224370679 0.39454428936557945 0.01229691982978684 250000.0
6.83412224370679 0.39454428936557945 0.01229691982978684 250000.0
6.83412224370679 0.39454428936557945 0.01229691982978684 250000.0
6.83412224370679 0.39454428936557945 0.01229691982978684 250000.0
6.83412224370679 0.39454428936557945 0.01229691982978684 250000.0
6.83412224370679 0.39454428936557945 0.01229691982978684 250000.0
6.83412224370679 0.39454428936557945 0.01229691982978684 250000.0
6.83412224370679 0.39454428936557945 0.01229691982978684 250000.0
6.83412224370679 0.39454428936557945 0.01229691982978684 250000.0
6.83412224370679 0.39454428936557945 0.01229691982978684 250000.0
6.862057939620691 0.3964406841675465 0.012321014666416821 0.0 0,1,0 coil/filament1/filament2
6.855463775410177 0.40055214001445316 0.1512040653218355 250000.0
6.827650168801777 0.39853145544803525 0.14869008017545832 250000.0
6.827650168801777 0.39853145544803525 0.14869008017545832 250000.0
6.827650168801777 0.39853145544803525 0.14869008017545832 250000.0
6.827650168801777 0.39853145544803525 0.14869008017545832 250000.0
6.827650168801777 0.39853145544803525 0.14869008017545832 250000.0
6.827650168801777 0.39853145544803525 0.14869008017545832 250000.0
6.827650168801777 0.39853145544803525 0.14869008017545832 250000.0
6.827650168801777 0.39853145544803525 0.14869008017545832 250000.0
6.827650168801777 0.39853145544803525 0.14869008017545832 250000.0
6.827650168801777 0.39853145544803525 0.14869008017545832 250000.0
6.827650168801777 0.39853145544803525 0.14869008017545832 250000.0
6.827650168801777 0.39853145544803525 0.14869008017545832 250000.0
6.827650168801777 0.39853145544803525 0.14869008017545832 250000.0
6.827650168801777 0.39853145544803525 0.14869008017545832 250000.0
6.827650168801777 0.39853145544803525 0.14869008017545832 250000.0
6.827650168801777 0.39853145544803525 0.14869008017545832 250000.0
6.827650168801777 0.39853145544803525 0.14869008017545832 250000.0
6.827650168801777 0.39853145544803525 0.14869008017545832 250000.0
6.827650168801777 0.39853145544803525 0.14869008017545832 250000.0
6.827650168801777 0.39853145544803525 0.14869008017545832 250000.0
6.827650168801777 0.39853145544803525 0.14869008017545832 250000.0
6.827650168801777 0.39853145544803525 0.14869008017545832 250000.0
6.827650168801777 0.39853145544803525 0.14869008017545832 250000.0
6.827650168801777 0.39853145544803525 0.14869008017545832 250000.0
6.827650168801777 0.39853145544803525 0.14869008017545832 250000.0
6.827650168801777 0.39853145544803525 0.14869008017545832 250000.0
6.827650168801777 0.39853145544803525 0.14869008017545832 250000.0
6.827650168801777 0.39853145544803525 0.14869008017545832 250000.0
6.827650168801777 0.39853145544803525 0.14869008017545832 250000.0
6.827650168801777 0.39853145544803525 0.14869008017545832 250000.0
6.827650168801777 0.39853145544803525 0.14869008017545832 250000.0
6.827650168801777 0.39853145544803525 0.14869008017545832 250000.0
6.827650168801777 0.39853145544803525 0.14869008017545832 250000.0
6.827650168801777 0.39853145544803525 0.14869008017545832 250000.0
6.827650168801777 0.39853145544803525 0.14869008017545832 250000.0
6.827650168801777 0.39853145544803525 0.14869008017545832 250000.0
6.827650168801777 0.39853145544803525 0.14869008017545832 250000.0
6.827650168801777 0.39853145544803525 0.14869008017545832 250000.0
6.827650168801777 0.39853145544803525 0.14869008017545832 250000.0
6.827650168801777 0.39853145544803525 0.14869008017545832 250000.0
6.827650168801777 0.39853145544803525 0.14869008017545832 250000.0
6.827650168801777 0.39853145544803525 0.14869008017545832 250000.0
6.827650168801777 0.39853145544803525 0.14869008017545832 250000.0
6.827650168801777 0.39853145544803525 0.14869008017545832 250000.0
6.827650168801777 0.39853145544803525 0.14869008017545832 250000.0
6.827650168801777 0.39853145544803525 0.14869008017545832 250000.0
6.827650168801777 0.39853145544803525 0.14869008017545832 250000.0
6.827650168801777 0.39853145544803525 0.14869008017545832 250000.0
6.827650168801777 0.39853145544803525 0.14869008017545832 250000.0
6.827650168801777 0.39853145544803525 0.14869008017545832 250000.0
6.827650168801777 0.39853145544803525 0.14869008017545832 250000.0
6.827650168801777 0.39853145544803525 0.14869008017545832 250000.0
6.827650168801777 0.39853145544803525 0.14869008017545832 250000.0
6.827650168801777 0.39853145544803525 0.14869008017545832 250000.0
6.827650168801777 0.39853145544803525 0.14869008017545832 250000.0
6.827650168801777 0.39853145544803525 0.14869008017545832 250000.0
6.827650168801777 0.39853145544803525 0.14869008017545832 250000.0
6.827650168801777 0.39853145544803525 0.14869008017545832 250000.0
6.827650168801777 0.39853145544803525 0.14869008017545832 250000.0
6.827650168801777 0.39853145544803525 0.14869008017545832 250000.0
6.827650168801777 0.39853145544803525 0.14869008017545832 250000.0
6.827650168801777 0.39853145544803525 0.14869008017545832 250000.0
6.827650168801777 0.39853145544803525 0.14869008017545832 250000.0
6.855463775410177 0.40055214001445316 0.1512040653218355 0.0 0,1,1 coil/filament1/filament2
6.6513238152858 1.4017876072162392 0.0010633961247470355 250000.0
6.624839031637387 1.3929421412933858 -0.0010136131925971511 250000.0
6.624839031637387 1.3929421412933858 -0.0010136131925971511 250000.0
6.624839031637387 1.3929421412933858 -0.0010136131925971511 250000.0
6.624839031637387 1.3929421412933858 -0.0010136131925971511 250000.0
6.624839031637387 1.3929421412933858 -0.0010136131925971511 250000.0
6.624839031637387 1.3929421412933858 -0.0010136131925971511 250000.0
6.624839031637387 1.3929421412933858 -0.0010136131925971511 250000.0
6.624839031637387 1.3929421412933858 -0.0010136131925971511 250000.0
6.624839031637387 1.3929421412933858 -0.0010136131925971511 250000.0
6.624839031637387 1.3929421412933858 -0.0010136131925971511 250000.0
6.624839031637387 1.3929421412933858 -0.0010136131925971511 250000.0
6.624839031637387 1.3929421412933858 -0.0010136131925971511 250000.0
6.624839031637387 1.3929421412933858 -0.0010136131925971511 250000.0
6.624839031637387 1.3929421412933858 -0.0010136131925971511 250000.0
6.624839031637387 1.3929421412933858 -0.0010136131925971511 250000.0
6.624839031637387 1.3929421412933858 -0.0010136131925971511 250000.0
6.624839031637387 1.3929421412933858 -0.0010136131925971511 250000.0
6.624839031637387 1.3929421412933858 -0.0010136131925971511 250000.0
6.624839031637387 1.3929421412933858 -0.0010136131925971511 250000.0
6.624839031637387 1.3929421412933858 -0.0010136131925971511 250000.0
6.624839031637387 1.3929421412933858 -0.0010136131925971511 250000.0
6.624839031637387 1.3929421412933858 -0.0010136131925971511 250000.0
6.624839031637387 1.3929421412933858 -0.0010136131925971511 250000.0
6.624839031637387 1.3929421412933858 -0.0010136131925971511 250000.0
6.624839031637387 1.3929421412933858 -0.0010136131925971511 250000.0
6.624839031637387 1.3929421412933858 -0.0010136131925971511 250000.0
6.624839031637387 1.3929421412933858 -0.0010136131925971511 250000.0
6.624839031637387 1.3929421412933858 -0.0010136131925971511 250000.0
6.624839031637387 1.3929421412933858 -0.0010136131925971511 250000.0
6.624839031637387 1.3929421412933858 -0.0010136131925971511 250000.0
6.624839031637387 1.3929421412933858 -0.0010136131925971511 250000.0
6.624839031637387 1.3929421412933858 -0.0010136131925971511 250000.0
6.624839031637387 1.3929421412933858 -0.0010136131925971511 250000.0
6.624839031637387 1.3929421412933858 -0.0010136131925971511 250000.0
6.624839031637387 1.3929421412933858 -0.0010136131925971511 250000.0
6.624839031637387 1.3929421412933858 -0.0010136131925971511 250000.0
6.624839031637387 1.3929421412933858 -0.0010136131925971511 250000.0
6.624839031637387 1.3929421412933858 -0.0010136131925971511 250000.0
6.624839031637387 1.3929421412933858 -0.0010136131925971511 250000.0
6.624839031637387 1.3929421412933858 -0.0010136131925971511 250000.0
6.624839031637387 1.3929421412933858 -0.0010136131925971511 250000.0
6.624839031637387 1.3929421412933858 -0.0010136131925971511 250000.0
6.624839031637387 1.3929421412933858 -0.0010136131925971511 250000.0
6.624839031637387 1.3929421412933858 -0.0010136131925971511 250000.0
6.624839031637387 1.3929421412933858 -0.0010136131925971511 250000.0
6.624839031637387 1.3929421412933858 -0.0010136131925971511 250000.0
6.624839031637387 1.3929421412933858 -0.0010136131925971511 250000.0
6.624839031637387 1.3929421412933858 -0.0010136131925971511 250000.0
6.624839031637387 1.3929421412933858 -0.0010136131925971511 250000.0
6.624839031637387 1.3929421412933858 -0.0010136131925971511 250000.0
6.624839031637387 1.3929421412933858 -0.0010136131925971511 250000.0
6.624839031637387 1.3929421412933858 -0.0010136131925971511 250000.0
6.624839031637387 1.3929421412933858 -0.0010136131925971511 250000.0
6.624839031637387 1.3929421412933858 -0.0010136131925971511 250000.0
6.624839031637387 1.3929421412933858 -0.0010136131925971511 250000.0
6.624839031637387 1.3929421412933858 -0.0010136131925971511 250000.0
6.624839031637387 1.3929421412933858 -0.0010136131925971511 250000.0
6.624839031637387 1.3929421412933858 -0.0010136131925971511 250000.0
6.624839031637387 1.3929421412933858 -0.0010136131925971511 250000.0
6.624839031637387 1.3929421412933858 -0.0010136131925971511 250000.0
6.624839031637387 1.3929421412933858 -0.0010136131925971511 250000.0
6.624839031637387 1.3929421412933858 -0.0010136131925971511 250000.0
6.624839031637387 1.3929421412933858 -0.0010136131925971511 250000.0
6.6513238152858 1.4017876072162392 0.0010633961247470355 0.0 1,0,0 coil/filament1/filament2
6.647203661666197 1.3691890962262845 0.13243800145829254 250000.0
6.620771055279693 1.3607874829593443 0.12860000534977653 250000.0
6.620771055279693 1.3607874829593443 0.12860000534977653 250000.0
6.620771055279693 1.3607874829593443 0.12860000534977653 250000.0
6.620771055279693 1.3607874829593443 0.12860000534977653 250000.0
6.620771055279693 1.3607874829593443 0.12860000534977653 250000.0
6.620771055279693 1.3607874829593443 0.12860000534977653 250000.0
6.620771055279693 1.3607874829593443 0.12860000534977653 250000.0
6.620771055279693 1.3607874829593443 0.12860000534977653 250000.0
6.620771055279693 1.3607874829593443 0.12860000534977653 250000.0
6.620771055279693 1.3607874829593443 0.12860000534977653 250000.0
6.620771055279693 1.3607874829593443 0.12860000534977653 250000.0
6.620771055279693 1.3607874829593443 0.12860000534977653 250000.0
6.620771055279693 1.3607874829593443 0.12860000534977653 250000.0
6.620771055279693 1.3607874829593443 0.12860000534977653 250000.0
6.620771055279693 1.3607874829593443 0.12860000534977653 250000.0
6.620771055279693 1.3607874829593443 0.12860000534977653 250000.0
6.620771055279693 1.3607874829593443 0.12860000534977653 250000.0
6.620771055279693 1.3607874829593443 0.12860000534977653 250000.0
6.620771055279693 1.3607874829593443 0.12860000534977653 250000.0
6.620771055279693 1.3607874829593443 0.12860000534977653 250000.0
6.620771055279693 1.3607874829593443 0.12860000534977653 250000.0
6.620771055279693 1.3607874829593443 0.12860000534977653 250000.0
6.620771055279693 1.3607874829593443 0.12860000534977653 250000.0
6.620771055279693 1.3607874829593443 0.12860000534977653 250000.0
6.620771055279693 1.3607874829593443 0.12860000534977653 250000.0
6.620771055279693 1.3607874829593443 0.12860000534977653 250000.0
6.620771055279693 1.3607874829593443 0.12860000534977653 250000.0
6.620771055279693 1.3607874829593443 0.12860000534977653 250000.0
6.620771055279693 1.3607874829593443 0.12860000534977653 250000.0
6.620771055279693 1.3607874829593443 0.12860000534977653 250000.0
6.620771055279693 1.3607874829593443 0.12860000534977653 250000.0
6.620771055279693 1.3607874829593443 0.12860000534977653 250000.0
6.620771055279693 1.3607874829593443 0.12860000534977653 250000.0
6.620771055279693 1.3607874829593443 0.12860000534977653 250000.0
6.620771055279693 1.3607874829593443 0.12860000534977653 250000.0
6.620771055279693 1.3607874829593443 0.12860000534977653 250000.0
6.620771055279693 1.3607874829593443 0.12860000534977653 250000.0
6.620771055279693 1.3607874829593443 0.12860000534977653 250000.0
6.620771055279693 1.3607874829593443 0.12860000534977653 250000.0
6.620771055279693 1.3607874829593443 0.12860000534977653 250000.0
6.620771055279693 1.3607874829593443 0.12860000534977653 250000.0
6.620771055279693 1.3607874829593443 0.12860000534977653 250000.0
6.620771055279693 1.3607874829593443 0.12860000534977653 250000.0
6.620771055279693 1.3607874829593443 0.12860000534977653 250000.0
6.620771055279693 1.3607874829593443 0.12860000534977653 250000.0
6.620771055279693 1.3607874829593443 0.12860000534977653 250000.0
6.620771055279693 1.3607874829593443 0.12860000534977653 250000.0
6.620771055279693 1.3607874829593443 0.12860000534977653 250000.0
6.620771055279693 1.3607874829593443 0.12860000534977653 250000.0
6.620771055279693 1.3607874829593443 0.12860000534977653 250000.0
6.620771055279693 1.3607874829593443 0.12860000534977653 250000.0
6.620771055279693 1.3607874829593443 0.12860000534977653 250000.0
6.620771055279693 1.3607874829593443 0.12860000534977653 250000.0
6.620771055279693 1.3607874829593443 0.12860000534977653 250000.0
6.620771055279693 1.3607874829593443 0.12860000534977653 250000.0
6.620771055279693 1.3607874829593443 0.12860000534977653 250000.0
6.620771055279693 1.3607874829593443 0.12860000534977653 250000.0
6.620771055279693 1.3607874829593443 0.12860000534977653 250000.0
6.620771055279693 1.3607874829593443 0.12860000534977653 250000.0
6.620771055279693 1.3607874829593443 0.12860000534977653 250000.0
6.620771055279693 1.3607874829593443 0.12860000534977653 250000.0
6.620771055279693 1.3607874829593443 0.12860000534977653 250000.0
6.620771055279693 1.3607874829593443 0.12860000534977653 250000.0
6.647203661666197 1.3691890962262845 0.13243800145829254 0.0 1,0,1 coil/filament1/filament2
6.659614824558761 1.3782521245509842 -0.0044268425721729395 250000.0
6.6331300409103475 1.3694066586281308 -0.006503851889517126 250000.0
6.6331300409103475 1.3694066586281308 -0.006503851889517126 250000.0
6.6331300409103475 1.3694066586281308 -0.006503851889517126 250000.0
6.6331300409103475 1.3694066586281308 -0.006503851889517126 250000.0
6.6331300409103475 1.3694066586281308 -0.006503851889517126 250000.0
6.6331300409103475 1.3694066586281308 -0.006503851889517126 250000.0
6.6331300409103475 1.3694066586281308 -0.006503851889517126 250000.0
6.6331300409103475 1.3694066586281308 -0.006503851889517126 250000.0
6.6331300409103475 1.3694066586281308 -0.006503851889517126 250000.0
6.6331300409103475 1.3694066586281308 -0.006503851889517126 250000.0
6.6331300409103475 1.3694066586281308 -0.006503851889517126 250000.0
6.6331300409103475 1.3694066586281308 -0.006503851889517126 250000.0
6.6331300409103475 1.3694066586281308 -0.006503851889517126 250000.0
6.6331300409103475 1.3694066586281308 -0.006503851889517126 250000.0
6.6331300409103475 1.3694066586281308 -0.006503851889517126 250000.0
6.6331300409103475 1.3694066586281308 -0.006503851889517126 250000.0
6.6331300409103475 1.3694066586281308 -0.006503851889517126 250000.0
6.6331300409103475 1.3694066586281308 -0.006503851889517126 250000.0
6.6331300409103475 1.3694066586281308 -0.006503851889517126 250000.0
6.6331300409103475 1.3694066586281308 -0.006503851889517126 250000.0
6.6331300409103475 1.3694066586281308 -0.006503851889517126 250000.0
6.6331300409103475 1.3694066586281308 -0.006503851889517126 250000.0
6.6331300409103475 1.3694066586281308 -0.006503851889517126 250000.0
6.6331300409103475 1.3694066586281308 -0.006503851889517126 250000.0
6.6331300409103475 1.3694066586281308 -0.006503851889517126 250000.0
6.6331300409103475 1.3694066586281308 -0.006503851889517126 250000.0
6.6331300409103475 1.3694066586281308 -0.006503851889517126 250000.0
6.6331300409103475 1.3694066586281308 -0.006503851889517126 250000.0
6.6331300409103475 1.3694066586281308 -0.006503851889517126 250000.0
6.6331300409103475 1.3694066586281308 -0.006503851889517126 250000.0
6.6331300409103475 1.3694066586281308 -0.006503851889517126 250000.0
6.6331300409103475 1.3694066586281308 -0.006503851889517126 250000.0
6.6331300409103475 1.3694066586281308 -0.006503851889517126 250000.0
6.6331300409103475 1.3694066586281308 -0.006503851889517126 250000.0
6.6331300409103475 1.3694066586281308 -0.006503851889517126 250000.0
6.6331300409103475 1.3694066586281308 -0.006503851889517126 250000.0
6.6331300409103475 1.3694066586281308 -0.006503851889517126 250000.0
6.6331300409103475 1.3694066586281308 -0.006503851889517126 250000.0
6.6331300409103475 1.3694066586281308 -0.006503851889517126 250000.0
6.6331300409103475 1.3694066586281308 -0.006503851889517126 250000.0
6.6331300409103475 1.3694066586281308 -0.006503851889517126 250000.0
6.6331300409103475 1.3694066586281308 -0.006503851889517126 250000.0
6.6331300409103475 1.3694066586281308 -0.006503851889517126 250000.0
6.6331300409103475 1.3694066586281308 -0.006503851889517126 250000.0
6.6331300409103475 1.3694066586281308 -0.006503851889517126 250000.0
6.6331300409103475 1.3694066586281308 -0.006503851889517126 250000.0
6.6331300409103475 1.3694066586281308 -0.006503851889517126 250000.0
6.6331300409103475 1.3694066586281308 -0.006503851889517126 250000.0
6.6331300409103475 1.3694066586281308 -0.006503851889517126 250000.0
6.6331300409103475 1.3694066586281308 -0.006503851889517126 250000.0
6.6331300409103475 1.3694066586281308 -0.006503851889517126 250000.0
6.6331300409103475 1.3694066586281308 -0.006503851889517126 250000.0
6.6331300409103475 1.3694066586281308 -0.006503851889517126 250000.0
6.6331300409103475 1.3694066586281308 -0.006503851889517126 250000.0
6.6331300409103475 1.3694066586281308 -0.006503851889517126 250000.0
6.6331300409103475 1.3694066586281308 -0.006503851889517126 250000.0
6.6331300409103475 1.3694066586281308 -0.006503851889517126 250000.0
6.6331300409103475 1.3694066586281308 -0.006503851889517126 250000.0
6.6331300409103475 1.3694066586281308 -0.006503851889517126 250000.0
6.6331300409103475 1.3694066586281308 -0.006503851889517126 250000.0
6.6331300409103475 1.3694066586281308 -0.006503851889517126 250000.0
6.6331300409103475 1.3694066586281308 -0.006503851889517126 250000.0
6.6331300409103475 1.3694066586281308 -0.006503851889517126 250000.0
6.659614824558761 1.3782521245509842 -0.0044268425721729395 0.0 1,1,0 coil/filament1/filament2
6.655483758030581 1.3456528487275734 0.12693458816507805 250000.0
6.629051151644077 1.3372512354606332 0.12309659205656204 250000.0
6.629051151644077 1.3372512354606332 0.12309659205656204 250000.0
6.629051151644077 1.3372512354606332 0.12309659205656204 250000.0
6.629051151644077 1.3372512354606332 0.12309659205656204 250000.0
6.629051151644077 1.3372512354606332 0.12309659205656204 250000.0
6.629051151644077 1.3372512354606332 0.12309659205656204 250000.0
6.629051151644077 1.3372512354606332 0.12309659205656204 250000.0
6.629051151644077 1.3372512354606332 0.12309659205656204 250000.0
6.629051151644077 1.3372512354606332 0.12309659205656204 250000.0
6.629051151644077 1.3372512354606332 0.12309659205656204 250000.0
6.629051151644077 1.3372512354606332 0.12309659205656204 250000.0
6.629051151644077 1.3372512354606332 0.12309659205656204 250000.0
6.629051151644077 1.3372512354606332 0.12309659205656204 250000.0
6.629051151644077 1.3372512354606332 0.12309659205656204 250000.0
6.629051151644077 1.3372512354606332 0.12309659205656204 250000.0
6.629051151644077 1.3372512354606332 0.12309659205656204 250000.0
6.629051151644077 1.3372512354606332 0.12309659205656204 250000.0
6.629051151644077 1.3372512354606332 0.12309659205656204 250000.0
6.629051151644077 1.3372512354606332 0.12309659205656204 250000.0
6.629051151644077 1.3372512354606332 0.12309659205656204 250000.0
6.629051151644077 1.3372512354606332 0.12309659205656204 250000.0
6.629051151644077 1.3372512354606332 0.12309659205656204 250000.0
6.629051151644077 1.3372512354606332 0.12309659205656204 250000.0
6.629051151644077 1.3372512354606332 0.12309659205656204 250000.0
6.629051151644077 1.3372512354606332 0.12309659205656204 250000.0
6.629051151644077 1.3372512354606332 0.12309659205656204 250000.0
6.629051151644077 1.3372512354606332 0.12309659205656204 250000.0
6.629051151644077 1.3372512354606332 0.12309659205656204 250000.0
6.629051151644077 1.3372512354606332 0.12309659205656204 250000.0
6.629051151644077 1.3372512354606332 0.12309659205656204 250000.0
6.629051151644077 1.3372512354606332 0.12309659205656204 250000.0
6.629051151644077 1.3372512354606332 0.12309659205656204 250000.0
6.629051151644077 1.3372512354606332 0.12309659205656204 250000.0
6.629051151644077 1.3372512354606332 0.12309659205656204 250000.0
6.629051151644077 1.3372512354606332 0.12309659205656204 250000.0
6.629051151644077 1.3372512354606332 0.12309659205656204 250000.0
6.629051151644077 1.3372512354606332 0.12309659205656204 250000.0
6.629051151644077 1.3372512354606332 0.12309659205656204 250000.0
6.629051151644077 1.3372512354606332 0.12309659205656204 250000.0
6.629051151644077 1.3372512354606332 0.12309659205656204 250000.0
6.629051151644077 1.3372512354606332 0.12309659205656204 250000.0
6.629051151644077 1.3372512354606332 0.12309659205656204 250000.0
6.629051151644077 1.3372512354606332 0.12309659205656204 250000.0
6.629051151644077 1.3372512354606332 0.12309659205656204 250000.0
6.629051151644077 1.3372512354606332 0.12309659205656204 250000.0
6.629051151644077 1.3372512354606332 0.12309659205656204 250000.0
6.629051151644077 1.3372512354606332 0.12309659205656204 250000.0
6.629051151644077 1.3372512354606332 0.12309659205656204 250000.0
6.629051151644077 1.3372512354606332 0.12309659205656204 250000.0
6.629051151644077 1.3372512354606332 0.12309659205656204 250000.0
6.629051151644077 1.3372512354606332 0.12309659205656204 250000.0
6.629051151644077 1.3372512354606332 0.12309659205656204 250000.0
6.629051151644077 1.3372512354606332 0.12309659205656204 250000.0
6.629051151644077 1.3372512354606332 0.12309659205656204 250000.0
6.629051151644077 1.3372512354606332 0.12309659205656204 250000.0
6.629051151644077 1.3372512354606332 0.12309659205656204 250000.0
6.629051151644077 1.3372512354606332 0.12309659205656204 250000.0
6.629051151644077 1.3372512354606332 0.12309659205656204 250000.0
6.629051151644077 1.3372512354606332 0.12309659205656204 250000.0
6.629051151644077 1.3372512354606332 0.12309659205656204 250000.0
6.629051151644077 1.3372512354606332 0.12309659205656204 250000.0
6.629051151644077 1.3372512354606332 0.12309659205656204 250000.0
6.629051151644077 1.3372512354606332 0.12309659205656204 250000.0
6.655483758030581 1.3456528487275734 0.12693458816507805 0.0 1,1,1 coil/filament1/filament2
6.36496765759684 2.1587927354545684 0.03452809510742173 250000.0
6.341243693594757 2.1441822385569873 0.031751962467645146 250000.0
6.341243693594757 2.1441822385569873 0.031751962467645146 250000.0
6.341243693594757 2.1441822385569873 0.031751962467645146 250000.0
6.341243693594757 2.1441822385569873 0.031751962467645146 250000.0
6.341243693594757 2.1441822385569873 0.031751962467645146 250000.0
6.341243693594757 2.1441822385569873 0.031751962467645146 250000.0
6.341243693594757 2.1441822385569873 0.031751962467645146 250000.0
6.341243693594757 2.1441822385569873 0.031751962467645146 250000.0
6.341243693594757 2.1441822385569873 0.031751962467645146 250000.0
6.341243693594757 2.1441822385569873 0.031751962467645146 250000.0
6.341243693594757 2.1441822385569873 0.031751962467645146 250000.0
6.341243693594757 2.1441822385569873 0.031751962467645146 250000.0
6.341243693594757 2.1441822385569873 0.031751962467645146 250000.0
6.341243693594757 2.1441822385569873 0.031751962467645146 250000.0
6.341243693594757 2.1441822385569873 0.031751962467645146 250000.0
6.341243693594757 2.1441822385569873 0.031751962467645146 250000.0
6.341243693594757 2.1441822385569873 0.031751962467645146 250000.0
6.341243693594757 2.1441822385569873 0.031751962467645146 250000.0
6.341243693594757 2.1441822385569873 0.031751962467645146 250000.0
6.341243693594757 2.1441822385569873 0.031751962467645146 250000.0
6.341243693594757 2.1441822385569873 0.031751962467645146 250000.0
6.341243693594757 2.1441822385569873 0.031751962467645146 250000.0
6.341243693594757 2.1441822385569873 0.031751962467645146 250000.0
6.341243693594757 2.1441822385569873 0.031751962467645146 250000.0
6.341243693594757 2.1441822385569873 0.031751962467645146 250000.0
6.341243693594757 2.1441822385569873 0.031751962467645146 250000.0
6.341243693594757 2.1441822385569873 0.031751962467645146 250000.0
6.341243693594757 2.1441822385569873 0.031751962467645146 250000.0
6.341243693594757 2.1441822385569873 0.031751962467645146 250000.0
6.341243693594757 2.1441822385569873 0.031751962467645146 250000.0
6.341243693594757 2.1441822385569873 0.031751962467645146 250000.0
6.341243693594757 2.1441822385569873 0.031751962467645146 250000.0
6.341243693594757 2.1441822385569873 0.031751962467645146 250000.0
6.341243693594757 2.1441822385569873 0.031751962467645146 250000.0
6.341243693594757 2.1441822385569873 0.031751962467645146 250000.0
6.341243693594757 2.1441822385569873 0.031751962467645146 250000.0
6.341243693594757 2.1441822385569873 0.031751962467645146 250000.0
6.341243693594757 2.1441822385569873 0.031751962467645146 250000.0
6.341243693594757 2.1441822385569873 0.031751962467645146 250000.0
6.341243693594757 2.1441822385569873 0.031751962467645146 250000.0
6.341243693594757 2.1441822385569873 0.031751962467645146 250000.0
6.341243693594757 2.1441822385569873 0.031751962467645146 250000.0
6.341243693594757 2.1441822385569873 0.031751962467645146 250000.0
6.341243693594757 2.1441822385569873 0.031751962467645146 250000.0
6.341243693594757 2.1441822385569873 0.031751962467645146 250000.0
6.341243693594757 2.1441822385569873 0.031751962467645146 250000.0
6.341243693594757 2.1441822385569873 0.031751962467645146 250000.0
6.341243693594757 2.1441822385569873 0.031751962467645146 250000.0
6.341243693594757 2.1441822385569873 0.031751962467645146 250000.0
6.341243693594757 2.1441822385569873 0.031751962467645146 250000.0
6.341243693594757 2.1441822385569873 0.031751962467645146 250000.0
6.341243693594757 2.1441822385569873 0.031751962467645146 250000.0
6.341243693594757 2.1441822385569873 0.031751962467645146 250000.0
6.341243693594757 2.1441822385569873 0.031751962467645146 250000.0
6.341243693594757 2.1441822385569873 0.031751962467645146 250000.0
6.341243693594757 2.1441822385569873 0.031751962467645146 250000.0
6.341243693594757 2.1441822385569873 0.031751962467645146 250000.0
6.341243693594757 2.1441822385569873 0.031751962467645146 250000.0
6.341243693594757 2.1441822385569873 0.031751962467645146 250000.0
6.341243693594757 2.1441822385569873 0.031751962467645146 250000.0
6.341243693594757 2.1441822385569873 0.031751962467645146 250000.0
6.341243693594757 2.1441822385569873 0.031751962467645146 250000.0
6.341243693594757 2.1441822385569873 0.031751962467645146 250000.0
6.36496765759684 2.1587927354545684 0.03452809510742173 0.0 2,0,0 coil/filament1/filament2
6.329446762834982 2.1818500612319762 0.15872542642222706 250000.0
6.306184381644297 2.1671875062731814 0.15344611743149902 250000.0
6.306184381644297 2.1671875062731814 0.15344611743149902 250000.0
6.306184381644297 2.1671875062731814 0.15344611743149902 250000.0
6.306184381644297 2.1671875062731814 0.15344611743149902 250000.0
6.306184381644297 2.1671875062731814 0.15344611743149902 250000.0
6.306184381644297 2.1671875062731814 0.15344611743149902 250000.0
6.306184381644297 2.1671875062731814 0.15344611743149902 250000.0
6.306184381644297 2.1671875062731814 0.15344611743149902 250000.0
6.306184381644297 2.1671875062731814 0.15344611743149902 250000.0
6.306184381644297 2.1671875062731814 0.15344611743149902 250000.0
6.306184381644297 2.1671875062731814 0.15344611743149902 250000.0
6.306184381644297 2.1671875062731814 0.15344611743149902 250000.0
6.306184381644297 2.1671875062731814 0.15344611743149902 250000.0
6.306184381644297 2.1671875062731814 0.15344611743149902 250000.0
6.306184381644297 2.1671875062731814 0.15344611743149902 250000.0
6.306184381644297 2.1671875062731814 0.15344611743149902 250000.0
6.306184381644297 2.1671875062731814 0.15344611743149902 250000.0
6.306184381644297 2.1671875062731814 0.15344611743149902 250000.0
6.306184381644297 2.1671875062731814 0.15344611743149902 250000.0
6.306184381644297 2.1671875062731814 0.15344611743149902 250000.0
6.306184381644297 2.1671875062731814 0.15344611743149902 250000.0
6.306184381644297 2.1671875062731814 0.15344611743149902 250000.0
6.306184381644297 2.1671875062731814 0.15344611743149902 250000.0
6.306184381644297 2.1671875062731814 0.15344611743149902 250000.0
6.306184381644297 2.1671875062731814 0.15344611743149902 250000.0
6.306184381644297 2.1671875062731814 0.15344611743149902 250000.0
6.306184381644297 2.1671875062731814 0.15344611743149902 250000.0
6.306184381644297 2.1671875062731814 0.15344611743149902 250000.0
6.306184381644297 2.1671875062731814 0.15344611743149902 250000.0
6.306184381644297 2.1671875062731814 0.15344611743149902 250000.0
6.306184381644297 2.1671875062731814 0.15344611743149902 250000.0
6.306184381644297 2.1671875062731814 0.15344611743149902 250000.0
6.306184381644297 2.1671875062731814 0.15344611743149902 250000.0
6.306184381644297 2.1671875062731814 0.15344611743149902 250000.0
6.306184381644297 2.1671875062731814 0.15344611743149902 250000.0
6.306184381644297 2.1671875062731814 0.15344611743149902 250000.0
6.306184381644297 2.1671875062731814 0.15344611743149902 250000.0
6.306184381644297 2.1671875062731814 0.15344611743149902 250000.0
6.306184381644297 2.1671875062731814 0.15344611743149902 250000.0
6.306184381644297 2.1671875062731814 0.15344611743149902 250000.0
6.306184381644297 2.1671875062731814 0.15344611743149902 250000.0
6.306184381644297 2.1671875062731814 0.15344611743149902 250000.0
6.306184381644297 2.1671875062731814 0.15344611743149902 250000.0
6.306184381644297 2.1671875062731814 0.15344611743149902 250000.0
6.306184381644297 2.1671875062731814 0.15344611743149902 250000.0
6.306184381644297 2.1671875062731814 0.15344611743149902 250000.0
6.306184381644297 2.1671875062731814 0.15344611743149902 250000.0
6.306184381644297 2.1671875062731814 0.15344611743149902 250000.0
6.306184381644297 2.1671875062731814 0.15344611743149902 250000.0
6.306184381644297 2.1671875062731814 0.15344611743149902 250000.0
6.306184381644297 2.1671875062731814 0.15344611743149902 250000.0
6.306184381644297 2.1671875062731814 0.15344611743149902 250000.0
6.306184381644297 2.1671875062731814 0.15344611743149902 250000.0
6.306184381644297 2.1671875062731814 0.15344611743149902 250000.0
6.306184381644297 2.1671875062731814 0.15344611743149902 250000.0
6.306184381644297 2.1671875062731814 0.15344611743149902 250000.0
6.306184381644297 2.1671875062731814 0.15344611743149902 250000.0
6.306184381644297 2.1671875062731814 0.15344611743149902 250000.0
6.306184381644297 2.1671875062731814 0.15344611743149902 250000.0
6.306184381644297 2.1671875062731814 0.15344611743149902 250000.0
6.306184381644297 2.1671875062731814 0.15344611743149902 250000.0
6.306184381644297 2.1671875062731814 0.15344611743149902 250000.0
6.306184381644297 2.1671875062731814 0.15344611743149902 250000.0
6.329446762834982 2.1818500612319762 0.15872542642222706 0.0 2,0,1 coil/filament1/filament2
6.376938757017566 2.137785474888446 0.04278583584966641 250000.0
6.353214793015483 2.123174977990865 0.04000970320988982 250000.0
6.353214793015483 2.123174977990865 0.04000970320988982 250000.0
6.353214793015483 2.123174977990865 0.04000970320988982 250000.0
6.353214793015483 2.123174977990865 0.04000970320988982 250000.0
6.353214793015483 2.123174977990865 0.04000970320988982 250000.0
6.353214793015483 2.123174977990865 0.04000970320988982 250000.0
6.353214793015483 2.123174977990865 0.04000970320988982 250000.0
6.353214793015483 2.123174977990865 0.04000970320988982 250000.0
6.353214793015483 2.123174977990865 0.04000970320988982 250000.0
6.353214793015483 2.123174977990865 0.04000970320988982 250000.0
6.353214793015483 2.123174977990865 0.04000970320988982 250000.0
6.353214793015483 2.123174977990865 0.04000970320988982 250000.0
6.353214793015483 2.123174977990865 0.04000970320988982 250000.0
6.353214793015483 2.123174977990865 0.04000970320988982 250000.0
6.353214793015483 2.123174977990865 0.04000970320988982 250000.0
6.353214793015483 2.123174977990865 0.04000970320988982 250000.0
6.353214793015483 2.123174977990865 0.04000970320988982 250000.0
6.353214793015483 2.123174977990865 0.04000970320988982 250000.0
6.353214793015483 2.123174977990865 0.04000970320988982 250000.0
6.353214793015483 2.123174977990865 0.04000970320988982 250000.0
6.353214793015483 2.123174977990865 0.04000970320988982 250000.0
6.353214793015483 2.123174977990865 0.04000970320988982 250000.0
6.353214793015483 2.123174977990865 0.04000970320988982 250000.0
6.353214793015483 2.123174977990865 0.04000970320988982 250000.0
6.353214793015483 2.123174977990865 0.04000970320988982 250000.0
6.353214793015483 2.123174977990865 0.04000970320988982 250000.0
6.353214793015483 2.123174977990865 0.04000970320988982 250000.0
6.353214793015483 2.123174977990865 0.04000970320988982 250000.0
6.353214793015483 2.123174977990865 0.04000970320988982 250000.0
6.353214793015483 2.123174977990865 0.04000970320988982 250000.0
6.353214793015483 2.123174977990865 0.04000970320988982 250000.0
6.353214793015483 2.123174977990865 0.04000970320988982 250000.0
6.353214793015483 2.123174977990865 0.04000970320988982 250000.0
6.353214793015483 2.123174977990865 0.04000970320988982 250000.0
6.353214793015483 2.123174977990865 0.04000970320988982 250000.0
6.353214793015483 2.123174977990865 0.04000970320988982 250000.0
6.353214793015483 2.123174977990865 0.04000970320988982 250000.0
6.353214793015483 2.123174977990865 0.04000970320988982 250000.0
6.353214793015483 2.123174977990865 0.04000970320988982 250000.0
6.353214793015483 2.123174977990865 0.04000970320988982 250000.0
6.353214793015483 2.123174977990865 0.04000970320988982 250000.0
6.353214793015483 2.123174977990865 0.04000970320988982 250000.0
6.353214793015483 2.123174977990865 0.04000970320988982 250000.0
6.353214793015483 2.123174977990865 0.04000970320988982 250000.0
6.353214793015483 2.123174977990865 0.04000970320988982 250000.0
6.353214793015483 2.123174977990865 0.04000970320988982 250000.0
6.353214793015483 2.123174977990865 0.04000970320988982 250000.0
6.353214793015483 2.123174977990865 0.04000970320988982 250000.0
6.353214793015483 2.123174977990865 0.04000970320988982 250000.0
6.353214793015483 2.123174977990865 0.04000970320988982 250000.0
6.353214793015483 2.123174977990865 0.04000970320988982 250000.0
6.353214793015483 2.123174977990865 0.04000970320988982 250000.0
6.353214793015483 2.123174977990865 0.04000970320988982 250000.0
6.353214793015483 2.123174977990865 0.04000970320988982 250000.0
6.353214793015483 2.123174977990865 0.04000970320988982 250000.0
6.353214793015483 2.123174977990865 0.04000970320988982 250000.0
6.353214793015483 2.123174977990865 0.04000970320988982 250000.0
6.353214793015483 2.123174977990865 0.04000970320988982 250000.0
6.353214793015483 2.123174977990865 0.04000970320988982 250000.0
6.353214793015483 2.123174977990865 0.04000970320988982 250000.0
6.353214793015483 2.123174977990865 0.04000970320988982 250000.0
6.353214793015483 2.123174977990865 0.04000970320988982 250000.0
6.353214793015483 2.123174977990865 0.04000970320988982 250000.0
6.376938757017566 2.137785474888446 0.04278583584966641 0.0 2,1,0 coil/filament1/filament2
6.341536863679556 2.1603133411539326 0.16526772340784288 250000.0
6.318274482488871 2.1456507861951377 0.15998841441711484 250000.0
6.318274482488871 2.1456507861951377 0.15998841441711484 250000.0
6.318274482488871 2.1456507861951377 0.15998841441711484 250000.0
6.318274482488871 2.1456507861951377 0.15998841441711484 250000.0
6.318274482488871 2.1456507861951377 0.15998841441711484 250000.0
6.318274482488871 2.1456507861951377 0.15998841441711484 250000.0
6.318274482488871 2.1456507861951377 0.15998841441711484 250000.0
6.318274482488871 2.1456507861951377 0.15998841441711484 250000.0
6.318274482488871 2.1456507861951377 0.15998841441711484 250000.0
6.318274482488871 2.1456507861951377 0.15998841441711484 250000.0
6.318274482488871 2.1456507861951377 0.15998841441711484 250000.0
6.318274482488871 2.1456507861951377 0.15998841441711484 250000.0
6.318274482488871 2.1456507861951377 0.15998841441711484 250000.0
6.318274482488871 2.1456507861951377 0.15998841441711484 250000.0
6.318274482488871 2.1456507861951377 0.15998841441711484 250000.0
6.318274482488871 2.1456507861951377 0.15998841441711484 250000.0
6.318274482488871 2.1456507861951377 0.15998841441711484 250000.0
6.318274482488871 2.1456507861951377 0.15998841441711484 250000.0
6.318274482488871 2.1456507861951377 0.15998841441711484 250000.0
6.318274482488871 2.1456507861951377 0.15998841441711484 250000.0
6.318274482488871 2.1456507861951377 0.15998841441711484 250000.0
6.318274482488871 2.1456507861951377 0.15998841441711484 250000.0
6.318274482488871 2.1456507861951377 0.15998841441711484 250000.0
6.318274482488871 2.1456507861951377 0.15998841441711484 250000.0
6.318274482488871 2.1456507861951377 0.15998841441711484 250000.0
6.318274482488871 2.1456507861951377 0.15998841441711484 250000.0
6.318274482488871 2.1456507861951377 0.15998841441711484 250000.0
6.318274482488871 2.1456507861951377 0.15998841441711484 250000.0
6.318274482488871 2.1456507861951377 0.15998841441711484 250000.0
6.318274482488871 2.1456507861951377 0.15998841441711484 250000.0
6.318274482488871 2.1456507861951377 0.15998841441711484 250000.0
6.318274482488871 2.1456507861951377 0.15998841441711484 250000.0
6.318274482488871 2.1456507861951377 0.15998841441711484 250000.0
6.318274482488871 2.1456507861951377 0.15998841441711484 250000.0
6.318274482488871 2.1456507861951377 0.15998841441711484 250000.0
6.318274482488871 2.1456507861951377 0.15998841441711484 250000.0
6.318274482488871 2.1456507861951377 0.15998841441711484 250000.0
6.318274482488871 2.1456507861951377 0.15998841441711484 250000.0
6.318274482488871 2.1456507861951377 0.15998841441711484 250000.0
6.318274482488871 2.1456507861951377 0.15998841441711484 250000.0
6.318274482488871 2.1456507861951377 0.15998841441711484 250000.0
6.318274482488871 2.1456507861951377 0.15998841441711484 250000.0
6.318274482488871 2.1456507861951377 0.15998841441711484 250000.0
6.318274482488871 2.1456507861951377 0.15998841441711484 250000.0
6.318274482488871 2.1456507861951377 0.15998841441711484 250000.0
6.318274482488871 2.1456507861951377 0.15998841441711484 250000.0
6.318274482488871 2.1456507861951377 0.15998841441711484 250000.0
6.318274482488871 2.1456507861951377 0.15998841441711484 250000.0
6.318274482488871 2.1456507861951377 0.15998841441711484 250000.0
6.318274482488871 2.1456507861951377 0.15998841441711484 250000.0
6.318274482488871 2.1456507861951377 0.15998841441711484 250000.0
6.318274482488871 2.1456507861951377 0.15998841441711484 250000.0
6.318274482488871 2.1456507861951377 0.15998841441711484 250000.0
6.318274482488871 2.1456507861951377 0.15998841441711484 250000.0
6.318274482488871 2.1456507861951377 0.15998841441711484 250000.0
6.318274482488871 2.1456507861951377 0.15998841441711484 250000.0
6.318274482488871 2.1456507861951377 0.15998841441711484 250000.0
6.318274482488871 2.1456507861951377 0.15998841441711484 250000.0
6.318274482488871 2.1456507861951377 0.15998841441711484 250000.0
6.318274482488871 2.1456507861951377 0.15998841441711484 250000.0
6.318274482488871 2.1456507861951377 0.15998841441711484 250000.0
6.318274482488871 2.1456507861951377 0.15998841441711484 250000.0
6.318274482488871 2.1456507861951377 0.15998841441711484 250000.0
6.341536863679556 2.1603133411539326 0.16526772340784288 0.0 2,1,1 coil/filament1/filament2
6.120899632235459 2.6353365202819314 0.03627809179854322 250000.0
6.096059518001356 2.6234179998308425 0.03128633909096047 250000.0
6.096059518001356 2.6234179998308425 0.03128633909096047 250000.0
6.096059518001356 2.6234179998308425 0.03128633909096047 250000.0
6.096059518001356 2.6234179998308425 0.03128633909096047 250000.0
6.096059518001356 2.6234179998308425 0.03128633909096047 250000.0
6.096059518001356 2.6234179998308425 0.03128633909096047 250000.0
6.096059518001356 2.6234179998308425 0.03128633909096047 250000.0
6.096059518001356 2.6234179998308425 0.03128633909096047 250000.0
6.096059518001356 2.6234179998308425 0.03128633909096047 250000.0
6.096059518001356 2.6234179998308425 0.03128633909096047 250000.0
6.096059518001356 2.6234179998308425 0.03128633909096047 250000.0
6.096059518001356 2.6234179998308425 0.03128633909096047 250000.0
6.096059518001356 2.6234179998308425 0.03128633909096047 250000.0
6.096059518001356 2.6234179998308425 0.03128633909096047 250000.0
6.096059518001356 2.6234179998308425 0.03128633909096047 250000.0
6.096059518001356 2.6234179998308425 0.03128633909096047 250000.0
6.096059518001356 2.6234179998308425 0.03128633909096047 250000.0
6.096059518001356 2.6234179998308425 0.03128633909096047 250000.0
6.096059518001356 2.6234179998308425 0.03128633909096047 250000.0
6.096059518001356 2.6234179998308425 0.03128633909096047 250000.0
6.096059518001356 2.6234179998308425 0.03128633909096047 250000.0
6.096059518001356 2.6234179998308425 0.03128633909096047 250000.0
6.096059518001356 2.6234179998308425 0.03128633909096047 250000.0
6.096059518001356 2.6234179998308425 0.03128633909096047 250000.0
6.096059518001356 2.6234179998308425 0.03128633909096047 250000.0
6.096059518001356 2.6234179998308425 0.03128633909096047 250000.0
6.096059518001356 2.6234179998308425 0.03128633909096047 250000.0
6.096059518001356 2.6234179998308425 0.03128633909096047 250000.0
6.096059518001356 2.6234179998308425 0.03128633909096047 250000.0
6.096059518001356 2.6234179998308425 0.03128633909096047 250000.0
6.096059518001356 2.6234179998308425 0.03128633909096047 250000.0
6.096059518001356 2.6234179998308425 0.03128633909096047 250000.0
6.096059518001356 2.6234179998308425 0.03128633909096047 250000.0
6.096059518001356 2.6234179998308425 0.03128633909096047 250000.0
6.096059518001356 2.6234179998308425 0.03128633909096047 250000.0
6.096059518001356 2.6234179998308425 0.03128633909096047 250000.0
6.096059518001356 2.6234179998308425 0.03128633909096047 250000.0
6.096059518001356 2.6234179998308425 0.03128633909096047 250000.0
6.096059518001356 2.6234179998308425 0.03128633909096047 250000.0
6.096059518001356 2.6234179998308425 0.03128633909096047 250000.0
6.096059518001356 2.6234179998308425 0.03128633909096047 250000.0
6.096059518001356 2.6234179998308425 0.03128633909096047 250000.0
6.096059518001356 2.6234179998308425 0.03128633909096047 250000.0
6.096059518001356 2.6234179998308425 0.03128633909096047 250000.0
6.096059518001356 2.6234179998308425 0.03128633909096047 250000.0
6.096059518001356 2.6234179998308425 0.03128633909096047 250000.0
6.096059518001356 2.6234179998308425 0.03128633909096047 250000.0
6.096059518001356 2.6234179998308425 0.03128633909096047 250000.0
6.096059518001356 2.6234179998308425 0.03128633909096047 250000.0
6.096059518001356 2.6234179998308425 0.03128633909096047 250000.0
6.096059518001356 2.6234179998308425 0.03128633909096047 250000.0
6.096059518001356 2.6234179998308425 0.03128633909096047 250000.0
6.096059518001356 2.6234179998308425 0.03128633909096047 250000.0
6.096059518001356 2.6234179998308425 0.03128633909096047 250000.0
6.096059518001356 2.6234179998308425 0.03128633909096047 250000.0
6.096059518001356 2.6234179998308425 0.03128633909096047 250000.0
6.096059518001356 2.6234179998308425 0.03128633909096047 250000.0
6.096059518001356 2.6234179998308425 0.03128633909096047 250000.0
6.096059518001356 2.6234179998308425 0.03128633909096047 250000.0
6.096059518001356 2.6234179998308425 0.03128633909096047 250000.0
6.096059518001356 2.6234179998308425 0.03128633909096047 250000.0
6.096059518001356 2.6234179998308425 0.03128633909096047 250000.0
6.096059518001356 2.6234179998308425 0.03128633909096047 250000.0
6.120899632235459 2.6353365202819314 0.03627809179854322 0.0 3,0,0 coil/filament1/filament2
6.070226912495851 2.674570265450952 0.15936018034351845 250000.0
6.046480640739655 2.6614717962263947 0.15239277898761705 250000.0
6.046480640739655 2.6614717962263947 0.15239277898761705 250000.0
6.046480640739655 2.6614717962263947 0.15239277898761705 250000.0
6.046480640739655 2.6614717962263947 0.15239277898761705 250000.0
6.046480640739655 2.6614717962263947 0.15239277898761705 250000.0
6.046480640739655 2.6614717962263947 0.15239277898761705 250000.0
6.046480640739655 2.6614717962263947 0.15239277898761705 250000.0
6.046480640739655 2.6614717962263947 0.15239277898761705 250000.0
6.046480640739655 2.6614717962263947 0.15239277898761705 250000.0
6.046480640739655 2.6614717962263947 0.15239277898761705 250000.0
6.046480640739655 2.6614717962263947 0.15239277898761705 250000.0
6.046480640739655 2.6614717962263947 0.15239277898761705 250000.0
6.046480640739655 2.6614717962263947 0.15239277898761705 250000.0
6.046480640739655 2.6614717962263947 0.15239277898761705 250000.0
6.046480640739655 2.6614717962263947 0.15239277898761705 250000.0
6.046480640739655 2.6614717962263947 0.15239277898761705 250000.0
6.046480640739655 2.6614717962263947 0.15239277898761705 250000.0
6.046480640739655 2.6614717962263947 0.15239277898761705 250000.0
6.046480640739655 2.6614717962263947 0.15239277898761705 250000.0
6.046480640739655 2.6614717962263947 0.15239277898761705 250000.0
6.046480640739655 2.6614717962263947 0.15239277898761705 250000.0
6.046480640739655 2.6614717962263947 0.15239277898761705 250000.0
6.046480640739655 2.6614717962263947 0.15239277898761705 250000.0
6.046480640739655 2.6614717962263947 0.15239277898761705 250000.0
6.046480640739655 2.6614717962263947 0.15239277898761705 250000.0
6.046480640739655 2.6614717962263947 0.15239277898761705 250000.0
6.046480640739655 2.6614717962263947 0.15239277898761705 250000.0
6.046480640739655 2.6614717962263947 0.15239277898761705 250000.0
6.046480640739655 2.6614717962263947 0.15239277898761705 250000.0
6.046480640739655 2.6614717962263947 0.15239277898761705 250000.0
6.046480640739655 2.6614717962263947 0.15239277898761705 250000.0
6.046480640739655 2.6614717962263947 0.15239277898761705 250000.0
6.046480640739655 2.6614717962263947 0.15239277898761705 250000.0
6.046480640739655 2.6614717962263947 0.15239277898761705 250000.0
6.046480640739655 2.6614717962263947 0.15239277898761705 250000.0
6.046480640739655 2.6614717962263947 0.15239277898761705 250000.0
6.046480640739655 2.6614717962263947 0.15239277898761705 250000.0
6.046480640739655 2.6614717962263947 0.15239277898761705 250000.0
6.046480640739655 2.6614717962263947 0.15239277898761705 250000.0
6.046480640739655 2.6614717962263947 0.15239277898761705 250000.0
6.046480640739655 2.6614717962263947 0.15239277898761705 250000.0
6.046480640739655 2.6614717962263947 0.15239277898761705 250000.0
6.046480640739655 2.6614717962263947 0.15239277898761705 250000.0
6.046480640739655 2.6614717962263947 0.15239277898761705 250000.0
6.046480640739655 2.6614717962263947 0.15239277898761705 250000.0
6.046480640739655 2.6614717962263947 0.15239277898761705 250000.0
6.046480640739655 2.6614717962263947 0.15239277898761705 250000.0
6.046480640739655 2.6614717962263947 0.15239277898761705 250000.0
6.046480640739655 2.6614717962263947 0.15239277898761705 250000.0
6.046480640739655 2.6614717962263947 0.15239277898761705 250000.0
6.046480640739655 2.6614717962263947 0.15239277898761705 250000.0
6.046480640739655 2.6614717962263947 0.15239277898761705 250000.0
6.046480640739655 2.6614717962263947 0.15239277898761705 250000.0
6.046480640739655 2.6614717962263947 0.15239277898761705 250000.0
6.046480640739655 2.6614717962263947 0.15239277898761705 250000.0
6.046480640739655 2.6614717962263947 0.15239277898761705 250000.0
6.046480640739655 2.6614717962263947 0.15239277898761705 250000.0
6.046480640739655 2.6614717962263947 0.15239277898761705 250000.0
6.046480640739655 2.6614717962263947 0.15239277898761705 250000.0
6.046480640739655 2.6614717962263947 0.15239277898761705 250000.0
6.046480640739655 2.6614717962263947 0.15239277898761705 250000.0
6.046480640739655 2.6614717962263947 0.15239277898761705 250000.0
6.046480640739655 2.6614717962263947 0.15239277898761705 250000.0
6.070226912495851 2.674570265450952 0.15936018034351845 0.0 3,0,1 coil/filament1/filament2
6.1295433148418095 2.613296936845059 0.04588777508831958 250000.0
6.104703200607706 2.60137841639397 0.04089602238073683 250000.0
6.104703200607706 2.60137841639397 0.04089602238073683 250000.0
6.104703200607706 2.60137841639397 0.04089602238073683 250000.0
6.104703200607706 2.60137841639397 0.04089602238073683 250000.0
6.104703200607706 2.60137841639397 0.04089602238073683 250000.0
6.104703200607706 2.60137841639397 0.04089602238073683 250000.0
6.104703200607706 2.60137841639397 0.04089602238073683 250000.0
6.104703200607706 2.60137841639397 0.04089602238073683 250000.0
6.104703200607706 2.60137841639397 0.04089602238073683 250000.0
6.104703200607706 2.60137841639397 0.04089602238073683 250000.0
6.104703200607706 2.60137841639397 0.04089602238073683 250000.0
6.104703200607706 2.60137841639397 0.04089602238073683 250000.0
6.104703200607706 2.60137841639397 0.04089602238073683 250000.0
6.104703200607706 2.60137841639397 0.04089602238073683 250000.0
6.104703200607706 2.60137841639397 0.04089602238073683 250000.0
6.104703200607706 2.60137841639397 0.04089602238073683 250000.0
6.104703200607706 2.60137841639397 0.04089602238073683 250000.0
6.104703200607706 2.60137841639397 0.04089602238073683 250000.0
6.104703200607706 2.60137841639397 0.04089602238073683 250000.0
6.104703200607706 2.60137841639397 0.04089602238073683 250000.0
6.104703200607706 2.60137841639397 0.04089602238073683 250000.0
6.104703200607706 2.60137841639397 0.04089602238073683 250000.0
6.104703200607706 2.60137841639397 0.04089602238073683 250000.0
6.104703200607706 2.60137841639397 0.04089602238073683 250000.0
6.104703200607706 2.60137841639397 0.04089602238073683 250000.0
6.104703200607706 2.60137841639397 0.04089602238073683 250000.0
6.104703200607706 2.60137841639397 0.04089602238073683 250000.0
6.104703200607706 2.60137841639397 0.04089602238073683 250000.0
6.104703200607706 2.60137841639397 0.04089602238073683 250000.0
6.104703200607706 2.60137841639397 0.04089602238073683 250000.0
6.104703200607706 2.60137841639397 0.04089602238073683 250000.0
6.104703200607706 2.60137841639397 0.04089602238073683 250000.0
6.104703200607706 2.60137841639397 0.04089602238073683 250000.0
6.104703200607706 2.60137841639397 0.04089602238073683 250000.0
6.104703200607706 2.60137841639397 0.04089602238073683 250000.0
6.104703200607706 2.60137841639397 0.04089602238073683 250000.0
6.104703200607706 2.60137841639397 0.04089602238073683 250000.0
6.104703200607706 2.60137841639397 0.04089602238073683 250000.0
6.104703200607706 2.60137841639397 0.04089602238073683 250000.0
6.104703200607706 2.60137841639397 0.04089602238073683 250000.0
6.104703200607706 2.60137841639397 0.04089602238073683 250000.0
6.104703200607706 2.60137841639397 0.04089602238073683 250000.0
6.104703200607706 2.60137841639397 0.04089602238073683 250000.0
6.104703200607706 2.60137841639397 0.04089602238073683 250000.0
6.104703200607706 2.60137841639397 0.04089602238073683 250000.0
6.104703200607706 2.60137841639397 0.04089602238073683 250000.0
6.104703200607706 2.60137841639397 0.04089602238073683 250000.0
6.104703200607706 2.60137841639397 0.04089602238073683 250000.0
6.104703200607706 2.60137841639397 0.04089602238073683 250000.0
6.104703200607706 2.60137841639397 0.04089602238073683 250000.0
6.104703200607706 2.60137841639397 0.04089602238073683 250000.0
6.104703200607706 2.60137841639397 0.04089602238073683 250000.0
6.104703200607706 2.60137841639397 0.04089602238073683 250000.0
6.104703200607706 2.60137841639397 0.04089602238073683 250000.0
6.104703200607706 2.60137841639397 0.04089602238073683 250000.0
6.104703200607706 2.60137841639397 0.04089602238073683 250000.0
6.104703200607706 2.60137841639397 0.04089602238073683 250000.0
6.104703200607706 2.60137841639397 0.04089602238073683 250000.0
6.104703200607706 2.60137841639397 0.04089602238073683 250000.0
6.104703200607706 2.60137841639397 0.04089602238073683 250000.0
6.104703200607706 2.60137841639397 0.04089602238073683 250000.0
6.104703200607706 2.60137841639397 0.04089602238073683 250000.0
6.104703200607706 2.60137841639397 0.04089602238073683 250000.0
6.1295433148418095 2.613296936845059 0.04588777508831958 0.0 3,1,0 coil/filament1/filament2
6.078774220526646 2.6531872153260423 0.17042865778092126 250000.0
6.05502794877045 2.640088746101485 0.16346125642501985 250000.0
6.05502794877045 2.640088746101485 0.16346125642501985 250000.0
6.05502794877045 2.640088746101485 0.16346125642501985 250000.0
6.05502794877045 2.640088746101485 0.16346125642501985 250000.0
6.05502794877045 2.640088746101485 0.16346125642501985 250000.0
6.05502794877045 2.640088746101485 0.16346125642501985 250000.0
6.05502794877045 2.640088746101485 0.16346125642501985 250000.0
6.05502794877045 2.640088746101485 0.16346125642501985 250000.0
6.05502794877045 2.640088746101485 0.16346125642501985 250000.0
6.05502794877045 2.640088746101485 0.16346125642501985 250000.0
6.05502794877045 2.640088746101485 0.16346125642501985 250000.0
6.05502794877045 2.640088746101485 0.16346125642501985 250000.0
6.05502794877045 2.640088746101485 0.16346125642501985 250000.0
6.05502794877045 2.640088746101485 0.16346125642501985 250000.0
6.05502794877045 2.640088746101485 0.16346125642501985 250000.0
6.05502794877045 2.640088746101485 0.16346125642501985 250000.0
6.05502794877045 2.640088746101485 0.16346125642501985 250000.0
6.05502794877045 2.640088746101485 0.16346125642501985 250000.0
6.05502794877045 2.640088746101485 0.16346125642501985 250000.0
6.05502794877045 2.640088746101485 0.16346125642501985 250000.0
6.05502794877045 2.640088746101485 0.16346125642501985 250000.0
6.05502794877045 2.640088746101485 0.16346125642501985 250000.0
6.05502794877045 2.640088746101485 0.16346125642501985 250000.0
6.05502794877045 2.640088746101485 0.16346125642501985 250000.0
6.05502794877045 2.640088746101485 0.16346125642501985 250000.0
6.05502794877045 2.640088746101485 0.16346125642501985 250000.0
6.05502794877045 2.640088746101485 0.16346125642501985 250000.0
6.05502794877045 2.640088746101485 0.16346125642501985 250000.0
6.05502794877045 2.640088746101485 0.16346125642501985 250000.0
6.05502794877045 2.640088746101485 0.16346125642501985 250000.0
6.05502794877045 2.640088746101485 0.16346125642501985 250000.0
6.05502794877045 2.640088746101485 0.16346125642501985 250000.0
6.05502794877045 2.640088746101485 0.16346125642501985 250000.0
6.05502794877045 2.640088746101485 0.16346125642501985 250000.0
6.05502794877045 2.640088746101485 0.16346125642501985 250000.0
6.05502794877045 2.640088746101485 0.16346125642501985 250000.0
6.05502794877045 2.640088746101485 0.16346125642501985 250000.0
6.05502794877045 2.640088746101485 0.16346125642501985 250000.0
6.05502794877045 2.640088746101485 0.16346125642501985 250000.0
6.05502794877045 2.640088746101485 0.16346125642501985 250000.0
6.05502794877045 2.640088746101485 0.16346125642501985 250000.0
6.05502794877045 2.640088746101485 0.16346125642501985 250000.0
6.05502794877045 2.640088746101485 0.16346125642501985 250000.0
6.05502794877045 2.640088746101485 0.16346125642501985 250000.0
6.05502794877045 2.640088746101485 0.16346125642501985 250000.0
6.05502794877045 2.640088746101485 0.16346125642501985 250000.0
6.05502794877045 2.640088746101485 0.16346125642501985 250000.0
6.05502794877045 2.640088746101485 0.16346125642501985 250000.0
6.05502794877045 2.640088746101485 0.16346125642501985 250000.0
6.05502794877045 2.640088746101485 0.16346125642501985 250000.0
6.05502794877045 2.640088746101485 0.16346125642501985 250000.0
6.05502794877045 2.640088746101485 0.16346125642501985 250000.0
6.05502794877045 2.640088746101485 0.16346125642501985 250000.0
6.05502794877045 2.640088746101485 0.16346125642501985 250000.0
6.05502794877045 2.640088746101485 0.16346125642501985 250000.0
6.05502794877045 2.640088746101485 0.16346125642501985 250000.0
6.05502794877045 2.640088746101485 0.16346125642501985 250000.0
6.05502794877045 2.640088746101485 0.16346125642501985 250000.0
6.05502794877045 2.640088746101485 0.16346125642501985 250000.0
6.05502794877045 2.640088746101485 0.16346125642501985 250000.0
6.05502794877045 2.640088746101485 0.16346125642501985 250000.0
6.05502794877045 2.640088746101485 0.16346125642501985 250000.0
6.05502794877045 2.640088746101485 0.16346125642501985 250000.0
6.078774220526646 2.6531872153260423 0.17042865778092126 0.0 3,1,1 coil/filament1/filament2
5.758313173827075 3.3209701624900076 -0.01737162731665033 250000.0
5.731244343200202 3.3140336875502783 -0.019150313321585906 250000.0
5.731244343200202 3.3140336875502783 -0.019150313321585906 250000.0
5.731244343200202 3.3140336875502783 -0.019150313321585906 250000.0
5.731244343200202 3.3140336875502783 -0.019150313321585906 250000.0
5.731244343200202 3.3140336875502783 -0.019150313321585906 250000.0
5.731244343200202 3.3140336875502783 -0.019150313321585906 250000.0
5.731244343200202 3.3140336875502783 -0.019150313321585906 250000.0
5.731244343200202 3.3140336875502783 -0.019150313321585906 250000.0
5.731244343200202 3.3140336875502783 -0.019150313321585906 250000.0
5.731244343200202 3.3140336875502783 -0.019150313321585906 250000.0
5.731244343200202 3.3140336875502783 -0.019150313321585906 250000.0
5.731244343200202 3.3140336875502783 -0.019150313321585906 250000.0
5.731244343200202 3.3140336875502783 -0.019150313321585906 250000.0
5.731244343200202 3.3140336875502783 -0.019150313321585906 250000.0
5.731244343200202 3.3140336875502783 -0.019150313321585906 250000.0
5.731244343200202 3.3140336875502783 -0.019150313321585906 250000.0
5.731244343200202 3.3140336875502783 -0.019150313321585906 250000.0
5.731244343200202 3.3140336875502783 -0.019150313321585906 250000.0
5.731244343200202 3.3140336875502783 -0.019150313321585906 250000.0
5.731244343200202 3.3140336875502783 -0.019150313321585906 250000.0
5.731244343200202 3.3140336875502783 -0.019150313321585906 250000.0
5.731244343200202 3.3140336875502783 -0.019150313321585906 250000.0
5.731244343200202 3.3140336875502783 -0.019150313321585906 250000.0
5.731244343200202 3.3140336875502783 -0.019150313321585906 250000.0
5.731244343200202 3.3140336875502783 -0.019150313321585906 250000.0
5.731244343200202 3.3140336875502783 -0.019150313321585906 250000.0
5.731244343200202 3.3140336875502783 -0.019150313321585906 250000.0
5.731244343200202 3.3140336875502783 -0.019150313321585906 250000.0
5.731244343200202 3.3140336875502783 -0.019150313321585906 250000.0
5.731244343200202 3.3140336875502783 -0.019150313321585906 250000.0
5.731244343200202 3.3140336875502783 -0.019150313321585906 250000.0
5.731244343200202 3.3140336875502783 -0.019150313321585906 250000.0
5.731244343200202 3.3140336875502783 -0.019150313321585906 250000.0
5.731244343200202 3.3140336875502783 -0.019150313321585906 250000.0
5.731244343200202 3.3140336875502783 -0.019150313321585906 250000.0
5.731244343200202 3.3140336875502783 -0.019150313321585906 250000.0
5.731244343200202 3.3140336875502783 -0.019150313321585906 250000.0
5.731244343200202 3.3140336875502783 -0.019150313321585906 250000.0
5.731244343200202 3.3140336875502783 -0.019150313321585906 250000.0
5.731244343200202 3.3140336875502783 -0.019150313321585906 250000.0
5.731244343200202 3.3140336875502783 -0.019150313321585906 250000.0
5.731244343200202 3.3140336875502783 -0.019150313321585906 250000.0
5.731244343200202 3.3140336875502783 -0.019150313321585906 250000.0
5.731244343200202 3.3140336875502783 -0.019150313321585906 250000.0
5.731244343200202 3.3140336875502783 -0.019150313321585906 250000.0
5.731244343200202 3.3140336875502783 -0.019150313321585906 250000.0
5.731244343200202 3.3140336875502783 -0.019150313321585906 250000.0
5.731244343200202 3.3140336875502783 -0.019150313321585906 250000.0
5.731244343200202 3.3140336875502783 -0.019150313321585906 250000.0
5.731244343200202 3.3140336875502783 -0.019150313321585906 250000.0
5.731244343200202 3.3140336875502783 -0.019150313321585906 250000.0
5.731244343200202 3.3140336875502783 -0.019150313321585906 250000.0
5.731244343200202 3.3140336875502783 -0.019150313321585906 250000.0
5.731244343200202 3.3140336875502783 -0.019150313321585906 250000.0
5.731244343200202 3.3140336875502783 -0.019150313321585906 250000.0
5.731244343200202 3.3140336875502783 -0.019150313321585906 250000.0
5.731244343200202 3.3140336875502783 -0.019150313321585906 250000.0
5.731244343200202 3.3140336875502783 -0.019150313321585906 250000.0
5.731244343200202 3.3140336875502783 -0.019150313321585906 250000.0
5.731244343200202 3.3140336875502783 -0.019150313321585906 250000.0
5.731244343200202 3.3140336875502783 -0.019150313321585906 250000.0
5.731244343200202 3.3140336875502783 -0.019150313321585906 250000.0
5.731244343200202 3.3140336875502783 -0.019150313321585906 250000.0
5.758313173827075 3.3209701624900076 -0.01737162731665033 0.0 4,0,0 coil/filament1/filament2
5.758064237246826 3.24825065222711 0.08666025645335025 250000.0
5.731303590286217 3.2429448682574993 0.08035815912646992 250000.0
5.731303590286217 3.2429448682574993 0.08035815912646992 250000.0
5.731303590286217 3.2429448682574993 0.08035815912646992 250000.0
5.731303590286217 3.2429448682574993 0.08035815912646992 250000.0
5.731303590286217 3.2429448682574993 0.08035815912646992 250000.0
5.731303590286217 3.2429448682574993 0.08035815912646992 250000.0
5.731303590286217 3.2429448682574993 0.08035815912646992 250000.0
5.731303590286217 3.2429448682574993 0.08035815912646992 250000.0
5.731303590286217 3.2429448682574993 0.08035815912646992 250000.0
5.731303590286217 3.2429448682574993 0.08035815912646992 250000.0
5.731303590286217 3.2429448682574993 0.08035815912646992 250000.0
5.731303590286217 3.2429448682574993 0.08035815912646992 250000.0
5.731303590286217 3.2429448682574993 0.08035815912646992 250000.0
5.731303590286217 3.2429448682574993 0.08035815912646992 250000.0
5.731303590286217 3.2429448682574993 0.08035815912646992 250000.0
5.731303590286217 3.2429448682574993 0.08035815912646992 250000.0
5.731303590286217 3.2429448682574993 0.08035815912646992 250000.0
5.731303590286217 3.2429448682574993 0.08035815912646992 250000.0
5.731303590286217 3.2429448682574993 0.08035815912646992 250000.0
5.731303590286217 3.2429448682574993 0.08035815912646992 250000.0
5.731303590286217 3.2429448682574993 0.08035815912646992 250000.0
5.731303590286217 3.2429448682574993 0.08035815912646992 250000.0
5.731303590286217 3.2429448682574993 0.08035815912646992 250000.0
5.731303590286217 3.2429448682574993 0.08035815912646992 250000.0
5.731303590286217 3.2429448682574993 0.08035815912646992 250000.0
5.731303590286217 3.2429448682574993 0.08035815912646992 250000.0
5.731303590286217 3.2429448682574993 0.08035815912646992 250000.0
5.731303590286217 3.2429448682574993 0.08035815912646992 250000.0
5.731303590286217 3.2429448682574993 0.08035815912646992 250000.0
5.731303590286217 3.2429448682574993 0.08035815912646992 250000.0
5.731303590286217 3.2429448682574993 0.08035815912646992 250000.0
5.731303590286217 3.2429448682574993 0.08035815912646992 250000.0
5.731303590286217 3.2429448682574993 0.08035815912646992 250000.0
5.731303590286217 3.2429448682574993 0.08035815912646992 250000.0
5.731303590286217 3.2429448682574993 0.08035815912646992 250000.0
5.731303590286217 3.2429448682574993 0.08035815912646992 250000.0
5.731303590286217 3.2429448682574993 0.08035815912646992 250000.0
5.731303590286217 3.2429448682574993 0.08035815912646992 250000.0
5.731303590286217 3.2429448682574993 0.08035815912646992 250000.0
5.731303590286217 3.2429448682574993 0.08035815912646992 250000.0
5.731303590286217 3.2429448682574993 0.08035815912646992 250000.0
5.731303590286217 3.2429448682574993 0.08035815912646992 250000.0
5.731303590286217 3.2429448682574993 0.08035815912646992 250000.0
5.731303590286217 3.2429448682574993 0.08035815912646992 250000.0
5.731303590286217 3.2429448682574993 0.08035815912646992 250000.0
5.731303590286217 3.2429448682574993 0.08035815912646992 250000.0
5.731303590286217 3.2429448682574993 0.08035815912646992 250000.0
5.731303590286217 3.2429448682574993 0.08035815912646992 250000.0
5.731303590286217 3.2429448682574993 0.08035815912646992 250000.0
5.731303590286217 3.2429448682574993 0.08035815912646992 250000.0
5.731303590286217 3.2429448682574993 0.08035815912646992 250000.0
5.731303590286217 3.2429448682574993 0.08035815912646992 250000.0
5.731303590286217 3.2429448682574993 0.08035815912646992 250000.0
5.731303590286217 3.2429448682574993 0.08035815912646992 250000.0
5.731303590286217 3.2429448682574993 0.08035815912646992 250000.0
5.731303590286217 3.2429448682574993 0.08035815912646992 250000.0
5.731303590286217 3.2429448682574993 0.08035815912646992 250000.0
5.731303590286217 3.2429448682574993 0.08035815912646992 250000.0
5.731303590286217 3.2429448682574993 0.08035815912646992 250000.0
5.731303590286217 3.2429448682574993 0.08035815912646992 250000.0
5.731303590286217 3.2429448682574993 0.08035815912646992 250000.0
5.731303590286217 3.2429448682574993 0.08035815912646992 250000.0
5.731303590286217 3.2429448682574993 0.08035815912646992 250000.0
5.758064237246826 3.24825065222711 0.08666025645335025 0.0 4,0,1 coil/filament1/filament2
5.764218655499438 3.3020629317596706 -0.033509917570799574 250000.0
5.737149824872565 3.295126456819941 -0.03528860357573515 250000.0
5.737149824872565 3.295126456819941 -0.03528860357573515 250000.0
5.737149824872565 3.295126456819941 -0.03528860357573515 250000.0
5.737149824872565 3.295126456819941 -0.03528860357573515 250000.0
5.737149824872565 3.295126456819941 -0.03528860357573515 250000.0
5.737149824872565 3.295126456819941 -0.03528860357573515 250000.0
5.737149824872565 3.295126456819941 -0.03528860357573515 250000.0
5.737149824872565 3.295126456819941 -0.03528860357573515 250000.0
5.737149824872565 3.295126456819941 -0.03528860357573515 250000.0
5.737149824872565 3.295126456819941 -0.03528860357573515 250000.0
5.737149824872565 3.295126456819941 -0.03528860357573515 250000.0
5.737149824872565 3.295126456819941 -0.03528860357573515 250000.0
5.737149824872565 3.295126456819941 -0.03528860357573515 250000.0
5.737149824872565 3.295126456819941 -0.03528860357573515 250000.0
5.737149824872565 3.295126456819941 -0.03528860357573515 250000.0
5.737149824872565 3.295126456819941 -0.03528860357573515 250000.0
5.737149824872565 3.295126456819941 -0.03528860357573515 250000.0
5.737149824872565 3.295126456819941 -0.03528860357573515 250000.0
5.737149824872565 3.295126456819941 -0.03528860357573515 250000.0
5.737149824872565 3.295126456819941 -0.03528860357573515 250000.0
5.737149824872565 3.295126456819941 -0.03528860357573515 250000.0
5.737149824872565 3.295126456819941 -0.03528860357573515 250000.0
5.737149824872565 3.295126456819941 -0.03528860357573515 250000.0
5.737149824872565 3.295126456819941 -0.03528860357573515 250000.0
5.737149824872565 3.295126456819941 -0.03528860357573515 250000.0
5.737149824872565 3.295126456819941 -0.03528860357573515 250000.0
5.737149824872565 3.295126456819941 -0.03528860357573515 250000.0
5.737149824872565 3.295126456819941 -0.03528860357573515 250000.0
5.737149824872565 3.295126456819941 -0.03528860357573515 250000.0
5.737149824872565 3.295126456819941 -0.03528860357573515 250000.0
5.737149824872565 3.295126456819941 -0.03528860357573515 250000.0
5.737149824872565 3.295126456819941 -0.03528860357573515 250000.0
5.737149824872565 3.295126456819941 -0.03528860357573515 250000.0
5.737149824872565 3.295126456819941 -0.03528860357573515 250000.0
5.737149824872565 3.295126456819941 -0.03528860357573515 250000.0
5.737149824872565 3.295126456819941 -0.03528860357573515 250000.0
5.737149824872565 3.295126456819941 -0.03528860357573515 250000.0
5.737149824872565 3.295126456819941 -0.03528860357573515 250000.0
5.737149824872565 3.295126456819941 -0.03528860357573515 250000.0
5.737149824872565 3.295126456819941 -0.03528860357573515 250000.0
5.737149824872565 3.295126456819941 -0.03528860357573515 250000.0
5.737149824872565 3.295126456819941 -0.03528860357573515 250000.0
5.737149824872565 3.295126456819941 -0.03528860357573515 250000.0
5.737149824872565 3.295126456819941 -0.03528860357573515 250000.0
5.737149824872565 3.295126456819941 -0.03528860357573515 250000.0
5.737149824872565 3.295126456819941 -0.03528860357573515 250000.0
5.737149824872565 3.295126456819941 -0.03528860357573515 250000.0
5.737149824872565 3.295126456819941 -0.03528860357573515 250000.0
5.737149824872565 3.295126456819941 -0.03528860357573515 250000.0
5.737149824872565 3.295126456819941 -0.03528860357573515 250000.0
5.737149824872565 3.295126456819941 -0.03528860357573515 250000.0
5.737149824872565 3.295126456819941 -0.03528860357573515 250000.0
5.737149824872565 3.295126456819941 -0.03528860357573515 250000.0
5.737149824872565 3.295126456819941 -0.03528860357573515 250000.0
5.737149824872565 3.295126456819941 -0.03528860357573515 250000.0
5.737149824872565 3.295126456819941 -0.03528860357573515 250000.0
5.737149824872565 3.295126456819941 -0.03528860357573515 250000.0
5.737149824872565 3.295126456819941 -0.03528860357573515 250000.0
5.737149824872565 3.295126456819941 -0.03528860357573515 250000.0
5.737149824872565 3.295126456819941 -0.03528860357573515 250000.0
5.737149824872565 3.295126456819941 -0.03528860357573515 250000.0
5.737149824872565 3.295126456819941 -0.03528860357573515 250000.0
5.737149824872565 3.295126456819941 -0.03528860357573515 250000.0
5.764218655499438 3.3020629317596706 -0.033509917570799574 0.0 4,1,0 coil/filament1/filament2
5.765154668647009 3.22692378720311 0.0745073510061998 250000.0
5.7383940216864 3.221618003233499 0.06820525367931947 250000.0
5.7383940216864 3.221618003233499 0.06820525367931947 250000.0
5.7383940216864 3.221618003233499 0.06820525367931947 250000.0
5.7383940216864 3.221618003233499 0.06820525367931947 250000.0
5.7383940216864 3.221618003233499 0.06820525367931947 250000.0
5.7383940216864 3.221618003233499 0.06820525367931947 250000.0
5.7383940216864 3.221618003233499 0.06820525367931947 250000.0
5.7383940216864 3.221618003233499 0.06820525367931947 250000.0
5.7383940216864 3.221618003233499 0.06820525367931947 250000.0
5.7383940216864 3.221618003233499 0.06820525367931947 250000.0
5.7383940216864 3.221618003233499 0.06820525367931947 250000.0
5.7383940216864 3.221618003233499 0.06820525367931947 250000.0
5.7383940216864 3.221618003233499 0.06820525367931947 250000.0
5.7383940216864 3.221618003233499 0.06820525367931947 250000.0
5.7383940216864 3.221618003233499 0.06820525367931947 250000.0
5.7383940216864 3.221618003233499 0.06820525367931947 250000.0
5.7383940216864 3.221618003233499 0.06820525367931947 250000.0
5.7383940216864 3.221618003233499 0.06820525367931947 250000.0
5.7383940216864 3.221618003233499 0.06820525367931947 250000.0
5.7383940216864 3.221618003233499 0.06820525367931947 250000.0
5.7383940216864 3.221618003233499 0.06820525367931947 250000.0
5.7383940216864 3.221618003233499 0.06820525367931947 250000.0
5.7383940216864 3.221618003233499 0.06820525367931947 250000.0
5.7383940216864 3.221618003233499 0.06820525367931947 250000.0
5.7383940216864 3.221618003233499 0.06820525367931947 250000.0
5.7383940216864 3.221618003233499 0.06820525367931947 250000.0
5.7383940216864 3.221618003233499 0.06820525367931947 250000.0
5.7383940216864 3.221618003233499 0.06820525367931947 250000.0
5.7383940216864 3.221618003233499 0.06820525367931947 250000.0
5.7383940216864 3.221618003233499 0.06820525367931947 250000.0
5.7383940216864 3.221618003233499 0.06820525367931947 250000.0
5.7383940216864 3.221618003233499 0.06820525367931947 250000.0
5.7383940216864 3.221618003233499 0.06820525367931947 250000.0
5.7383940216864 3.221618003233499 0.06820525367931947 250000.0
5.7383940216864 3.221618003233499 0.06820525367931947 250000.0
5.7383940216864 3.221618003233499 0.06820525367931947 250000.0
5.7383940216864 3.221618003233499 0.06820525367931947 250000.0
5.7383940216864 3.221618003233499 0.06820525367931947 250000.0
5.7383940216864 3.221618003233499 0.06820525367931947 250000.0
5.7383940216864 3.221618003233499 0.06820525367931947 250000.0
5.7383940216864 3.221618003233499 0.06820525367931947 250000.0
5.7383940216864 3.221618003233499 0.06820525367931947 250000.0
5.7383940216864 3.221618003233499 0.06820525367931947 250000.0
5.7383940216864 3.221618003233499 0.06820525367931947 250000.0
5.7383940216864 3.221618003233499 0.06820525367931947 250000.0
5.7383940216864 3.221618003233499 0.06820525367931947 250000.0
5.7383940216864 3.221618003233499 0.06820525367931947 250000.0
5.7383940216864 3.221618003233499 0.06820525367931947 250000.0
5.7383940216864 3.221618003233499 0.06820525367931947 250000.0
5.7383940216864 3.221618003233499 0.06820525367931947 250000.0
5.7383940216864 3.221618003233499 0.06820525367931947 250000.0
5.7383940216864 3.221618003233499 0.06820525367931947 250000.0
5.7383940216864 3.221618003233499 0.06820525367931947 250000.0
5.7383940216864 3.221618003233499 0.06820525367931947 250000.0
5.7383940216864 3.221618003233499 0.06820525367931947 250000.0
5.7383940216864 3.221618003233499 0.06820525367931947 250000.0
5.7383940216864 3.221618003233499 0.06820525367931947 250000.0
5.7383940216864 3.221618003233499 0.06820525367931947 250000.0
5.7383940216864 3.221618003233499 0.06820525367931947 250000.0
5.7383940216864 3.221618003233499 0.06820525367931947 250000.0
5.7383940216864 3.221618003233499 0.06820525367931947 250000.0
5.7383940216864 3.221618003233499 0.06820525367931947 250000.0
5.7383940216864 3.221618003233499 0.06820525367931947 250000.0
5.765154668647009 3.22692378720311 0.0745073510061998 0.0 4,1,1 coil/filament1/filament2
