periods 0
begin filament
FOCUSADD Coils
6.966963123687725 0.4912173653069491 0.08799609139720066 1520000.0
6.887194857337121 0.4851343265724164 0.08785353202928287 1520000.0
6.887194857337121 0.4851343265724164 0.08785353202928287 1520000.0
6.887194857337121 0.4851343265724164 0.08785353202928287 1520000.0
6.887194857337121 0.4851343265724164 0.08785353202928287 1520000.0
6.887194857337121 0.4851343265724164 0.08785353202928287 1520000.0
6.887194857337121 0.4851343265724164 0.08785353202928287 1520000.0
6.887194857337121 0.4851343265724164 0.08785353202928287 1520000.0
6.887194857337121 0.4851343265724164 0.08785353202928287 1520000.0
6.887194857337121 0.4851343265724164 0.08785353202928287 1520000.0
6.887194857337121 0.4851343265724164 0.08785353202928287 1520000.0
6.887194857337121 0.4851343265724164 0.08785353202928287 1520000.0
6.887194857337121 0.4851343265724164 0.08785353202928287 1520000.0
6.887194857337121 0.4851343265724164 0.08785353202928287 1520000.0
6.887194857337121 0.4851343265724164 0.08785353202928287 1520000.0
6.887194857337121 0.4851343265724164 0.08785353202928287 1520000.0
6.887194857337121 0.4851343265724164 0.08785353202928287 1520000.0
6.887194857337121 0.4851343265724164 0.08785353202928287 1520000.0
6.887194857337121 0.4851343265724164 0.08785353202928287 1520000.0
6.887194857337121 0.4851343265724164 0.08785353202928287 1520000.0
6.887194857337121 0.4851343265724164 0.08785353202928287 1520000.0
6.887194857337121 0.4851343265724164 0.08785353202928287 1520000.0
6.887194857337121 0.4851343265724164 0.08785353202928287 1520000.0
6.887194857337121 0.4851343265724164 0.08785353202928287 1520000.0
6.887194857337121 0.4851343265724164 0.08785353202928287 1520000.0
6.887194857337121 0.4851343265724164 0.08785353202928287 1520000.0
6.887194857337121 0.4851343265724164 0.08785353202928287 1520000.0
6.887194857337121 0.4851343265724164 0.08785353202928287 1520000.0
6.887194857337121 0.4851343265724164 0.08785353202928287 1520000.0
6.887194857337121 0.4851343265724164 0.08785353202928287 1520000.0
6.887194857337121 0.4851343265724164 0.08785353202928287 1520000.0
6.887194857337121 0.4851343265724164 0.08785353202928287 1520000.0
6.887194857337121 0.4851343265724164 0.08785353202928287 1520000.0
6.887194857337121 0.4851343265724164 0.08785353202928287 1520000.0
6.887194857337121 0.4851343265724164 0.08785353202928287 1520000.0
6.887194857337121 0.4851343265724164 0.08785353202928287 1520000.0
6.887194857337121 0.4851343265724164 0.08785353202928287 1520000.0
6.887194857337121 0.4851343265724164 0.08785353202928287 1520000.0
6.887194857337121 0.4851343265724164 0.08785353202928287 1520000.0
6.887194857337121 0.4851343265724164 0.08785353202928287 1520000.0
6.887194857337121 0.4851343265724164 0.08785353202928287 1520000.0
6.887194857337121 0.4851343265724164 0.08785353202928287 1520000.0
6.887194857337121 0.4851343265724164 0.08785353202928287 1520000.0
6.887194857337121 0.4851343265724164 0.08785353202928287 1520000.0
6.887194857337121 0.4851343265724164 0.08785353202928287 1520000.0
6.887194857337121 0.4851343265724164 0.08785353202928287 1520000.0
6.887194857337121 0.4851343265724164 0.08785353202928287 1520000.0
6.887194857337121 0.4851343265724164 0.08785353202928287 1520000.0
6.887194857337121 0.4851343265724164 0.08785353202928287 1520000.0
6.887194857337121 0.4851343265724164 0.08785353202928287 1520000.0
6.887194857337121 0.4851343265724164 0.08785353202928287 1520000.0
6.887194857337121 0.4851343265724164 0.08785353202928287 1520000.0
6.887194857337121 0.4851343265724164 0.08785353202928287 1520000.0
6.887194857337121 0.4851343265724164 0.08785353202928287 1520000.0
6.887194857337121 0.4851343265724164 0.08785353202928287 1520000.0
6.887194857337121 0.4851343265724164 0.08785353202928287 1520000.0
6.887194857337121 0.4851343265724164 0.08785353202928287 1520000.0
6.887194857337121 0.4851343265724164 0.08785353202928287 1520000.0
6.887194857337121 0.4851343265724164 0.08785353202928287 1520000.0
6.887194857337121 0.4851343265724164 0.08785353202928287 1520000.0
6.887194857337121 0.4851343265724164 0.08785353202928287 1520000.0
6.887194857337121 0.4851343265724164 0.08785353202928287 1520000.0
6.887194857337121 0.4851343265724164 0.08785353202928287 1520000.0
6.887194857337121 0.4851343265724164 0.08785353202928287 1520000.0
6.966963123687725 0.4912173653069491 0.08799609139720066 0.0 0,0,0 coil/filament1/filament2
6.961465211922924 0.4964286609079132 0.19077490150175563 1520000.0
6.882103112928137 0.4899713769319506 0.18303147029877084 1520000.0
6.882103112928137 0.4899713769319506 0.18303147029877084 1520000.0
6.882103112928137 0.4899713769319506 0.18303147029877084 1520000.0
6.882103112928137 0.4899713769319506 0.18303147029877084 1520000.0
6.882103112928137 0.4899713769319506 0.18303147029877084 1520000.0
6.882103112928137 0.4899713769319506 0.18303147029877084 1520000.0
6.882103112928137 0.4899713769319506 0.18303147029877084 1520000.0
6.882103112928137 0.4899713769319506 0.18303147029877084 1520000.0
6.882103112928137 0.4899713769319506 0.18303147029877084 1520000.0
6.882103112928137 0.4899713769319506 0.18303147029877084 1520000.0
6.882103112928137 0.4899713769319506 0.18303147029877084 1520000.0
6.882103112928137 0.4899713769319506 0.18303147029877084 1520000.0
6.882103112928137 0.4899713769319506 0.18303147029877084 1520000.0
6.882103112928137 0.4899713769319506 0.18303147029877084 1520000.0
6.882103112928137 0.4899713769319506 0.18303147029877084 1520000.0
6.882103112928137 0.4899713769319506 0.18303147029877084 1520000.0
6.882103112928137 0.4899713769319506 0.18303147029877084 1520000.0
6.882103112928137 0.4899713769319506 0.18303147029877084 1520000.0
6.882103112928137 0.4899713769319506 0.18303147029877084 1520000.0
6.882103112928137 0.4899713769319506 0.18303147029877084 1520000.0
6.882103112928137 0.4899713769319506 0.18303147029877084 1520000.0
6.882103112928137 0.4899713769319506 0.18303147029877084 1520000.0
6.882103112928137 0.4899713769319506 0.18303147029877084 1520000.0
6.882103112928137 0.4899713769319506 0.18303147029877084 1520000.0
6.882103112928137 0.4899713769319506 0.18303147029877084 1520000.0
6.882103112928137 0.4899713769319506 0.18303147029877084 1520000.0
6.882103112928137 0.4899713769319506 0.18303147029877084 1520000.0
6.882103112928137 0.4899713769319506 0.18303147029877084 1520000.0
6.882103112928137 0.4899713769319506 0.18303147029877084 1520000.0
6.882103112928137 0.4899713769319506 0.18303147029877084 1520000.0
6.882103112928137 0.4899713769319506 0.18303147029877084 1520000.0
6.882103112928137 0.4899713769319506 0.18303147029877084 1520000.0
6.882103112928137 0.4899713769319506 0.18303147029877084 1520000.0
6.882103112928137 0.4899713769319506 0.18303147029877084 1520000.0
6.882103112928137 0.4899713769319506 0.18303147029877084 1520000.0
6.882103112928137 0.4899713769319506 0.18303147029877084 1520000.0
6.882103112928137 0.4899713769319506 0.18303147029877084 1520000.0
6.882103112928137 0.4899713769319506 0.18303147029877084 1520000.0
6.882103112928137 0.4899713769319506 0.18303147029877084 1520000.0
6.882103112928137 0.4899713769319506 0.18303147029877084 1520000.0
6.882103112928137 0.4899713769319506 0.18303147029877084 1520000.0
6.882103112928137 0.4899713769319506 0.18303147029877084 1520000.0
6.882103112928137 0.4899713769319506 0.18303147029877084 1520000.0
6.882103112928137 0.4899713769319506 0.18303147029877084 1520000.0
6.882103112928137 0.4899713769319506 0.18303147029877084 1520000.0
6.882103112928137 0.4899713769319506 0.18303147029877084 1520000.0
6.882103112928137 0.4899713769319506 0.18303147029877084 1520000.0
6.882103112928137 0.4899713769319506 0.18303147029877084 1520000.0
6.882103112928137 0.4899713769319506 0.18303147029877084 1520000.0
6.882103112928137 0.4899713769319506 0.18303147029877084 1520000.0
6.882103112928137 0.4899713769319506 0.18303147029877084 1520000.0
6.882103112928137 0.4899713769319506 0.18303147029877084 1520000.0
6.882103112928137 0.4899713769319506 0.18303147029877084 1520000.0
6.882103112928137 0.4899713769319506 0.18303147029877084 1520000.0
6.882103112928137 0.4899713769319506 0.18303147029877084 1520000.0
6.882103112928137 0.4899713769319506 0.18303147029877084 1520000.0
6.882103112928137 0.4899713769319506 0.18303147029877084 1520000.0
6.882103112928137 0.4899713769319506 0.18303147029877084 1520000.0
6.882103112928137 0.4899713769319506 0.18303147029877084 1520000.0
6.882103112928137 0.4899713769319506 0.18303147029877084 1520000.0
6.882103112928137 0.4899713769319506 0.18303147029877084 1520000.0
6.882103112928137 0.4899713769319506 0.18303147029877084 1520000.0
6.882103112928137 0.4899713769319506 0.18303147029877084 1520000.0
6.961465211922924 0.4964286609079132 0.19077490150175563 0.0 0,0,1 coil/filament1/filament2
6.9730296333978234 0.4115646573107331 0.0923139113108628 1520000.0
6.89326136704722 0.4054816185762004 0.09217135194294501 1520000.0
6.89326136704722 0.4054816185762004 0.09217135194294501 1520000.0
6.89326136704722 0.4054816185762004 0.09217135194294501 1520000.0
6.89326136704722 0.4054816185762004 0.09217135194294501 1520000.0
6.89326136704722 0.4054816185762004 0.09217135194294501 1520000.0
6.89326136704722 0.4054816185762004 0.09217135194294501 1520000.0
6.89326136704722 0.4054816185762004 0.09217135194294501 1520000.0
6.89326136704722 0.4054816185762004 0.09217135194294501 1520000.0
6.89326136704722 0.4054816185762004 0.09217135194294501 1520000.0
6.89326136704722 0.4054816185762004 0.09217135194294501 1520000.0
6.89326136704722 0.4054816185762004 0.09217135194294501 1520000.0
6.89326136704722 0.4054816185762004 0.09217135194294501 1520000.0
6.89326136704722 0.4054816185762004 0.09217135194294501 1520000.0
6.89326136704722 0.4054816185762004 0.09217135194294501 1520000.0
6.89326136704722 0.4054816185762004 0.09217135194294501 1520000.0
6.89326136704722 0.4054816185762004 0.09217135194294501 1520000.0
6.89326136704722 0.4054816185762004 0.09217135194294501 1520000.0
6.89326136704722 0.4054816185762004 0.09217135194294501 1520000.0
6.89326136704722 0.4054816185762004 0.09217135194294501 1520000.0
6.89326136704722 0.4054816185762004 0.09217135194294501 1520000.0
6.89326136704722 0.4054816185762004 0.09217135194294501 1520000.0
6.89326136704722 0.4054816185762004 0.09217135194294501 1520000.0
6.89326136704722 0.4054816185762004 0.09217135194294501 1520000.0
6.89326136704722 0.4054816185762004 0.09217135194294501 1520000.0
6.89326136704722 0.4054816185762004 0.09217135194294501 1520000.0
6.89326136704722 0.4054816185762004 0.09217135194294501 1520000.0
6.89326136704722 0.4054816185762004 0.09217135194294501 1520000.0
6.89326136704722 0.4054816185762004 0.09217135194294501 1520000.0
6.89326136704722 0.4054816185762004 0.09217135194294501 1520000.0
6.89326136704722 0.4054816185762004 0.09217135194294501 1520000.0
6.89326136704722 0.4054816185762004 0.09217135194294501 1520000.0
6.89326136704722 0.4054816185762004 0.09217135194294501 1520000.0
6.89326136704722 0.4054816185762004 0.09217135194294501 1520000.0
6.89326136704722 0.4054816185762004 0.09217135194294501 1520000.0
6.89326136704722 0.4054816185762004 0.09217135194294501 1520000.0
6.89326136704722 0.4054816185762004 0.09217135194294501 1520000.0
6.89326136704722 0.4054816185762004 0.09217135194294501 1520000.0
6.89326136704722 0.4054816185762004 0.09217135194294501 1520000.0
6.89326136704722 0.4054816185762004 0.09217135194294501 1520000.0
6.89326136704722 0.4054816185762004 0.09217135194294501 1520000.0
6.89326136704722 0.4054816185762004 0.09217135194294501 1520000.0
6.89326136704722 0.4054816185762004 0.09217135194294501 1520000.0
6.89326136704722 0.4054816185762004 0.09217135194294501 1520000.0
6.89326136704722 0.4054816185762004 0.09217135194294501 1520000.0
6.89326136704722 0.4054816185762004 0.09217135194294501 1520000.0
6.89326136704722 0.4054816185762004 0.09217135194294501 1520000.0
6.89326136704722 0.4054816185762004 0.09217135194294501 1520000.0
6.89326136704722 0.4054816185762004 0.09217135194294501 1520000.0
6.89326136704722 0.4054816185762004 0.09217135194294501 1520000.0
6.89326136704722 0.4054816185762004 0.09217135194294501 1520000.0
6.89326136704722 0.4054816185762004 0.09217135194294501 1520000.0
6.89326136704722 0.4054816185762004 0.09217135194294501 1520000.0
6.89326136704722 0.4054816185762004 0.09217135194294501 1520000.0
6.89326136704722 0.4054816185762004 0.09217135194294501 1520000.0
6.89326136704722 0.4054816185762004 0.09217135194294501 1520000.0
6.89326136704722 0.4054816185762004 0.09217135194294501 1520000.0
6.89326136704722 0.4054816185762004 0.09217135194294501 1520000.0
6.89326136704722 0.4054816185762004 0.09217135194294501 1520000.0
6.89326136704722 0.4054816185762004 0.09217135194294501 1520000.0
6.89326136704722 0.4054816185762004 0.09217135194294501 1520000.0
6.89326136704722 0.4054816185762004 0.09217135194294501 1520000.0
6.89326136704722 0.4054816185762004 0.09217135194294501 1520000.0
6.89326136704722 0.4054816185762004 0.09217135194294501 1520000.0
6.9730296333978234 0.4115646573107331 0.0923139113108628 0.0 0,1,0 coil/filament1/filament2
6.967513766147343 0.4167806092304094 0.1952024127408075 1520000.0
6.888151667152556 0.41032332525444676 0.1874589815378227 1520000.0
6.888151667152556 0.41032332525444676 0.1874589815378227 1520000.0
6.888151667152556 0.41032332525444676 0.1874589815378227 1520000.0
6.888151667152556 0.41032332525444676 0.1874589815378227 1520000.0
6.888151667152556 0.41032332525444676 0.1874589815378227 1520000.0
6.888151667152556 0.41032332525444676 0.1874589815378227 1520000.0
6.888151667152556 0.41032332525444676 0.1874589815378227 1520000.0
6.888151667152556 0.41032332525444676 0.1874589815378227 1520000.0
6.888151667152556 0.41032332525444676 0.1874589815378227 1520000.0
6.888151667152556 0.41032332525444676 0.1874589815378227 1520000.0
6.888151667152556 0.41032332525444676 0.1874589815378227 1520000.0
6.888151667152556 0.41032332525444676 0.1874589815378227 1520000.0
6.888151667152556 0.41032332525444676 0.1874589815378227 1520000.0
6.888151667152556 0.41032332525444676 0.1874589815378227 1520000.0
6.888151667152556 0.41032332525444676 0.1874589815378227 1520000.0
6.888151667152556 0.41032332525444676 0.1874589815378227 1520000.0
6.888151667152556 0.41032332525444676 0.1874589815378227 1520000.0
6.888151667152556 0.41032332525444676 0.1874589815378227 1520000.0
6.888151667152556 0.41032332525444676 0.1874589815378227 1520000.0
6.888151667152556 0.41032332525444676 0.1874589815378227 1520000.0
6.888151667152556 0.41032332525444676 0.1874589815378227 1520000.0
6.888151667152556 0.41032332525444676 0.1874589815378227 1520000.0
6.888151667152556 0.41032332525444676 0.1874589815378227 1520000.0
6.888151667152556 0.41032332525444676 0.1874589815378227 1520000.0
6.888151667152556 0.41032332525444676 0.1874589815378227 1520000.0
6.888151667152556 0.41032332525444676 0.1874589815378227 1520000.0
6.888151667152556 0.41032332525444676 0.1874589815378227 1520000.0
6.888151667152556 0.41032332525444676 0.1874589815378227 1520000.0
6.888151667152556 0.41032332525444676 0.1874589815378227 1520000.0
6.888151667152556 0.41032332525444676 0.1874589815378227 1520000.0
6.888151667152556 0.41032332525444676 0.1874589815378227 1520000.0
6.888151667152556 0.41032332525444676 0.1874589815378227 1520000.0
6.888151667152556 0.41032332525444676 0.1874589815378227 1520000.0
6.888151667152556 0.41032332525444676 0.1874589815378227 1520000.0
6.888151667152556 0.41032332525444676 0.1874589815378227 1520000.0
6.888151667152556 0.41032332525444676 0.1874589815378227 1520000.0
6.888151667152556 0.41032332525444676 0.1874589815378227 1520000.0
6.888151667152556 0.41032332525444676 0.1874589815378227 1520000.0
6.888151667152556 0.41032332525444676 0.1874589815378227 1520000.0
6.888151667152556 0.41032332525444676 0.1874589815378227 1520000.0
6.888151667152556 0.41032332525444676 0.1874589815378227 1520000.0
6.888151667152556 0.41032332525444676 0.1874589815378227 1520000.0
6.888151667152556 0.41032332525444676 0.1874589815378227 1520000.0
6.888151667152556 0.41032332525444676 0.1874589815378227 1520000.0
6.888151667152556 0.41032332525444676 0.1874589815378227 1520000.0
6.888151667152556 0.41032332525444676 0.1874589815378227 1520000.0
6.888151667152556 0.41032332525444676 0.1874589815378227 1520000.0
6.888151667152556 0.41032332525444676 0.1874589815378227 1520000.0
6.888151667152556 0.41032332525444676 0.1874589815378227 1520000.0
6.888151667152556 0.41032332525444676 0.1874589815378227 1520000.0
6.888151667152556 0.41032332525444676 0.1874589815378227 1520000.0
6.888151667152556 0.41032332525444676 0.1874589815378227 1520000.0
6.888151667152556 0.41032332525444676 0.1874589815378227 1520000.0
6.888151667152556 0.41032332525444676 0.1874589815378227 1520000.0
6.888151667152556 0.41032332525444676 0.1874589815378227 1520000.0
6.888151667152556 0.41032332525444676 0.1874589815378227 1520000.0
6.888151667152556 0.41032332525444676 0.1874589815378227 1520000.0
6.888151667152556 0.41032332525444676 0.1874589815378227 1520000.0
6.888151667152556 0.41032332525444676 0.1874589815378227 1520000.0
6.888151667152556 0.41032332525444676 0.1874589815378227 1520000.0
6.888151667152556 0.41032332525444676 0.1874589815378227 1520000.0
6.888151667152556 0.41032332525444676 0.1874589815378227 1520000.0
6.888151667152556 0.41032332525444676 0.1874589815378227 1520000.0
6.967513766147343 0.4167806092304094 0.1952024127408075 0.0 0,1,1 coil/filament1/filament2
6.640418549482624 1.3607827968298545 0.21644542592959196 1520000.0
6.562757280616258 1.3415930053584255 0.21575316777763032 1520000.0
6.562757280616258 1.3415930053584255 0.21575316777763032 1520000.0
6.562757280616258 1.3415930053584255 0.21575316777763032 1520000.0
6.562757280616258 1.3415930053584255 0.21575316777763032 1520000.0
6.562757280616258 1.3415930053584255 0.21575316777763032 1520000.0
6.562757280616258 1.3415930053584255 0.21575316777763032 1520000.0
6.562757280616258 1.3415930053584255 0.21575316777763032 1520000.0
6.562757280616258 1.3415930053584255 0.21575316777763032 1520000.0
6.562757280616258 1.3415930053584255 0.21575316777763032 1520000.0
6.562757280616258 1.3415930053584255 0.21575316777763032 1520000.0
6.562757280616258 1.3415930053584255 0.21575316777763032 1520000.0
6.562757280616258 1.3415930053584255 0.21575316777763032 1520000.0
6.562757280616258 1.3415930053584255 0.21575316777763032 1520000.0
6.562757280616258 1.3415930053584255 0.21575316777763032 1520000.0
6.562757280616258 1.3415930053584255 0.21575316777763032 1520000.0
6.562757280616258 1.3415930053584255 0.21575316777763032 1520000.0
6.562757280616258 1.3415930053584255 0.21575316777763032 1520000.0
6.562757280616258 1.3415930053584255 0.21575316777763032 1520000.0
6.562757280616258 1.3415930053584255 0.21575316777763032 1520000.0
6.562757280616258 1.3415930053584255 0.21575316777763032 1520000.0
6.562757280616258 1.3415930053584255 0.21575316777763032 1520000.0
6.562757280616258 1.3415930053584255 0.21575316777763032 1520000.0
6.562757280616258 1.3415930053584255 0.21575316777763032 1520000.0
6.562757280616258 1.3415930053584255 0.21575316777763032 1520000.0
6.562757280616258 1.3415930053584255 0.21575316777763032 1520000.0
6.562757280616258 1.3415930053584255 0.21575316777763032 1520000.0
6.562757280616258 1.3415930053584255 0.21575316777763032 1520000.0
6.562757280616258 1.3415930053584255 0.21575316777763032 1520000.0
6.562757280616258 1.3415930053584255 0.21575316777763032 1520000.0
6.562757280616258 1.3415930053584255 0.21575316777763032 1520000.0
6.562757280616258 1.3415930053584255 0.21575316777763032 1520000.0
6.562757280616258 1.3415930053584255 0.21575316777763032 1520000.0
6.562757280616258 1.3415930053584255 0.21575316777763032 1520000.0
6.562757280616258 1.3415930053584255 0.21575316777763032 1520000.0
6.562757280616258 1.3415930053584255 0.21575316777763032 1520000.0
6.562757280616258 1.3415930053584255 0.21575316777763032 1520000.0
6.562757280616258 1.3415930053584255 0.21575316777763032 1520000.0
6.562757280616258 1.3415930053584255 0.21575316777763032 1520000.0
6.562757280616258 1.3415930053584255 0.21575316777763032 1520000.0
6.562757280616258 1.3415930053584255 0.21575316777763032 1520000.0
6.562757280616258 1.3415930053584255 0.21575316777763032 1520000.0
6.562757280616258 1.3415930053584255 0.21575316777763032 1520000.0
6.562757280616258 1.3415930053584255 0.21575316777763032 1520000.0
6.562757280616258 1.3415930053584255 0.21575316777763032 1520000.0
6.562757280616258 1.3415930053584255 0.21575316777763032 1520000.0
6.562757280616258 1.3415930053584255 0.21575316777763032 1520000.0
6.562757280616258 1.3415930053584255 0.21575316777763032 1520000.0
6.562757280616258 1.3415930053584255 0.21575316777763032 1520000.0
6.562757280616258 1.3415930053584255 0.21575316777763032 1520000.0
6.562757280616258 1.3415930053584255 0.21575316777763032 1520000.0
6.562757280616258 1.3415930053584255 0.21575316777763032 1520000.0
6.562757280616258 1.3415930053584255 0.21575316777763032 1520000.0
6.562757280616258 1.3415930053584255 0.21575316777763032 1520000.0
6.562757280616258 1.3415930053584255 0.21575316777763032 1520000.0
6.562757280616258 1.3415930053584255 0.21575316777763032 1520000.0
6.562757280616258 1.3415930053584255 0.21575316777763032 1520000.0
6.562757280616258 1.3415930053584255 0.21575316777763032 1520000.0
6.562757280616258 1.3415930053584255 0.21575316777763032 1520000.0
6.562757280616258 1.3415930053584255 0.21575316777763032 1520000.0
6.562757280616258 1.3415930053584255 0.21575316777763032 1520000.0
6.562757280616258 1.3415930053584255 0.21575316777763032 1520000.0
6.562757280616258 1.3415930053584255 0.21575316777763032 1520000.0
6.562757280616258 1.3415930053584255 0.21575316777763032 1520000.0
6.640418549482624 1.3607827968298545 0.21644542592959196 0.0 1,0,0 coil/filament1/filament2
6.633196041311812 1.3662577876235433 0.3183905917097258 1520000.0
6.556072010446894 1.346630311363071 0.3102268891923732 1520000.0
6.556072010446894 1.346630311363071 0.3102268891923732 1520000.0
6.556072010446894 1.346630311363071 0.3102268891923732 1520000.0
6.556072010446894 1.346630311363071 0.3102268891923732 1520000.0
6.556072010446894 1.346630311363071 0.3102268891923732 1520000.0
6.556072010446894 1.346630311363071 0.3102268891923732 1520000.0
6.556072010446894 1.346630311363071 0.3102268891923732 1520000.0
6.556072010446894 1.346630311363071 0.3102268891923732 1520000.0
6.556072010446894 1.346630311363071 0.3102268891923732 1520000.0
6.556072010446894 1.346630311363071 0.3102268891923732 1520000.0
6.556072010446894 1.346630311363071 0.3102268891923732 1520000.0
6.556072010446894 1.346630311363071 0.3102268891923732 1520000.0
6.556072010446894 1.346630311363071 0.3102268891923732 1520000.0
6.556072010446894 1.346630311363071 0.3102268891923732 1520000.0
6.556072010446894 1.346630311363071 0.3102268891923732 1520000.0
6.556072010446894 1.346630311363071 0.3102268891923732 1520000.0
6.556072010446894 1.346630311363071 0.3102268891923732 1520000.0
6.556072010446894 1.346630311363071 0.3102268891923732 1520000.0
6.556072010446894 1.346630311363071 0.3102268891923732 1520000.0
6.556072010446894 1.346630311363071 0.3102268891923732 1520000.0
6.556072010446894 1.346630311363071 0.3102268891923732 1520000.0
6.556072010446894 1.346630311363071 0.3102268891923732 1520000.0
6.556072010446894 1.346630311363071 0.3102268891923732 1520000.0
6.556072010446894 1.346630311363071 0.3102268891923732 1520000.0
6.556072010446894 1.346630311363071 0.3102268891923732 1520000.0
6.556072010446894 1.346630311363071 0.3102268891923732 1520000.0
6.556072010446894 1.346630311363071 0.3102268891923732 1520000.0
6.556072010446894 1.346630311363071 0.3102268891923732 1520000.0
6.556072010446894 1.346630311363071 0.3102268891923732 1520000.0
6.556072010446894 1.346630311363071 0.3102268891923732 1520000.0
6.556072010446894 1.346630311363071 0.3102268891923732 1520000.0
6.556072010446894 1.346630311363071 0.3102268891923732 1520000.0
6.556072010446894 1.346630311363071 0.3102268891923732 1520000.0
6.556072010446894 1.346630311363071 0.3102268891923732 1520000.0
6.556072010446894 1.346630311363071 0.3102268891923732 1520000.0
6.556072010446894 1.346630311363071 0.3102268891923732 1520000.0
6.556072010446894 1.346630311363071 0.3102268891923732 1520000.0
6.556072010446894 1.346630311363071 0.3102268891923732 1520000.0
6.556072010446894 1.346630311363071 0.3102268891923732 1520000.0
6.556072010446894 1.346630311363071 0.3102268891923732 1520000.0
6.556072010446894 1.346630311363071 0.3102268891923732 1520000.0
6.556072010446894 1.346630311363071 0.3102268891923732 1520000.0
6.556072010446894 1.346630311363071 0.3102268891923732 1520000.0
6.556072010446894 1.346630311363071 0.3102268891923732 1520000.0
6.556072010446894 1.346630311363071 0.3102268891923732 1520000.0
6.556072010446894 1.346630311363071 0.3102268891923732 1520000.0
6.556072010446894 1.346630311363071 0.3102268891923732 1520000.0
6.556072010446894 1.346630311363071 0.3102268891923732 1520000.0
6.556072010446894 1.346630311363071 0.3102268891923732 1520000.0
6.556072010446894 1.346630311363071 0.3102268891923732 1520000.0
6.556072010446894 1.346630311363071 0.3102268891923732 1520000.0
6.556072010446894 1.346630311363071 0.3102268891923732 1520000.0
6.556072010446894 1.346630311363071 0.3102268891923732 1520000.0
6.556072010446894 1.346630311363071 0.3102268891923732 1520000.0
6.556072010446894 1.346630311363071 0.3102268891923732 1520000.0
6.556072010446894 1.346630311363071 0.3102268891923732 1520000.0
6.556072010446894 1.346630311363071 0.3102268891923732 1520000.0
6.556072010446894 1.346630311363071 0.3102268891923732 1520000.0
6.556072010446894 1.346630311363071 0.3102268891923732 1520000.0
6.556072010446894 1.346630311363071 0.3102268891923732 1520000.0
6.556072010446894 1.346630311363071 0.3102268891923732 1520000.0
6.556072010446894 1.346630311363071 0.3102268891923732 1520000.0
6.556072010446894 1.346630311363071 0.3102268891923732 1520000.0
6.633196041311812 1.3662577876235433 0.3183905917097258 0.0 1,0,1 coil/filament1/filament2
6.659520015855112 1.2832843152016629 0.2218416586660053 1520000.0
6.581858746988746 1.264094523730234 0.22114940051404366 1520000.0
6.581858746988746 1.264094523730234 0.22114940051404366 1520000.0
6.581858746988746 1.264094523730234 0.22114940051404366 1520000.0
6.581858746988746 1.264094523730234 0.22114940051404366 1520000.0
6.581858746988746 1.264094523730234 0.22114940051404366 1520000.0
6.581858746988746 1.264094523730234 0.22114940051404366 1520000.0
6.581858746988746 1.264094523730234 0.22114940051404366 1520000.0
6.581858746988746 1.264094523730234 0.22114940051404366 1520000.0
6.581858746988746 1.264094523730234 0.22114940051404366 1520000.0
6.581858746988746 1.264094523730234 0.22114940051404366 1520000.0
6.581858746988746 1.264094523730234 0.22114940051404366 1520000.0
6.581858746988746 1.264094523730234 0.22114940051404366 1520000.0
6.581858746988746 1.264094523730234 0.22114940051404366 1520000.0
6.581858746988746 1.264094523730234 0.22114940051404366 1520000.0
6.581858746988746 1.264094523730234 0.22114940051404366 1520000.0
6.581858746988746 1.264094523730234 0.22114940051404366 1520000.0
6.581858746988746 1.264094523730234 0.22114940051404366 1520000.0
6.581858746988746 1.264094523730234 0.22114940051404366 1520000.0
6.581858746988746 1.264094523730234 0.22114940051404366 1520000.0
6.581858746988746 1.264094523730234 0.22114940051404366 1520000.0
6.581858746988746 1.264094523730234 0.22114940051404366 1520000.0
6.581858746988746 1.264094523730234 0.22114940051404366 1520000.0
6.581858746988746 1.264094523730234 0.22114940051404366 1520000.0
6.581858746988746 1.264094523730234 0.22114940051404366 1520000.0
6.581858746988746 1.264094523730234 0.22114940051404366 1520000.0
6.581858746988746 1.264094523730234 0.22114940051404366 1520000.0
6.581858746988746 1.264094523730234 0.22114940051404366 1520000.0
6.581858746988746 1.264094523730234 0.22114940051404366 1520000.0
6.581858746988746 1.264094523730234 0.22114940051404366 1520000.0
6.581858746988746 1.264094523730234 0.22114940051404366 1520000.0
6.581858746988746 1.264094523730234 0.22114940051404366 1520000.0
6.581858746988746 1.264094523730234 0.22114940051404366 1520000.0
6.581858746988746 1.264094523730234 0.22114940051404366 1520000.0
6.581858746988746 1.264094523730234 0.22114940051404366 1520000.0
6.581858746988746 1.264094523730234 0.22114940051404366 1520000.0
6.581858746988746 1.264094523730234 0.22114940051404366 1520000.0
6.581858746988746 1.264094523730234 0.22114940051404366 1520000.0
6.581858746988746 1.264094523730234 0.22114940051404366 1520000.0
6.581858746988746 1.264094523730234 0.22114940051404366 1520000.0
6.581858746988746 1.264094523730234 0.22114940051404366 1520000.0
6.581858746988746 1.264094523730234 0.22114940051404366 1520000.0
6.581858746988746 1.264094523730234 0.22114940051404366 1520000.0
6.581858746988746 1.264094523730234 0.22114940051404366 1520000.0
6.581858746988746 1.264094523730234 0.22114940051404366 1520000.0
6.581858746988746 1.264094523730234 0.22114940051404366 1520000.0
6.581858746988746 1.264094523730234 0.22114940051404366 1520000.0
6.581858746988746 1.264094523730234 0.22114940051404366 1520000.0
6.581858746988746 1.264094523730234 0.22114940051404366 1520000.0
6.581858746988746 1.264094523730234 0.22114940051404366 1520000.0
6.581858746988746 1.264094523730234 0.22114940051404366 1520000.0
6.581858746988746 1.264094523730234 0.22114940051404366 1520000.0
6.581858746988746 1.264094523730234 0.22114940051404366 1520000.0
6.581858746988746 1.264094523730234 0.22114940051404366 1520000.0
6.581858746988746 1.264094523730234 0.22114940051404366 1520000.0
6.581858746988746 1.264094523730234 0.22114940051404366 1520000.0
6.581858746988746 1.264094523730234 0.22114940051404366 1520000.0
6.581858746988746 1.264094523730234 0.22114940051404366 1520000.0
6.581858746988746 1.264094523730234 0.22114940051404366 1520000.0
6.581858746988746 1.264094523730234 0.22114940051404366 1520000.0
6.581858746988746 1.264094523730234 0.22114940051404366 1520000.0
6.581858746988746 1.264094523730234 0.22114940051404366 1520000.0
6.581858746988746 1.264094523730234 0.22114940051404366 1520000.0
6.581858746988746 1.264094523730234 0.22114940051404366 1520000.0
6.659520015855112 1.2832843152016629 0.2218416586660053 0.0 1,1,0 coil/filament1/filament2
6.652318242223127 1.2887805215205463 0.3240132840819514 1520000.0
6.57519421135821 1.269153045260074 0.3158495815645988 1520000.0
6.57519421135821 1.269153045260074 0.3158495815645988 1520000.0
6.57519421135821 1.269153045260074 0.3158495815645988 1520000.0
6.57519421135821 1.269153045260074 0.3158495815645988 1520000.0
6.57519421135821 1.269153045260074 0.3158495815645988 1520000.0
6.57519421135821 1.269153045260074 0.3158495815645988 1520000.0
6.57519421135821 1.269153045260074 0.3158495815645988 1520000.0
6.57519421135821 1.269153045260074 0.3158495815645988 1520000.0
6.57519421135821 1.269153045260074 0.3158495815645988 1520000.0
6.57519421135821 1.269153045260074 0.3158495815645988 1520000.0
6.57519421135821 1.269153045260074 0.3158495815645988 1520000.0
6.57519421135821 1.269153045260074 0.3158495815645988 1520000.0
6.57519421135821 1.269153045260074 0.3158495815645988 1520000.0
6.57519421135821 1.269153045260074 0.3158495815645988 1520000.0
6.57519421135821 1.269153045260074 0.3158495815645988 1520000.0
6.57519421135821 1.269153045260074 0.3158495815645988 1520000.0
6.57519421135821 1.269153045260074 0.3158495815645988 1520000.0
6.57519421135821 1.269153045260074 0.3158495815645988 1520000.0
6.57519421135821 1.269153045260074 0.3158495815645988 1520000.0
6.57519421135821 1.269153045260074 0.3158495815645988 1520000.0
6.57519421135821 1.269153045260074 0.3158495815645988 1520000.0
6.57519421135821 1.269153045260074 0.3158495815645988 1520000.0
6.57519421135821 1.269153045260074 0.3158495815645988 1520000.0
6.57519421135821 1.269153045260074 0.3158495815645988 1520000.0
6.57519421135821 1.269153045260074 0.3158495815645988 1520000.0
6.57519421135821 1.269153045260074 0.3158495815645988 1520000.0
6.57519421135821 1.269153045260074 0.3158495815645988 1520000.0
6.57519421135821 1.269153045260074 0.3158495815645988 1520000.0
6.57519421135821 1.269153045260074 0.3158495815645988 1520000.0
6.57519421135821 1.269153045260074 0.3158495815645988 1520000.0
6.57519421135821 1.269153045260074 0.3158495815645988 1520000.0
6.57519421135821 1.269153045260074 0.3158495815645988 1520000.0
6.57519421135821 1.269153045260074 0.3158495815645988 1520000.0
6.57519421135821 1.269153045260074 0.3158495815645988 1520000.0
6.57519421135821 1.269153045260074 0.3158495815645988 1520000.0
6.57519421135821 1.269153045260074 0.3158495815645988 1520000.0
6.57519421135821 1.269153045260074 0.3158495815645988 1520000.0
6.57519421135821 1.269153045260074 0.3158495815645988 1520000.0
6.57519421135821 1.269153045260074 0.3158495815645988 1520000.0
6.57519421135821 1.269153045260074 0.3158495815645988 1520000.0
6.57519421135821 1.269153045260074 0.3158495815645988 1520000.0
6.57519421135821 1.269153045260074 0.3158495815645988 1520000.0
6.57519421135821 1.269153045260074 0.3158495815645988 1520000.0
6.57519421135821 1.269153045260074 0.3158495815645988 1520000.0
6.57519421135821 1.269153045260074 0.3158495815645988 1520000.0
6.57519421135821 1.269153045260074 0.3158495815645988 1520000.0
6.57519421135821 1.269153045260074 0.3158495815645988 1520000.0
6.57519421135821 1.269153045260074 0.3158495815645988 1520000.0
6.57519421135821 1.269153045260074 0.3158495815645988 1520000.0
6.57519421135821 1.269153045260074 0.3158495815645988 1520000.0
6.57519421135821 1.269153045260074 0.3158495815645988 1520000.0
6.57519421135821 1.269153045260074 0.3158495815645988 1520000.0
6.57519421135821 1.269153045260074 0.3158495815645988 1520000.0
6.57519421135821 1.269153045260074 0.3158495815645988 1520000.0
6.57519421135821 1.269153045260074 0.3158495815645988 1520000.0
6.57519421135821 1.269153045260074 0.3158495815645988 1520000.0
6.57519421135821 1.269153045260074 0.3158495815645988 1520000.0
6.57519421135821 1.269153045260074 0.3158495815645988 1520000.0
6.57519421135821 1.269153045260074 0.3158495815645988 1520000.0
6.57519421135821 1.269153045260074 0.3158495815645988 1520000.0
6.57519421135821 1.269153045260074 0.3158495815645988 1520000.0
6.57519421135821 1.269153045260074 0.3158495815645988 1520000.0
6.57519421135821 1.269153045260074 0.3158495815645988 1520000.0
6.652318242223127 1.2887805215205463 0.3240132840819514 0.0 1,1,1 coil/filament1/filament2
6.155421267875208 2.112149181859709 0.2095396627666894 1520000.0
6.081558490869714 2.0815268786907155 0.20697749148768482 1520000.0
6.081558490869714 2.0815268786907155 0.20697749148768482 1520000.0
6.081558490869714 2.0815268786907155 0.20697749148768482 1520000.0
6.081558490869714 2.0815268786907155 0.20697749148768482 1520000.0
6.081558490869714 2.0815268786907155 0.20697749148768482 1520000.0
6.081558490869714 2.0815268786907155 0.20697749148768482 1520000.0
6.081558490869714 2.0815268786907155 0.20697749148768482 1520000.0
6.081558490869714 2.0815268786907155 0.20697749148768482 1520000.0
6.081558490869714 2.0815268786907155 0.20697749148768482 1520000.0
6.081558490869714 2.0815268786907155 0.20697749148768482 1520000.0
6.081558490869714 2.0815268786907155 0.20697749148768482 1520000.0
6.081558490869714 2.0815268786907155 0.20697749148768482 1520000.0
6.081558490869714 2.0815268786907155 0.20697749148768482 1520000.0
6.081558490869714 2.0815268786907155 0.20697749148768482 1520000.0
6.081558490869714 2.0815268786907155 0.20697749148768482 1520000.0
6.081558490869714 2.0815268786907155 0.20697749148768482 1520000.0
6.081558490869714 2.0815268786907155 0.20697749148768482 1520000.0
6.081558490869714 2.0815268786907155 0.20697749148768482 1520000.0
6.081558490869714 2.0815268786907155 0.20697749148768482 1520000.0
6.081558490869714 2.0815268786907155 0.20697749148768482 1520000.0
6.081558490869714 2.0815268786907155 0.20697749148768482 1520000.0
6.081558490869714 2.0815268786907155 0.20697749148768482 1520000.0
6.081558490869714 2.0815268786907155 0.20697749148768482 1520000.0
6.081558490869714 2.0815268786907155 0.20697749148768482 1520000.0
6.081558490869714 2.0815268786907155 0.20697749148768482 1520000.0
6.081558490869714 2.0815268786907155 0.20697749148768482 1520000.0
6.081558490869714 2.0815268786907155 0.20697749148768482 1520000.0
6.081558490869714 2.0815268786907155 0.20697749148768482 1520000.0
6.081558490869714 2.0815268786907155 0.20697749148768482 1520000.0
6.081558490869714 2.0815268786907155 0.20697749148768482 1520000.0
6.081558490869714 2.0815268786907155 0.20697749148768482 1520000.0
6.081558490869714 2.0815268786907155 0.20697749148768482 1520000.0
6.081558490869714 2.0815268786907155 0.20697749148768482 1520000.0
6.081558490869714 2.0815268786907155 0.20697749148768482 1520000.0
6.081558490869714 2.0815268786907155 0.20697749148768482 1520000.0
6.081558490869714 2.0815268786907155 0.20697749148768482 1520000.0
6.081558490869714 2.0815268786907155 0.20697749148768482 1520000.0
6.081558490869714 2.0815268786907155 0.20697749148768482 1520000.0
6.081558490869714 2.0815268786907155 0.20697749148768482 1520000.0
6.081558490869714 2.0815268786907155 0.20697749148768482 1520000.0
6.081558490869714 2.0815268786907155 0.20697749148768482 1520000.0
6.081558490869714 2.0815268786907155 0.20697749148768482 1520000.0
6.081558490869714 2.0815268786907155 0.20697749148768482 1520000.0
6.081558490869714 2.0815268786907155 0.20697749148768482 1520000.0
6.081558490869714 2.0815268786907155 0.20697749148768482 1520000.0
6.081558490869714 2.0815268786907155 0.20697749148768482 1520000.0
6.081558490869714 2.0815268786907155 0.20697749148768482 1520000.0
6.081558490869714 2.0815268786907155 0.20697749148768482 1520000.0
6.081558490869714 2.0815268786907155 0.20697749148768482 1520000.0
6.081558490869714 2.0815268786907155 0.20697749148768482 1520000.0
6.081558490869714 2.0815268786907155 0.20697749148768482 1520000.0
6.081558490869714 2.0815268786907155 0.20697749148768482 1520000.0
6.081558490869714 2.0815268786907155 0.20697749148768482 1520000.0
6.081558490869714 2.0815268786907155 0.20697749148768482 1520000.0
6.081558490869714 2.0815268786907155 0.20697749148768482 1520000.0
6.081558490869714 2.0815268786907155 0.20697749148768482 1520000.0
6.081558490869714 2.0815268786907155 0.20697749148768482 1520000.0
6.081558490869714 2.0815268786907155 0.20697749148768482 1520000.0
6.081558490869714 2.0815268786907155 0.20697749148768482 1520000.0
6.081558490869714 2.0815268786907155 0.20697749148768482 1520000.0
6.081558490869714 2.0815268786907155 0.20697749148768482 1520000.0
6.081558490869714 2.0815268786907155 0.20697749148768482 1520000.0
6.081558490869714 2.0815268786907155 0.20697749148768482 1520000.0
6.155421267875208 2.112149181859709 0.2095396627666894 0.0 2,0,0 coil/filament1/filament2
6.142596767853059 2.1246090081261637 0.3090918178008551 1520000.0
6.069504263212614 2.0933070581313924 0.3002785498535343 1520000.0
6.069504263212614 2.0933070581313924 0.3002785498535343 1520000.0
6.069504263212614 2.0933070581313924 0.3002785498535343 1520000.0
6.069504263212614 2.0933070581313924 0.3002785498535343 1520000.0
6.069504263212614 2.0933070581313924 0.3002785498535343 1520000.0
6.069504263212614 2.0933070581313924 0.3002785498535343 1520000.0
6.069504263212614 2.0933070581313924 0.3002785498535343 1520000.0
6.069504263212614 2.0933070581313924 0.3002785498535343 1520000.0
6.069504263212614 2.0933070581313924 0.3002785498535343 1520000.0
6.069504263212614 2.0933070581313924 0.3002785498535343 1520000.0
6.069504263212614 2.0933070581313924 0.3002785498535343 1520000.0
6.069504263212614 2.0933070581313924 0.3002785498535343 1520000.0
6.069504263212614 2.0933070581313924 0.3002785498535343 1520000.0
6.069504263212614 2.0933070581313924 0.3002785498535343 1520000.0
6.069504263212614 2.0933070581313924 0.3002785498535343 1520000.0
6.069504263212614 2.0933070581313924 0.3002785498535343 1520000.0
6.069504263212614 2.0933070581313924 0.3002785498535343 1520000.0
6.069504263212614 2.0933070581313924 0.3002785498535343 1520000.0
6.069504263212614 2.0933070581313924 0.3002785498535343 1520000.0
6.069504263212614 2.0933070581313924 0.3002785498535343 1520000.0
6.069504263212614 2.0933070581313924 0.3002785498535343 1520000.0
6.069504263212614 2.0933070581313924 0.3002785498535343 1520000.0
6.069504263212614 2.0933070581313924 0.3002785498535343 1520000.0
6.069504263212614 2.0933070581313924 0.3002785498535343 1520000.0
6.069504263212614 2.0933070581313924 0.3002785498535343 1520000.0
6.069504263212614 2.0933070581313924 0.3002785498535343 1520000.0
6.069504263212614 2.0933070581313924 0.3002785498535343 1520000.0
6.069504263212614 2.0933070581313924 0.3002785498535343 1520000.0
6.069504263212614 2.0933070581313924 0.3002785498535343 1520000.0
6.069504263212614 2.0933070581313924 0.3002785498535343 1520000.0
6.069504263212614 2.0933070581313924 0.3002785498535343 1520000.0
6.069504263212614 2.0933070581313924 0.3002785498535343 1520000.0
6.069504263212614 2.0933070581313924 0.3002785498535343 1520000.0
6.069504263212614 2.0933070581313924 0.3002785498535343 1520000.0
6.069504263212614 2.0933070581313924 0.3002785498535343 1520000.0
6.069504263212614 2.0933070581313924 0.3002785498535343 1520000.0
6.069504263212614 2.0933070581313924 0.3002785498535343 1520000.0
6.069504263212614 2.0933070581313924 0.3002785498535343 1520000.0
6.069504263212614 2.0933070581313924 0.3002785498535343 1520000.0
6.069504263212614 2.0933070581313924 0.3002785498535343 1520000.0
6.069504263212614 2.0933070581313924 0.3002785498535343 1520000.0
6.069504263212614 2.0933070581313924 0.3002785498535343 1520000.0
6.069504263212614 2.0933070581313924 0.3002785498535343 1520000.0
6.069504263212614 2.0933070581313924 0.3002785498535343 1520000.0
6.069504263212614 2.0933070581313924 0.3002785498535343 1520000.0
6.069504263212614 2.0933070581313924 0.3002785498535343 1520000.0
6.069504263212614 2.0933070581313924 0.3002785498535343 1520000.0
6.069504263212614 2.0933070581313924 0.3002785498535343 1520000.0
6.069504263212614 2.0933070581313924 0.3002785498535343 1520000.0
6.069504263212614 2.0933070581313924 0.3002785498535343 1520000.0
6.069504263212614 2.0933070581313924 0.3002785498535343 1520000.0
6.069504263212614 2.0933070581313924 0.3002785498535343 1520000.0
6.069504263212614 2.0933070581313924 0.3002785498535343 1520000.0
6.069504263212614 2.0933070581313924 0.3002785498535343 1520000.0
6.069504263212614 2.0933070581313924 0.3002785498535343 1520000.0
6.069504263212614 2.0933070581313924 0.3002785498535343 1520000.0
6.069504263212614 2.0933070581313924 0.3002785498535343 1520000.0
6.069504263212614 2.0933070581313924 0.3002785498535343 1520000.0
6.069504263212614 2.0933070581313924 0.3002785498535343 1520000.0
6.069504263212614 2.0933070581313924 0.3002785498535343 1520000.0
6.069504263212614 2.0933070581313924 0.3002785498535343 1520000.0
6.069504263212614 2.0933070581313924 0.3002785498535343 1520000.0
6.069504263212614 2.0933070581313924 0.3002785498535343 1520000.0
6.142596767853059 2.1246090081261637 0.3090918178008551 0.0 2,0,1 coil/filament1/filament2
6.185200660708862 2.039173242540947 0.2232400292947491 1520000.0
6.111337883703368 2.008550939371953 0.22067785801574452 1520000.0
6.111337883703368 2.008550939371953 0.22067785801574452 1520000.0
6.111337883703368 2.008550939371953 0.22067785801574452 1520000.0
6.111337883703368 2.008550939371953 0.22067785801574452 1520000.0
6.111337883703368 2.008550939371953 0.22067785801574452 1520000.0
6.111337883703368 2.008550939371953 0.22067785801574452 1520000.0
6.111337883703368 2.008550939371953 0.22067785801574452 1520000.0
6.111337883703368 2.008550939371953 0.22067785801574452 1520000.0
6.111337883703368 2.008550939371953 0.22067785801574452 1520000.0
6.111337883703368 2.008550939371953 0.22067785801574452 1520000.0
6.111337883703368 2.008550939371953 0.22067785801574452 1520000.0
6.111337883703368 2.008550939371953 0.22067785801574452 1520000.0
6.111337883703368 2.008550939371953 0.22067785801574452 1520000.0
6.111337883703368 2.008550939371953 0.22067785801574452 1520000.0
6.111337883703368 2.008550939371953 0.22067785801574452 1520000.0
6.111337883703368 2.008550939371953 0.22067785801574452 1520000.0
6.111337883703368 2.008550939371953 0.22067785801574452 1520000.0
6.111337883703368 2.008550939371953 0.22067785801574452 1520000.0
6.111337883703368 2.008550939371953 0.22067785801574452 1520000.0
6.111337883703368 2.008550939371953 0.22067785801574452 1520000.0
6.111337883703368 2.008550939371953 0.22067785801574452 1520000.0
6.111337883703368 2.008550939371953 0.22067785801574452 1520000.0
6.111337883703368 2.008550939371953 0.22067785801574452 1520000.0
6.111337883703368 2.008550939371953 0.22067785801574452 1520000.0
6.111337883703368 2.008550939371953 0.22067785801574452 1520000.0
6.111337883703368 2.008550939371953 0.22067785801574452 1520000.0
6.111337883703368 2.008550939371953 0.22067785801574452 1520000.0
6.111337883703368 2.008550939371953 0.22067785801574452 1520000.0
6.111337883703368 2.008550939371953 0.22067785801574452 1520000.0
6.111337883703368 2.008550939371953 0.22067785801574452 1520000.0
6.111337883703368 2.008550939371953 0.22067785801574452 1520000.0
6.111337883703368 2.008550939371953 0.22067785801574452 1520000.0
6.111337883703368 2.008550939371953 0.22067785801574452 1520000.0
6.111337883703368 2.008550939371953 0.22067785801574452 1520000.0
6.111337883703368 2.008550939371953 0.22067785801574452 1520000.0
6.111337883703368 2.008550939371953 0.22067785801574452 1520000.0
6.111337883703368 2.008550939371953 0.22067785801574452 1520000.0
6.111337883703368 2.008550939371953 0.22067785801574452 1520000.0
6.111337883703368 2.008550939371953 0.22067785801574452 1520000.0
6.111337883703368 2.008550939371953 0.22067785801574452 1520000.0
6.111337883703368 2.008550939371953 0.22067785801574452 1520000.0
6.111337883703368 2.008550939371953 0.22067785801574452 1520000.0
6.111337883703368 2.008550939371953 0.22067785801574452 1520000.0
6.111337883703368 2.008550939371953 0.22067785801574452 1520000.0
6.111337883703368 2.008550939371953 0.22067785801574452 1520000.0
6.111337883703368 2.008550939371953 0.22067785801574452 1520000.0
6.111337883703368 2.008550939371953 0.22067785801574452 1520000.0
6.111337883703368 2.008550939371953 0.22067785801574452 1520000.0
6.111337883703368 2.008550939371953 0.22067785801574452 1520000.0
6.111337883703368 2.008550939371953 0.22067785801574452 1520000.0
6.111337883703368 2.008550939371953 0.22067785801574452 1520000.0
6.111337883703368 2.008550939371953 0.22067785801574452 1520000.0
6.111337883703368 2.008550939371953 0.22067785801574452 1520000.0
6.111337883703368 2.008550939371953 0.22067785801574452 1520000.0
6.111337883703368 2.008550939371953 0.22067785801574452 1520000.0
6.111337883703368 2.008550939371953 0.22067785801574452 1520000.0
6.111337883703368 2.008550939371953 0.22067785801574452 1520000.0
6.111337883703368 2.008550939371953 0.22067785801574452 1520000.0
6.111337883703368 2.008550939371953 0.22067785801574452 1520000.0
6.111337883703368 2.008550939371953 0.22067785801574452 1520000.0
6.111337883703368 2.008550939371953 0.22067785801574452 1520000.0
6.111337883703368 2.008550939371953 0.22067785801574452 1520000.0
6.111337883703368 2.008550939371953 0.22067785801574452 1520000.0
6.185200660708862 2.039173242540947 0.2232400292947491 0.0 2,1,0 coil/filament1/filament2
6.172437393109715 2.051430223281807 0.32151769937904284 1520000.0
6.09934488846927 2.020128273287036 0.31270443143172205 1520000.0
6.09934488846927 2.020128273287036 0.31270443143172205 1520000.0
6.09934488846927 2.020128273287036 0.31270443143172205 1520000.0
6.09934488846927 2.020128273287036 0.31270443143172205 1520000.0
6.09934488846927 2.020128273287036 0.31270443143172205 1520000.0
6.09934488846927 2.020128273287036 0.31270443143172205 1520000.0
6.09934488846927 2.020128273287036 0.31270443143172205 1520000.0
6.09934488846927 2.020128273287036 0.31270443143172205 1520000.0
6.09934488846927 2.020128273287036 0.31270443143172205 1520000.0
6.09934488846927 2.020128273287036 0.31270443143172205 1520000.0
6.09934488846927 2.020128273287036 0.31270443143172205 1520000.0
6.09934488846927 2.020128273287036 0.31270443143172205 1520000.0
6.09934488846927 2.020128273287036 0.31270443143172205 1520000.0
6.09934488846927 2.020128273287036 0.31270443143172205 1520000.0
6.09934488846927 2.020128273287036 0.31270443143172205 1520000.0
6.09934488846927 2.020128273287036 0.31270443143172205 1520000.0
6.09934488846927 2.020128273287036 0.31270443143172205 1520000.0
6.09934488846927 2.020128273287036 0.31270443143172205 1520000.0
6.09934488846927 2.020128273287036 0.31270443143172205 1520000.0
6.09934488846927 2.020128273287036 0.31270443143172205 1520000.0
6.09934488846927 2.020128273287036 0.31270443143172205 1520000.0
6.09934488846927 2.020128273287036 0.31270443143172205 1520000.0
6.09934488846927 2.020128273287036 0.31270443143172205 1520000.0
6.09934488846927 2.020128273287036 0.31270443143172205 1520000.0
6.09934488846927 2.020128273287036 0.31270443143172205 1520000.0
6.09934488846927 2.020128273287036 0.31270443143172205 1520000.0
6.09934488846927 2.020128273287036 0.31270443143172205 1520000.0
6.09934488846927 2.020128273287036 0.31270443143172205 1520000.0
6.09934488846927 2.020128273287036 0.31270443143172205 1520000.0
6.09934488846927 2.020128273287036 0.31270443143172205 1520000.0
6.09934488846927 2.020128273287036 0.31270443143172205 1520000.0
6.09934488846927 2.020128273287036 0.31270443143172205 1520000.0
6.09934488846927 2.020128273287036 0.31270443143172205 1520000.0
6.09934488846927 2.020128273287036 0.31270443143172205 1520000.0
6.09934488846927 2.020128273287036 0.31270443143172205 1520000.0
6.09934488846927 2.020128273287036 0.31270443143172205 1520000.0
6.09934488846927 2.020128273287036 0.31270443143172205 1520000.0
6.09934488846927 2.020128273287036 0.31270443143172205 1520000.0
6.09934488846927 2.020128273287036 0.31270443143172205 1520000.0
6.09934488846927 2.020128273287036 0.31270443143172205 1520000.0
6.09934488846927 2.020128273287036 0.31270443143172205 1520000.0
6.09934488846927 2.020128273287036 0.31270443143172205 1520000.0
6.09934488846927 2.020128273287036 0.31270443143172205 1520000.0
6.09934488846927 2.020128273287036 0.31270443143172205 1520000.0
6.09934488846927 2.020128273287036 0.31270443143172205 1520000.0
6.09934488846927 2.020128273287036 0.31270443143172205 1520000.0
6.09934488846927 2.020128273287036 0.31270443143172205 1520000.0
6.09934488846927 2.020128273287036 0.31270443143172205 1520000.0
6.09934488846927 2.020128273287036 0.31270443143172205 1520000.0
6.09934488846927 2.020128273287036 0.31270443143172205 1520000.0
6.09934488846927 2.020128273287036 0.31270443143172205 1520000.0
6.09934488846927 2.020128273287036 0.31270443143172205 1520000.0
6.09934488846927 2.020128273287036 0.31270443143172205 1520000.0
6.09934488846927 2.020128273287036 0.31270443143172205 1520000.0
6.09934488846927 2.020128273287036 0.31270443143172205 1520000.0
6.09934488846927 2.020128273287036 0.31270443143172205 1520000.0
6.09934488846927 2.020128273287036 0.31270443143172205 1520000.0
6.09934488846927 2.020128273287036 0.31270443143172205 1520000.0
6.09934488846927 2.020128273287036 0.31270443143172205 1520000.0
6.09934488846927 2.020128273287036 0.31270443143172205 1520000.0
6.09934488846927 2.020128273287036 0.31270443143172205 1520000.0
6.09934488846927 2.020128273287036 0.31270443143172205 1520000.0
6.09934488846927 2.020128273287036 0.31270443143172205 1520000.0
6.172437393109715 2.051430223281807 0.32151769937904284 0.0 2,1,1 coil/filament1/filament2
5.755832023563306 2.709147746981654 0.1414736584187812 1520000.0
5.687508316547649 2.671979454964736 0.12275497448577384 1520000.0
5.687508316547649 2.671979454964736 0.12275497448577384 1520000.0
5.687508316547649 2.671979454964736 0.12275497448577384 1520000.0
5.687508316547649 2.671979454964736 0.12275497448577384 1520000.0
5.687508316547649 2.671979454964736 0.12275497448577384 1520000.0
5.687508316547649 2.671979454964736 0.12275497448577384 1520000.0
5.687508316547649 2.671979454964736 0.12275497448577384 1520000.0
5.687508316547649 2.671979454964736 0.12275497448577384 1520000.0
5.687508316547649 2.671979454964736 0.12275497448577384 1520000.0
5.687508316547649 2.671979454964736 0.12275497448577384 1520000.0
5.687508316547649 2.671979454964736 0.12275497448577384 1520000.0
5.687508316547649 2.671979454964736 0.12275497448577384 1520000.0
5.687508316547649 2.671979454964736 0.12275497448577384 1520000.0
5.687508316547649 2.671979454964736 0.12275497448577384 1520000.0
5.687508316547649 2.671979454964736 0.12275497448577384 1520000.0
5.687508316547649 2.671979454964736 0.12275497448577384 1520000.0
5.687508316547649 2.671979454964736 0.12275497448577384 1520000.0
5.687508316547649 2.671979454964736 0.12275497448577384 1520000.0
5.687508316547649 2.671979454964736 0.12275497448577384 1520000.0
5.687508316547649 2.671979454964736 0.12275497448577384 1520000.0
5.687508316547649 2.671979454964736 0.12275497448577384 1520000.0
5.687508316547649 2.671979454964736 0.12275497448577384 1520000.0
5.687508316547649 2.671979454964736 0.12275497448577384 1520000.0
5.687508316547649 2.671979454964736 0.12275497448577384 1520000.0
5.687508316547649 2.671979454964736 0.12275497448577384 1520000.0
5.687508316547649 2.671979454964736 0.12275497448577384 1520000.0
5.687508316547649 2.671979454964736 0.12275497448577384 1520000.0
5.687508316547649 2.671979454964736 0.12275497448577384 1520000.0
5.687508316547649 2.671979454964736 0.12275497448577384 1520000.0
5.687508316547649 2.671979454964736 0.12275497448577384 1520000.0
5.687508316547649 2.671979454964736 0.12275497448577384 1520000.0
5.687508316547649 2.671979454964736 0.12275497448577384 1520000.0
5.687508316547649 2.671979454964736 0.12275497448577384 1520000.0
5.687508316547649 2.671979454964736 0.12275497448577384 1520000.0
5.687508316547649 2.671979454964736 0.12275497448577384 1520000.0
5.687508316547649 2.671979454964736 0.12275497448577384 1520000.0
5.687508316547649 2.671979454964736 0.12275497448577384 1520000.0
5.687508316547649 2.671979454964736 0.12275497448577384 1520000.0
5.687508316547649 2.671979454964736 0.12275497448577384 1520000.0
5.687508316547649 2.671979454964736 0.12275497448577384 1520000.0
5.687508316547649 2.671979454964736 0.12275497448577384 1520000.0
5.687508316547649 2.671979454964736 0.12275497448577384 1520000.0
5.687508316547649 2.671979454964736 0.12275497448577384 1520000.0
5.687508316547649 2.671979454964736 0.12275497448577384 1520000.0
5.687508316547649 2.671979454964736 0.12275497448577384 1520000.0
5.687508316547649 2.671979454964736 0.12275497448577384 1520000.0
5.687508316547649 2.671979454964736 0.12275497448577384 1520000.0
5.687508316547649 2.671979454964736 0.12275497448577384 1520000.0
5.687508316547649 2.671979454964736 0.12275497448577384 1520000.0
5.687508316547649 2.671979454964736 0.12275497448577384 1520000.0
5.687508316547649 2.671979454964736 0.12275497448577384 1520000.0
5.687508316547649 2.671979454964736 0.12275497448577384 1520000.0
5.687508316547649 2.671979454964736 0.12275497448577384 1520000.0
5.687508316547649 2.671979454964736 0.12275497448577384 1520000.0
5.687508316547649 2.671979454964736 0.12275497448577384 1520000.0
5.687508316547649 2.671979454964736 0.12275497448577384 1520000.0
5.687508316547649 2.671979454964736 0.12275497448577384 1520000.0
5.687508316547649 2.671979454964736 0.12275497448577384 1520000.0
5.687508316547649 2.671979454964736 0.12275497448577384 1520000.0
5.687508316547649 2.671979454964736 0.12275497448577384 1520000.0
5.687508316547649 2.671979454964736 0.12275497448577384 1520000.0
5.687508316547649 2.671979454964736 0.12275497448577384 1520000.0
5.687508316547649 2.671979454964736 0.12275497448577384 1520000.0
5.755832023563306 2.709147746981654 0.1414736584187812 0.0 3,0,0 coil/filament1/filament2
5.721177194736463 2.7261306624725363 0.23109228560390202 1520000.0
5.653311724807632 2.6887532936810956 0.21116215029157975 1520000.0
5.653311724807632 2.6887532936810956 0.21116215029157975 1520000.0
5.653311724807632 2.6887532936810956 0.21116215029157975 1520000.0
5.653311724807632 2.6887532936810956 0.21116215029157975 1520000.0
5.653311724807632 2.6887532936810956 0.21116215029157975 1520000.0
5.653311724807632 2.6887532936810956 0.21116215029157975 1520000.0
5.653311724807632 2.6887532936810956 0.21116215029157975 1520000.0
5.653311724807632 2.6887532936810956 0.21116215029157975 1520000.0
5.653311724807632 2.6887532936810956 0.21116215029157975 1520000.0
5.653311724807632 2.6887532936810956 0.21116215029157975 1520000.0
5.653311724807632 2.6887532936810956 0.21116215029157975 1520000.0
5.653311724807632 2.6887532936810956 0.21116215029157975 1520000.0
5.653311724807632 2.6887532936810956 0.21116215029157975 1520000.0
5.653311724807632 2.6887532936810956 0.21116215029157975 1520000.0
5.653311724807632 2.6887532936810956 0.21116215029157975 1520000.0
5.653311724807632 2.6887532936810956 0.21116215029157975 1520000.0
5.653311724807632 2.6887532936810956 0.21116215029157975 1520000.0
5.653311724807632 2.6887532936810956 0.21116215029157975 1520000.0
5.653311724807632 2.6887532936810956 0.21116215029157975 1520000.0
5.653311724807632 2.6887532936810956 0.21116215029157975 1520000.0
5.653311724807632 2.6887532936810956 0.21116215029157975 1520000.0
5.653311724807632 2.6887532936810956 0.21116215029157975 1520000.0
5.653311724807632 2.6887532936810956 0.21116215029157975 1520000.0
5.653311724807632 2.6887532936810956 0.21116215029157975 1520000.0
5.653311724807632 2.6887532936810956 0.21116215029157975 1520000.0
5.653311724807632 2.6887532936810956 0.21116215029157975 1520000.0
5.653311724807632 2.6887532936810956 0.21116215029157975 1520000.0
5.653311724807632 2.6887532936810956 0.21116215029157975 1520000.0
5.653311724807632 2.6887532936810956 0.21116215029157975 1520000.0
5.653311724807632 2.6887532936810956 0.21116215029157975 1520000.0
5.653311724807632 2.6887532936810956 0.21116215029157975 1520000.0
5.653311724807632 2.6887532936810956 0.21116215029157975 1520000.0
5.653311724807632 2.6887532936810956 0.21116215029157975 1520000.0
5.653311724807632 2.6887532936810956 0.21116215029157975 1520000.0
5.653311724807632 2.6887532936810956 0.21116215029157975 1520000.0
5.653311724807632 2.6887532936810956 0.21116215029157975 1520000.0
5.653311724807632 2.6887532936810956 0.21116215029157975 1520000.0
5.653311724807632 2.6887532936810956 0.21116215029157975 1520000.0
5.653311724807632 2.6887532936810956 0.21116215029157975 1520000.0
5.653311724807632 2.6887532936810956 0.21116215029157975 1520000.0
5.653311724807632 2.6887532936810956 0.21116215029157975 1520000.0
5.653311724807632 2.6887532936810956 0.21116215029157975 1520000.0
5.653311724807632 2.6887532936810956 0.21116215029157975 1520000.0
5.653311724807632 2.6887532936810956 0.21116215029157975 1520000.0
5.653311724807632 2.6887532936810956 0.21116215029157975 1520000.0
5.653311724807632 2.6887532936810956 0.21116215029157975 1520000.0
5.653311724807632 2.6887532936810956 0.21116215029157975 1520000.0
5.653311724807632 2.6887532936810956 0.21116215029157975 1520000.0
5.653311724807632 2.6887532936810956 0.21116215029157975 1520000.0
5.653311724807632 2.6887532936810956 0.21116215029157975 1520000.0
5.653311724807632 2.6887532936810956 0.21116215029157975 1520000.0
5.653311724807632 2.6887532936810956 0.21116215029157975 1520000.0
5.653311724807632 2.6887532936810956 0.21116215029157975 1520000.0
5.653311724807632 2.6887532936810956 0.21116215029157975 1520000.0
5.653311724807632 2.6887532936810956 0.21116215029157975 1520000.0
5.653311724807632 2.6887532936810956 0.21116215029157975 1520000.0
5.653311724807632 2.6887532936810956 0.21116215029157975 1520000.0
5.653311724807632 2.6887532936810956 0.21116215029157975 1520000.0
5.653311724807632 2.6887532936810956 0.21116215029157975 1520000.0
5.653311724807632 2.6887532936810956 0.21116215029157975 1520000.0
5.653311724807632 2.6887532936810956 0.21116215029157975 1520000.0
5.653311724807632 2.6887532936810956 0.21116215029157975 1520000.0
5.653311724807632 2.6887532936810956 0.21116215029157975 1520000.0
5.721177194736463 2.7261306624725363 0.23109228560390202 0.0 3,0,1 coil/filament1/filament2
5.7868035238402085 2.6396990101744815 0.16632600491737007 1520000.0
5.718479816824551 2.6025307181575634 0.14760732098436272 1520000.0
5.718479816824551 2.6025307181575634 0.14760732098436272 1520000.0
5.718479816824551 2.6025307181575634 0.14760732098436272 1520000.0
5.718479816824551 2.6025307181575634 0.14760732098436272 1520000.0
5.718479816824551 2.6025307181575634 0.14760732098436272 1520000.0
5.718479816824551 2.6025307181575634 0.14760732098436272 1520000.0
5.718479816824551 2.6025307181575634 0.14760732098436272 1520000.0
5.718479816824551 2.6025307181575634 0.14760732098436272 1520000.0
5.718479816824551 2.6025307181575634 0.14760732098436272 1520000.0
5.718479816824551 2.6025307181575634 0.14760732098436272 1520000.0
5.718479816824551 2.6025307181575634 0.14760732098436272 1520000.0
5.718479816824551 2.6025307181575634 0.14760732098436272 1520000.0
5.718479816824551 2.6025307181575634 0.14760732098436272 1520000.0
5.718479816824551 2.6025307181575634 0.14760732098436272 1520000.0
5.718479816824551 2.6025307181575634 0.14760732098436272 1520000.0
5.718479816824551 2.6025307181575634 0.14760732098436272 1520000.0
5.718479816824551 2.6025307181575634 0.14760732098436272 1520000.0
5.718479816824551 2.6025307181575634 0.14760732098436272 1520000.0
5.718479816824551 2.6025307181575634 0.14760732098436272 1520000.0
5.718479816824551 2.6025307181575634 0.14760732098436272 1520000.0
5.718479816824551 2.6025307181575634 0.14760732098436272 1520000.0
5.718479816824551 2.6025307181575634 0.14760732098436272 1520000.0
5.718479816824551 2.6025307181575634 0.14760732098436272 1520000.0
5.718479816824551 2.6025307181575634 0.14760732098436272 1520000.0
5.718479816824551 2.6025307181575634 0.14760732098436272 1520000.0
5.718479816824551 2.6025307181575634 0.14760732098436272 1520000.0
5.718479816824551 2.6025307181575634 0.14760732098436272 1520000.0
5.718479816824551 2.6025307181575634 0.14760732098436272 1520000.0
5.718479816824551 2.6025307181575634 0.14760732098436272 1520000.0
5.718479816824551 2.6025307181575634 0.14760732098436272 1520000.0
5.718479816824551 2.6025307181575634 0.14760732098436272 1520000.0
5.718479816824551 2.6025307181575634 0.14760732098436272 1520000.0
5.718479816824551 2.6025307181575634 0.14760732098436272 1520000.0
5.718479816824551 2.6025307181575634 0.14760732098436272 1520000.0
5.718479816824551 2.6025307181575634 0.14760732098436272 1520000.0
5.718479816824551 2.6025307181575634 0.14760732098436272 1520000.0
5.718479816824551 2.6025307181575634 0.14760732098436272 1520000.0
5.718479816824551 2.6025307181575634 0.14760732098436272 1520000.0
5.718479816824551 2.6025307181575634 0.14760732098436272 1520000.0
5.718479816824551 2.6025307181575634 0.14760732098436272 1520000.0
5.718479816824551 2.6025307181575634 0.14760732098436272 1520000.0
5.718479816824551 2.6025307181575634 0.14760732098436272 1520000.0
5.718479816824551 2.6025307181575634 0.14760732098436272 1520000.0
5.718479816824551 2.6025307181575634 0.14760732098436272 1520000.0
5.718479816824551 2.6025307181575634 0.14760732098436272 1520000.0
5.718479816824551 2.6025307181575634 0.14760732098436272 1520000.0
5.718479816824551 2.6025307181575634 0.14760732098436272 1520000.0
5.718479816824551 2.6025307181575634 0.14760732098436272 1520000.0
5.718479816824551 2.6025307181575634 0.14760732098436272 1520000.0
5.718479816824551 2.6025307181575634 0.14760732098436272 1520000.0
5.718479816824551 2.6025307181575634 0.14760732098436272 1520000.0
5.718479816824551 2.6025307181575634 0.14760732098436272 1520000.0
5.718479816824551 2.6025307181575634 0.14760732098436272 1520000.0
5.718479816824551 2.6025307181575634 0.14760732098436272 1520000.0
5.718479816824551 2.6025307181575634 0.14760732098436272 1520000.0
5.718479816824551 2.6025307181575634 0.14760732098436272 1520000.0
5.718479816824551 2.6025307181575634 0.14760732098436272 1520000.0
5.718479816824551 2.6025307181575634 0.14760732098436272 1520000.0
5.718479816824551 2.6025307181575634 0.14760732098436272 1520000.0
5.718479816824551 2.6025307181575634 0.14760732098436272 1520000.0
5.718479816824551 2.6025307181575634 0.14760732098436272 1520000.0
5.718479816824551 2.6025307181575634 0.14760732098436272 1520000.0
5.718479816824551 2.6025307181575634 0.14760732098436272 1520000.0
5.7868035238402085 2.6396990101744815 0.16632600491737007 0.0 3,1,0 coil/filament1/filament2
5.75209710607177 2.656690833328283 0.25603360095481537 1520000.0
5.684231636142939 2.6193134645368423 0.2361034656424931 1520000.0
5.684231636142939 2.6193134645368423 0.2361034656424931 1520000.0
5.684231636142939 2.6193134645368423 0.2361034656424931 1520000.0
5.684231636142939 2.6193134645368423 0.2361034656424931 1520000.0
5.684231636142939 2.6193134645368423 0.2361034656424931 1520000.0
5.684231636142939 2.6193134645368423 0.2361034656424931 1520000.0
5.684231636142939 2.6193134645368423 0.2361034656424931 1520000.0
5.684231636142939 2.6193134645368423 0.2361034656424931 1520000.0
5.684231636142939 2.6193134645368423 0.2361034656424931 1520000.0
5.684231636142939 2.6193134645368423 0.2361034656424931 1520000.0
5.684231636142939 2.6193134645368423 0.2361034656424931 1520000.0
5.684231636142939 2.6193134645368423 0.2361034656424931 1520000.0
5.684231636142939 2.6193134645368423 0.2361034656424931 1520000.0
5.684231636142939 2.6193134645368423 0.2361034656424931 1520000.0
5.684231636142939 2.6193134645368423 0.2361034656424931 1520000.0
5.684231636142939 2.6193134645368423 0.2361034656424931 1520000.0
5.684231636142939 2.6193134645368423 0.2361034656424931 1520000.0
5.684231636142939 2.6193134645368423 0.2361034656424931 1520000.0
5.684231636142939 2.6193134645368423 0.2361034656424931 1520000.0
5.684231636142939 2.6193134645368423 0.2361034656424931 1520000.0
5.684231636142939 2.6193134645368423 0.2361034656424931 1520000.0
5.684231636142939 2.6193134645368423 0.2361034656424931 1520000.0
5.684231636142939 2.6193134645368423 0.2361034656424931 1520000.0
5.684231636142939 2.6193134645368423 0.2361034656424931 1520000.0
5.684231636142939 2.6193134645368423 0.2361034656424931 1520000.0
5.684231636142939 2.6193134645368423 0.2361034656424931 1520000.0
5.684231636142939 2.6193134645368423 0.2361034656424931 1520000.0
5.684231636142939 2.6193134645368423 0.2361034656424931 1520000.0
5.684231636142939 2.6193134645368423 0.2361034656424931 1520000.0
5.684231636142939 2.6193134645368423 0.2361034656424931 1520000.0
5.684231636142939 2.6193134645368423 0.2361034656424931 1520000.0
5.684231636142939 2.6193134645368423 0.2361034656424931 1520000.0
5.684231636142939 2.6193134645368423 0.2361034656424931 1520000.0
5.684231636142939 2.6193134645368423 0.2361034656424931 1520000.0
5.684231636142939 2.6193134645368423 0.2361034656424931 1520000.0
5.684231636142939 2.6193134645368423 0.2361034656424931 1520000.0
5.684231636142939 2.6193134645368423 0.2361034656424931 1520000.0
5.684231636142939 2.6193134645368423 0.2361034656424931 1520000.0
5.684231636142939 2.6193134645368423 0.2361034656424931 1520000.0
5.684231636142939 2.6193134645368423 0.2361034656424931 1520000.0
5.684231636142939 2.6193134645368423 0.2361034656424931 1520000.0
5.684231636142939 2.6193134645368423 0.2361034656424931 1520000.0
5.684231636142939 2.6193134645368423 0.2361034656424931 1520000.0
5.684231636142939 2.6193134645368423 0.2361034656424931 1520000.0
5.684231636142939 2.6193134645368423 0.2361034656424931 1520000.0
5.684231636142939 2.6193134645368423 0.2361034656424931 1520000.0
5.684231636142939 2.6193134645368423 0.2361034656424931 1520000.0
5.684231636142939 2.6193134645368423 0.2361034656424931 1520000.0
5.684231636142939 2.6193134645368423 0.2361034656424931 1520000.0
5.684231636142939 2.6193134645368423 0.2361034656424931 1520000.0
5.684231636142939 2.6193134645368423 0.2361034656424931 1520000.0
5.684231636142939 2.6193134645368423 0.2361034656424931 1520000.0
5.684231636142939 2.6193134645368423 0.2361034656424931 1520000.0
5.684231636142939 2.6193134645368423 0.2361034656424931 1520000.0
5.684231636142939 2.6193134645368423 0.2361034656424931 1520000.0
5.684231636142939 2.6193134645368423 0.2361034656424931 1520000.0
5.684231636142939 2.6193134645368423 0.2361034656424931 1520000.0
5.684231636142939 2.6193134645368423 0.2361034656424931 1520000.0
5.684231636142939 2.6193134645368423 0.2361034656424931 1520000.0
5.684231636142939 2.6193134645368423 0.2361034656424931 1520000.0
5.684231636142939 2.6193134645368423 0.2361034656424931 1520000.0
5.684231636142939 2.6193134645368423 0.2361034656424931 1520000.0
5.684231636142939 2.6193134645368423 0.2361034656424931 1520000.0
5.75209710607177 2.656690833328283 0.25603360095481537 0.0 3,1,1 coil/filament1/filament2
5.3895144864142335 3.3640858999752794 0.0488590168483853 1520000.0
5.318923177145584 3.326446073963314 0.048526520943162454 1520000.0
5.318923177145584 3.326446073963314 0.048526520943162454 1520000.0
5.318923177145584 3.326446073963314 0.048526520943162454 1520000.0
5.318923177145584 3.326446073963314 0.048526520943162454 1520000.0
5.318923177145584 3.326446073963314 0.048526520943162454 1520000.0
5.318923177145584 3.326446073963314 0.048526520943162454 1520000.0
5.318923177145584 3.326446073963314 0.048526520943162454 1520000.0
5.318923177145584 3.326446073963314 0.048526520943162454 1520000.0
5.318923177145584 3.326446073963314 0.048526520943162454 1520000.0
5.318923177145584 3.326446073963314 0.048526520943162454 1520000.0
5.318923177145584 3.326446073963314 0.048526520943162454 1520000.0
5.318923177145584 3.326446073963314 0.048526520943162454 1520000.0
5.318923177145584 3.326446073963314 0.048526520943162454 1520000.0
5.318923177145584 3.326446073963314 0.048526520943162454 1520000.0
5.318923177145584 3.326446073963314 0.048526520943162454 1520000.0
5.318923177145584 3.326446073963314 0.048526520943162454 1520000.0
5.318923177145584 3.326446073963314 0.048526520943162454 1520000.0
5.318923177145584 3.326446073963314 0.048526520943162454 1520000.0
5.318923177145584 3.326446073963314 0.048526520943162454 1520000.0
5.318923177145584 3.326446073963314 0.048526520943162454 1520000.0
5.318923177145584 3.326446073963314 0.048526520943162454 1520000.0
5.318923177145584 3.326446073963314 0.048526520943162454 1520000.0
5.318923177145584 3.326446073963314 0.048526520943162454 1520000.0
5.318923177145584 3.326446073963314 0.048526520943162454 1520000.0
5.318923177145584 3.326446073963314 0.048526520943162454 1520000.0
5.318923177145584 3.326446073963314 0.048526520943162454 1520000.0
5.318923177145584 3.326446073963314 0.048526520943162454 1520000.0
5.318923177145584 3.326446073963314 0.048526520943162454 1520000.0
5.318923177145584 3.326446073963314 0.048526520943162454 1520000.0
5.318923177145584 3.326446073963314 0.048526520943162454 1520000.0
5.318923177145584 3.326446073963314 0.048526520943162454 1520000.0
5.318923177145584 3.326446073963314 0.048526520943162454 1520000.0
5.318923177145584 3.326446073963314 0.048526520943162454 1520000.0
5.318923177145584 3.326446073963314 0.048526520943162454 1520000.0
5.318923177145584 3.326446073963314 0.048526520943162454 1520000.0
5.318923177145584 3.326446073963314 0.048526520943162454 1520000.0
5.318923177145584 3.326446073963314 0.048526520943162454 1520000.0
5.318923177145584 3.326446073963314 0.048526520943162454 1520000.0
5.318923177145584 3.326446073963314 0.048526520943162454 1520000.0
5.318923177145584 3.326446073963314 0.048526520943162454 1520000.0
5.318923177145584 3.326446073963314 0.048526520943162454 1520000.0
5.318923177145584 3.326446073963314 0.048526520943162454 1520000.0
5.318923177145584 3.326446073963314 0.048526520943162454 1520000.0
5.318923177145584 3.326446073963314 0.048526520943162454 1520000.0
5.318923177145584 3.326446073963314 0.048526520943162454 1520000.0
5.318923177145584 3.326446073963314 0.048526520943162454 1520000.0
5.318923177145584 3.326446073963314 0.048526520943162454 1520000.0
5.318923177145584 3.326446073963314 0.048526520943162454 1520000.0
5.318923177145584 3.326446073963314 0.048526520943162454 1520000.0
5.318923177145584 3.326446073963314 0.048526520943162454 1520000.0
5.318923177145584 3.326446073963314 0.048526520943162454 1520000.0
5.318923177145584 3.326446073963314 0.048526520943162454 1520000.0
5.318923177145584 3.326446073963314 0.048526520943162454 1520000.0
5.318923177145584 3.326446073963314 0.048526520943162454 1520000.0
5.318923177145584 3.326446073963314 0.048526520943162454 1520000.0
5.318923177145584 3.326446073963314 0.048526520943162454 1520000.0
5.318923177145584 3.326446073963314 0.048526520943162454 1520000.0
5.318923177145584 3.326446073963314 0.048526520943162454 1520000.0
5.318923177145584 3.326446073963314 0.048526520943162454 1520000.0
5.318923177145584 3.326446073963314 0.048526520943162454 1520000.0
5.318923177145584 3.326446073963314 0.048526520943162454 1520000.0
5.318923177145584 3.326446073963314 0.048526520943162454 1520000.0
5.318923177145584 3.326446073963314 0.048526520943162454 1520000.0
5.3895144864142335 3.3640858999752794 0.0488590168483853 0.0 4,0,0 coil/filament1/filament2
5.3904930824607655 3.333479204385621 0.1516266211399086 1520000.0
5.3203430764509765 3.2995456494776656 0.13352992232119076 1520000.0
5.3203430764509765 3.2995456494776656 0.13352992232119076 1520000.0
5.3203430764509765 3.2995456494776656 0.13352992232119076 1520000.0
5.3203430764509765 3.2995456494776656 0.13352992232119076 1520000.0
5.3203430764509765 3.2995456494776656 0.13352992232119076 1520000.0
5.3203430764509765 3.2995456494776656 0.13352992232119076 1520000.0
5.3203430764509765 3.2995456494776656 0.13352992232119076 1520000.0
5.3203430764509765 3.2995456494776656 0.13352992232119076 1520000.0
5.3203430764509765 3.2995456494776656 0.13352992232119076 1520000.0
5.3203430764509765 3.2995456494776656 0.13352992232119076 1520000.0
5.3203430764509765 3.2995456494776656 0.13352992232119076 1520000.0
5.3203430764509765 3.2995456494776656 0.13352992232119076 1520000.0
5.3203430764509765 3.2995456494776656 0.13352992232119076 1520000.0
5.3203430764509765 3.2995456494776656 0.13352992232119076 1520000.0
5.3203430764509765 3.2995456494776656 0.13352992232119076 1520000.0
5.3203430764509765 3.2995456494776656 0.13352992232119076 1520000.0
5.3203430764509765 3.2995456494776656 0.13352992232119076 1520000.0
5.3203430764509765 3.2995456494776656 0.13352992232119076 1520000.0
5.3203430764509765 3.2995456494776656 0.13352992232119076 1520000.0
5.3203430764509765 3.2995456494776656 0.13352992232119076 1520000.0
5.3203430764509765 3.2995456494776656 0.13352992232119076 1520000.0
5.3203430764509765 3.2995456494776656 0.13352992232119076 1520000.0
5.3203430764509765 3.2995456494776656 0.13352992232119076 1520000.0
5.3203430764509765 3.2995456494776656 0.13352992232119076 1520000.0
5.3203430764509765 3.2995456494776656 0.13352992232119076 1520000.0
5.3203430764509765 3.2995456494776656 0.13352992232119076 1520000.0
5.3203430764509765 3.2995456494776656 0.13352992232119076 1520000.0
5.3203430764509765 3.2995456494776656 0.13352992232119076 1520000.0
5.3203430764509765 3.2995456494776656 0.13352992232119076 1520000.0
5.3203430764509765 3.2995456494776656 0.13352992232119076 1520000.0
5.3203430764509765 3.2995456494776656 0.13352992232119076 1520000.0
5.3203430764509765 3.2995456494776656 0.13352992232119076 1520000.0
5.3203430764509765 3.2995456494776656 0.13352992232119076 1520000.0
5.3203430764509765 3.2995456494776656 0.13352992232119076 1520000.0
5.3203430764509765 3.2995456494776656 0.13352992232119076 1520000.0
5.3203430764509765 3.2995456494776656 0.13352992232119076 1520000.0
5.3203430764509765 3.2995456494776656 0.13352992232119076 1520000.0
5.3203430764509765 3.2995456494776656 0.13352992232119076 1520000.0
5.3203430764509765 3.2995456494776656 0.13352992232119076 1520000.0
5.3203430764509765 3.2995456494776656 0.13352992232119076 1520000.0
5.3203430764509765 3.2995456494776656 0.13352992232119076 1520000.0
5.3203430764509765 3.2995456494776656 0.13352992232119076 1520000.0
5.3203430764509765 3.2995456494776656 0.13352992232119076 1520000.0
5.3203430764509765 3.2995456494776656 0.13352992232119076 1520000.0
5.3203430764509765 3.2995456494776656 0.13352992232119076 1520000.0
5.3203430764509765 3.2995456494776656 0.13352992232119076 1520000.0
5.3203430764509765 3.2995456494776656 0.13352992232119076 1520000.0
5.3203430764509765 3.2995456494776656 0.13352992232119076 1520000.0
5.3203430764509765 3.2995456494776656 0.13352992232119076 1520000.0
5.3203430764509765 3.2995456494776656 0.13352992232119076 1520000.0
5.3203430764509765 3.2995456494776656 0.13352992232119076 1520000.0
5.3203430764509765 3.2995456494776656 0.13352992232119076 1520000.0
5.3203430764509765 3.2995456494776656 0.13352992232119076 1520000.0
5.3203430764509765 3.2995456494776656 0.13352992232119076 1520000.0
5.3203430764509765 3.2995456494776656 0.13352992232119076 1520000.0
5.3203430764509765 3.2995456494776656 0.13352992232119076 1520000.0
5.3203430764509765 3.2995456494776656 0.13352992232119076 1520000.0
5.3203430764509765 3.2995456494776656 0.13352992232119076 1520000.0
5.3203430764509765 3.2995456494776656 0.13352992232119076 1520000.0
5.3203430764509765 3.2995456494776656 0.13352992232119076 1520000.0
5.3203430764509765 3.2995456494776656 0.13352992232119076 1520000.0
5.3203430764509765 3.2995456494776656 0.13352992232119076 1520000.0
5.3203430764509765 3.2995456494776656 0.13352992232119076 1520000.0
5.3904930824607655 3.333479204385621 0.1516266211399086 0.0 4,0,1 coil/filament1/filament2
5.424410479048235 3.2989105224339625 0.018290407779039383 1520000.0
5.353819169779586 3.261270696421997 0.01795791187381654 1520000.0
5.353819169779586 3.261270696421997 0.01795791187381654 1520000.0
5.353819169779586 3.261270696421997 0.01795791187381654 1520000.0
5.353819169779586 3.261270696421997 0.01795791187381654 1520000.0
5.353819169779586 3.261270696421997 0.01795791187381654 1520000.0
5.353819169779586 3.261270696421997 0.01795791187381654 1520000.0
5.353819169779586 3.261270696421997 0.01795791187381654 1520000.0
5.353819169779586 3.261270696421997 0.01795791187381654 1520000.0
5.353819169779586 3.261270696421997 0.01795791187381654 1520000.0
5.353819169779586 3.261270696421997 0.01795791187381654 1520000.0
5.353819169779586 3.261270696421997 0.01795791187381654 1520000.0
5.353819169779586 3.261270696421997 0.01795791187381654 1520000.0
5.353819169779586 3.261270696421997 0.01795791187381654 1520000.0
5.353819169779586 3.261270696421997 0.01795791187381654 1520000.0
5.353819169779586 3.261270696421997 0.01795791187381654 1520000.0
5.353819169779586 3.261270696421997 0.01795791187381654 1520000.0
5.353819169779586 3.261270696421997 0.01795791187381654 1520000.0
5.353819169779586 3.261270696421997 0.01795791187381654 1520000.0
5.353819169779586 3.261270696421997 0.01795791187381654 1520000.0
5.353819169779586 3.261270696421997 0.01795791187381654 1520000.0
5.353819169779586 3.261270696421997 0.01795791187381654 1520000.0
5.353819169779586 3.261270696421997 0.01795791187381654 1520000.0
5.353819169779586 3.261270696421997 0.01795791187381654 1520000.0
5.353819169779586 3.261270696421997 0.01795791187381654 1520000.0
5.353819169779586 3.261270696421997 0.01795791187381654 1520000.0
5.353819169779586 3.261270696421997 0.01795791187381654 1520000.0
5.353819169779586 3.261270696421997 0.01795791187381654 1520000.0
5.353819169779586 3.261270696421997 0.01795791187381654 1520000.0
5.353819169779586 3.261270696421997 0.01795791187381654 1520000.0
5.353819169779586 3.261270696421997 0.01795791187381654 1520000.0
5.353819169779586 3.261270696421997 0.01795791187381654 1520000.0
5.353819169779586 3.261270696421997 0.01795791187381654 1520000.0
5.353819169779586 3.261270696421997 0.01795791187381654 1520000.0
5.353819169779586 3.261270696421997 0.01795791187381654 1520000.0
5.353819169779586 3.261270696421997 0.01795791187381654 1520000.0
5.353819169779586 3.261270696421997 0.01795791187381654 1520000.0
5.353819169779586 3.261270696421997 0.01795791187381654 1520000.0
5.353819169779586 3.261270696421997 0.01795791187381654 1520000.0
5.353819169779586 3.261270696421997 0.01795791187381654 1520000.0
5.353819169779586 3.261270696421997 0.01795791187381654 1520000.0
5.353819169779586 3.261270696421997 0.01795791187381654 1520000.0
5.353819169779586 3.261270696421997 0.01795791187381654 1520000.0
5.353819169779586 3.261270696421997 0.01795791187381654 1520000.0
5.353819169779586 3.261270696421997 0.01795791187381654 1520000.0
5.353819169779586 3.261270696421997 0.01795791187381654 1520000.0
5.353819169779586 3.261270696421997 0.01795791187381654 1520000.0
5.353819169779586 3.261270696421997 0.01795791187381654 1520000.0
5.353819169779586 3.261270696421997 0.01795791187381654 1520000.0
5.353819169779586 3.261270696421997 0.01795791187381654 1520000.0
5.353819169779586 3.261270696421997 0.01795791187381654 1520000.0
5.353819169779586 3.261270696421997 0.01795791187381654 1520000.0
5.353819169779586 3.261270696421997 0.01795791187381654 1520000.0
5.353819169779586 3.261270696421997 0.01795791187381654 1520000.0
5.353819169779586 3.261270696421997 0.01795791187381654 1520000.0
5.353819169779586 3.261270696421997 0.01795791187381654 1520000.0
5.353819169779586 3.261270696421997 0.01795791187381654 1520000.0
5.353819169779586 3.261270696421997 0.01795791187381654 1520000.0
5.353819169779586 3.261270696421997 0.01795791187381654 1520000.0
5.353819169779586 3.261270696421997 0.01795791187381654 1520000.0
5.353819169779586 3.261270696421997 0.01795791187381654 1520000.0
5.353819169779586 3.261270696421997 0.01795791187381654 1520000.0
5.353819169779586 3.261270696421997 0.01795791187381654 1520000.0
5.353819169779586 3.261270696421997 0.01795791187381654 1520000.0
5.424410479048235 3.2989105224339625 0.018290407779039383 0.0 4,1,0 coil/filament1/filament2
5.427467717605447 3.2636152172823794 0.13930186305077186 1520000.0
5.357317711595658 3.229681662374424 0.121205164232054 1520000.0
5.357317711595658 3.229681662374424 0.121205164232054 1520000.0
5.357317711595658 3.229681662374424 0.121205164232054 1520000.0
5.357317711595658 3.229681662374424 0.121205164232054 1520000.0
5.357317711595658 3.229681662374424 0.121205164232054 1520000.0
5.357317711595658 3.229681662374424 0.121205164232054 1520000.0
5.357317711595658 3.229681662374424 0.121205164232054 1520000.0
5.357317711595658 3.229681662374424 0.121205164232054 1520000.0
5.357317711595658 3.229681662374424 0.121205164232054 1520000.0
5.357317711595658 3.229681662374424 0.121205164232054 1520000.0
5.357317711595658 3.229681662374424 0.121205164232054 1520000.0
5.357317711595658 3.229681662374424 0.121205164232054 1520000.0
5.357317711595658 3.229681662374424 0.121205164232054 1520000.0
5.357317711595658 3.229681662374424 0.121205164232054 1520000.0
5.357317711595658 3.229681662374424 0.121205164232054 1520000.0
5.357317711595658 3.229681662374424 0.121205164232054 1520000.0
5.357317711595658 3.229681662374424 0.121205164232054 1520000.0
5.357317711595658 3.229681662374424 0.121205164232054 1520000.0
5.357317711595658 3.229681662374424 0.121205164232054 1520000.0
5.357317711595658 3.229681662374424 0.121205164232054 1520000.0
5.357317711595658 3.229681662374424 0.121205164232054 1520000.0
5.357317711595658 3.229681662374424 0.121205164232054 1520000.0
5.357317711595658 3.229681662374424 0.121205164232054 1520000.0
5.357317711595658 3.229681662374424 0.121205164232054 1520000.0
5.357317711595658 3.229681662374424 0.121205164232054 1520000.0
5.357317711595658 3.229681662374424 0.121205164232054 1520000.0
5.357317711595658 3.229681662374424 0.121205164232054 1520000.0
5.357317711595658 3.229681662374424 0.121205164232054 1520000.0
5.357317711595658 3.229681662374424 0.121205164232054 1520000.0
5.357317711595658 3.229681662374424 0.121205164232054 1520000.0
5.357317711595658 3.229681662374424 0.121205164232054 1520000.0
5.357317711595658 3.229681662374424 0.121205164232054 1520000.0
5.357317711595658 3.229681662374424 0.121205164232054 1520000.0
5.357317711595658 3.229681662374424 0.121205164232054 1520000.0
5.357317711595658 3.229681662374424 0.121205164232054 1520000.0
5.357317711595658 3.229681662374424 0.121205164232054 1520000.0
5.357317711595658 3.229681662374424 0.121205164232054 1520000.0
5.357317711595658 3.229681662374424 0.121205164232054 1520000.0
5.357317711595658 3.229681662374424 0.121205164232054 1520000.0
5.357317711595658 3.229681662374424 0.121205164232054 1520000.0
5.357317711595658 3.229681662374424 0.121205164232054 1520000.0
5.357317711595658 3.229681662374424 0.121205164232054 1520000.0
5.357317711595658 3.229681662374424 0.121205164232054 1520000.0
5.357317711595658 3.229681662374424 0.121205164232054 1520000.0
5.357317711595658 3.229681662374424 0.121205164232054 1520000.0
5.357317711595658 3.229681662374424 0.121205164232054 1520000.0
5.357317711595658 3.229681662374424 0.121205164232054 1520000.0
5.357317711595658 3.229681662374424 0.121205164232054 1520000.0
5.357317711595658 3.229681662374424 0.121205164232054 1520000.0
5.357317711595658 3.229681662374424 0.121205164232054 1520000.0
5.357317711595658 3.229681662374424 0.121205164232054 1520000.0
5.357317711595658 3.229681662374424 0.121205164232054 1520000.0
5.357317711595658 3.229681662374424 0.121205164232054 1520000.0
5.357317711595658 3.229681662374424 0.121205164232054 1520000.0
5.357317711595658 3.229681662374424 0.121205164232054 1520000.0
5.357317711595658 3.229681662374424 0.121205164232054 1520000.0
5.357317711595658 3.229681662374424 0.121205164232054 1520000.0
5.357317711595658 3.229681662374424 0.121205164232054 1520000.0
5.357317711595658 3.229681662374424 0.121205164232054 1520000.0
5.357317711595658 3.229681662374424 0.121205164232054 1520000.0
5.357317711595658 3.229681662374424 0.121205164232054 1520000.0
5.357317711595658 3.229681662374424 0.121205164232054 1520000.0
5.357317711595658 3.229681662374424 0.121205164232054 1520000.0
5.427467717605447 3.2636152172823794 0.13930186305077186 0.0 4,1,1 coil/filament1/filament2
