periods 0
begin filament
FOCUSADD Coils
4.809137463324838 0.878002405279518 -0.06270437983600186 999999.9999999764
4.809137463324838 0.878002405279518 -0.06270437983600186 999999.9999999764
4.809137463324838 0.878002405279518 -0.06270437983600186 999999.9999999764
4.809137463324838 0.878002405279518 -0.06270437983600186 999999.9999999764
4.809137463324838 0.878002405279518 -0.06270437983600186 999999.9999999764
4.809137463324838 0.878002405279518 -0.06270437983600186 999999.9999999764
4.809137463324838 0.878002405279518 -0.06270437983600186 999999.9999999764
4.809137463324838 0.878002405279518 -0.06270437983600186 999999.9999999764
4.809137463324838 0.878002405279518 -0.06270437983600186 999999.9999999764
4.809137463324838 0.878002405279518 -0.06270437983600186 999999.9999999764
4.809137463324838 0.878002405279518 -0.06270437983600186 999999.9999999764
4.809137463324838 0.878002405279518 -0.06270437983600186 999999.9999999764
4.809137463324838 0.878002405279518 -0.06270437983600186 999999.9999999764
4.809137463324838 0.878002405279518 -0.06270437983600186 999999.9999999764
4.809137463324838 0.878002405279518 -0.06270437983600186 999999.9999999764
4.809137463324838 0.878002405279518 -0.06270437983600186 999999.9999999764
4.809137463324838 0.878002405279518 -0.06270437983600186 999999.9999999764
4.809137463324838 0.878002405279518 -0.06270437983600186 999999.9999999764
4.809137463324838 0.878002405279518 -0.06270437983600186 999999.9999999764
4.809137463324838 0.878002405279518 -0.06270437983600186 999999.9999999764
4.809137463324838 0.878002405279518 -0.06270437983600186 999999.9999999764
4.809137463324838 0.878002405279518 -0.06270437983600186 999999.9999999764
4.809137463324838 0.878002405279518 -0.06270437983600186 999999.9999999764
4.809137463324838 0.878002405279518 -0.06270437983600186 999999.9999999764
4.809137463324838 0.878002405279518 -0.06270437983600186 999999.9999999764
4.809137463324838 0.878002405279518 -0.06270437983600186 999999.9999999764
4.809137463324838 0.878002405279518 -0.06270437983600186 999999.9999999764
4.809137463324838 0.878002405279518 -0.06270437983600186 999999.9999999764
4.809137463324838 0.878002405279518 -0.06270437983600186 999999.9999999764
4.809137463324838 0.878002405279518 -0.06270437983600186 999999.9999999764
4.809137463324838 0.878002405279518 -0.06270437983600186 999999.9999999764
4.809137463324838 0.878002405279518 -0.06270437983600186 999999.9999999764
4.809137463324838 0.878002405279518 -0.06270437983600186 999999.9999999764
4.809137463324838 0.878002405279518 -0.06270437983600186 999999.9999999764
4.809137463324838 0.878002405279518 -0.06270437983600186 999999.9999999764
4.809137463324838 0.878002405279518 -0.06270437983600186 999999.9999999764
4.809137463324838 0.878002405279518 -0.06270437983600186 999999.9999999764
4.809137463324838 0.878002405279518 -0.06270437983600186 999999.9999999764
4.809137463324838 0.878002405279518 -0.06270437983600186 999999.9999999764
4.809137463324838 0.878002405279518 -0.06270437983600186 999999.9999999764
4.809137463324838 0.878002405279518 -0.06270437983600186 999999.9999999764
4.809137463324838 0.878002405279518 -0.06270437983600186 999999.9999999764
4.809137463324838 0.878002405279518 -0.06270437983600186 999999.9999999764
4.809137463324838 0.878002405279518 -0.06270437983600186 999999.9999999764
4.809137463324838 0.878002405279518 -0.06270437983600186 999999.9999999764
4.809137463324838 0.878002405279518 -0.06270437983600186 999999.9999999764
4.809137463324838 0.878002405279518 -0.06270437983600186 999999.9999999764
4.809137463324838 0.878002405279518 -0.06270437983600186 999999.9999999764
4.809137463324838 0.878002405279518 -0.06270437983600186 999999.9999999764
4.809137463324838 0.878002405279518 -0.06270437983600186 999999.9999999764
4.809137463324838 0.878002405279518 -0.06270437983600186 999999.9999999764
4.809137463324838 0.878002405279518 -0.06270437983600186 999999.9999999764
4.809137463324838 0.878002405279518 -0.06270437983600186 999999.9999999764
4.809137463324838 0.878002405279518 -0.06270437983600186 999999.9999999764
4.809137463324838 0.878002405279518 -0.06270437983600186 999999.9999999764
4.809137463324838 0.878002405279518 -0.06270437983600186 999999.9999999764
4.809137463324838 0.878002405279518 -0.06270437983600186 999999.9999999764
4.809137463324838 0.878002405279518 -0.06270437983600186 999999.9999999764
4.809137463324838 0.878002405279518 -0.06270437983600186 999999.9999999764
4.809137463324838 0.878002405279518 -0.06270437983600186 999999.9999999764
4.809137463324838 0.878002405279518 -0.06270437983600186 999999.9999999764
4.809137463324838 0.878002405279518 -0.06270437983600186 999999.9999999764
4.809137463324838 0.878002405279518 -0.06270437983600186 999999.9999999764
4.809137463324838 0.878002405279518 -0.06270437983600186 999999.9999999764
4.809137463324838 0.878002405279518 -0.06270437983600186 0.0 0,0,0 coil/filament1/filament2
4.320297316746612 2.4571097856740103 -0.19889084961149395 1000000.0000000086
4.320297316746612 2.4571097856740103 -0.19889084961149395 1000000.0000000086
4.320297316746612 2.4571097856740103 -0.19889084961149395 1000000.0000000086
4.320297316746612 2.4571097856740103 -0.19889084961149395 1000000.0000000086
4.320297316746612 2.4571097856740103 -0.19889084961149395 1000000.0000000086
4.320297316746612 2.4571097856740103 -0.19889084961149395 1000000.0000000086
4.320297316746612 2.4571097856740103 -0.19889084961149395 1000000.0000000086
4.320297316746612 2.4571097856740103 -0.19889084961149395 1000000.0000000086
4.320297316746612 2.4571097856740103 -0.19889084961149395 1000000.0000000086
4.320297316746612 2.4571097856740103 -0.19889084961149395 1000000.0000000086
4.320297316746612 2.4571097856740103 -0.19889084961149395 1000000.0000000086
4.320297316746612 2.4571097856740103 -0.19889084961149395 1000000.0000000086
4.320297316746612 2.4571097856740103 -0.19889084961149395 1000000.0000000086
4.320297316746612 2.4571097856740103 -0.19889084961149395 1000000.0000000086
4.320297316746612 2.4571097856740103 -0.19889084961149395 1000000.0000000086
4.320297316746612 2.4571097856740103 -0.19889084961149395 1000000.0000000086
4.320297316746612 2.4571097856740103 -0.19889084961149395 1000000.0000000086
4.320297316746612 2.4571097856740103 -0.19889084961149395 1000000.0000000086
4.320297316746612 2.4571097856740103 -0.19889084961149395 1000000.0000000086
4.320297316746612 2.4571097856740103 -0.19889084961149395 1000000.0000000086
4.320297316746612 2.4571097856740103 -0.19889084961149395 1000000.0000000086
4.320297316746612 2.4571097856740103 -0.19889084961149395 1000000.0000000086
4.320297316746612 2.4571097856740103 -0.19889084961149395 1000000.0000000086
4.320297316746612 2.4571097856740103 -0.19889084961149395 1000000.0000000086
4.320297316746612 2.4571097856740103 -0.19889084961149395 1000000.0000000086
4.320297316746612 2.4571097856740103 -0.19889084961149395 1000000.0000000086
4.320297316746612 2.4571097856740103 -0.19889084961149395 1000000.0000000086
4.320297316746612 2.4571097856740103 -0.19889084961149395 1000000.0000000086
4.320297316746612 2.4571097856740103 -0.19889084961149395 1000000.0000000086
4.320297316746612 2.4571097856740103 -0.19889084961149395 1000000.0000000086
4.320297316746612 2.4571097856740103 -0.19889084961149395 1000000.0000000086
4.320297316746612 2.4571097856740103 -0.19889084961149395 1000000.0000000086
4.320297316746612 2.4571097856740103 -0.19889084961149395 1000000.0000000086
4.320297316746612 2.4571097856740103 -0.19889084961149395 1000000.0000000086
4.320297316746612 2.4571097856740103 -0.19889084961149395 1000000.0000000086
4.320297316746612 2.4571097856740103 -0.19889084961149395 1000000.0000000086
4.320297316746612 2.4571097856740103 -0.19889084961149395 1000000.0000000086
4.320297316746612 2.4571097856740103 -0.19889084961149395 1000000.0000000086
4.320297316746612 2.4571097856740103 -0.19889084961149395 1000000.0000000086
4.320297316746612 2.4571097856740103 -0.19889084961149395 1000000.0000000086
4.320297316746612 2.4571097856740103 -0.19889084961149395 1000000.0000000086
4.320297316746612 2.4571097856740103 -0.19889084961149395 1000000.0000000086
4.320297316746612 2.4571097856740103 -0.19889084961149395 1000000.0000000086
4.320297316746612 2.4571097856740103 -0.19889084961149395 1000000.0000000086
4.320297316746612 2.4571097856740103 -0.19889084961149395 1000000.0000000086
4.320297316746612 2.4571097856740103 -0.19889084961149395 1000000.0000000086
4.320297316746612 2.4571097856740103 -0.19889084961149395 1000000.0000000086
4.320297316746612 2.4571097856740103 -0.19889084961149395 1000000.0000000086
4.320297316746612 2.4571097856740103 -0.19889084961149395 1000000.0000000086
4.320297316746612 2.4571097856740103 -0.19889084961149395 1000000.0000000086
4.320297316746612 2.4571097856740103 -0.19889084961149395 1000000.0000000086
4.320297316746612 2.4571097856740103 -0.19889084961149395 1000000.0000000086
4.320297316746612 2.4571097856740103 -0.19889084961149395 1000000.0000000086
4.320297316746612 2.4571097856740103 -0.19889084961149395 1000000.0000000086
4.320297316746612 2.4571097856740103 -0.19889084961149395 1000000.0000000086
4.320297316746612 2.4571097856740103 -0.19889084961149395 1000000.0000000086
4.320297316746612 2.4571097856740103 -0.19889084961149395 1000000.0000000086
4.320297316746612 2.4571097856740103 -0.19889084961149395 1000000.0000000086
4.320297316746612 2.4571097856740103 -0.19889084961149395 1000000.0000000086
4.320297316746612 2.4571097856740103 -0.19889084961149395 1000000.0000000086
4.320297316746612 2.4571097856740103 -0.19889084961149395 1000000.0000000086
4.320297316746612 2.4571097856740103 -0.19889084961149395 1000000.0000000086
4.320297316746612 2.4571097856740103 -0.19889084961149395 1000000.0000000086
4.320297316746612 2.4571097856740103 -0.19889084961149395 1000000.0000000086
4.320297316746612 2.4571097856740103 -0.19889084961149395 0.0 1,0,0 coil/filament1/filament2
3.20168544349744 3.959787659664234 -0.28937985548713474 1000000.0000000063
3.20168544349744 3.959787659664234 -0.28937985548713474 1000000.0000000063
3.20168544349744 3.959787659664234 -0.28937985548713474 1000000.0000000063
3.20168544349744 3.959787659664234 -0.28937985548713474 1000000.0000000063
3.20168544349744 3.959787659664234 -0.28937985548713474 1000000.0000000063
3.20168544349744 3.959787659664234 -0.28937985548713474 1000000.0000000063
3.20168544349744 3.959787659664234 -0.28937985548713474 1000000.0000000063
3.20168544349744 3.959787659664234 -0.28937985548713474 1000000.0000000063
3.20168544349744 3.959787659664234 -0.28937985548713474 1000000.0000000063
3.20168544349744 3.959787659664234 -0.28937985548713474 1000000.0000000063
3.20168544349744 3.959787659664234 -0.28937985548713474 1000000.0000000063
3.20168544349744 3.959787659664234 -0.28937985548713474 1000000.0000000063
3.20168544349744 3.959787659664234 -0.28937985548713474 1000000.0000000063
3.20168544349744 3.959787659664234 -0.28937985548713474 1000000.0000000063
3.20168544349744 3.959787659664234 -0.28937985548713474 1000000.0000000063
3.20168544349744 3.959787659664234 -0.28937985548713474 1000000.0000000063
3.20168544349744 3.959787659664234 -0.28937985548713474 1000000.0000000063
3.20168544349744 3.959787659664234 -0.28937985548713474 1000000.0000000063
3.20168544349744 3.959787659664234 -0.28937985548713474 1000000.0000000063
3.20168544349744 3.959787659664234 -0.28937985548713474 1000000.0000000063
3.20168544349744 3.959787659664234 -0.28937985548713474 1000000.0000000063
3.20168544349744 3.959787659664234 -0.28937985548713474 1000000.0000000063
3.20168544349744 3.959787659664234 -0.28937985548713474 1000000.0000000063
3.20168544349744 3.959787659664234 -0.28937985548713474 1000000.0000000063
3.20168544349744 3.959787659664234 -0.28937985548713474 1000000.0000000063
3.20168544349744 3.959787659664234 -0.28937985548713474 1000000.0000000063
3.20168544349744 3.959787659664234 -0.28937985548713474 1000000.0000000063
3.20168544349744 3.959787659664234 -0.28937985548713474 1000000.0000000063
3.20168544349744 3.959787659664234 -0.28937985548713474 1000000.0000000063
3.20168544349744 3.959787659664234 -0.28937985548713474 1000000.0000000063
3.20168544349744 3.959787659664234 -0.28937985548713474 1000000.0000000063
3.20168544349744 3.959787659664234 -0.28937985548713474 1000000.0000000063
3.20168544349744 3.959787659664234 -0.28937985548713474 1000000.0000000063
3.20168544349744 3.959787659664234 -0.28937985548713474 1000000.0000000063
3.20168544349744 3.959787659664234 -0.28937985548713474 1000000.0000000063
3.20168544349744 3.959787659664234 -0.28937985548713474 1000000.0000000063
3.20168544349744 3.959787659664234 -0.28937985548713474 1000000.0000000063
3.20168544349744 3.959787659664234 -0.28937985548713474 1000000.0000000063
3.20168544349744 3.959787659664234 -0.28937985548713474 1000000.0000000063
3.20168544349744 3.959787659664234 -0.28937985548713474 1000000.0000000063
3.20168544349744 3.959787659664234 -0.28937985548713474 1000000.0000000063
3.20168544349744 3.959787659664234 -0.28937985548713474 1000000.0000000063
3.20168544349744 3.959787659664234 -0.28937985548713474 1000000.0000000063
3.20168544349744 3.959787659664234 -0.28937985548713474 1000000.0000000063
3.20168544349744 3.959787659664234 -0.28937985548713474 1000000.0000000063
3.20168544349744 3.959787659664234 -0.28937985548713474 1000000.0000000063
3.20168544349744 3.959787659664234 -0.28937985548713474 1000000.0000000063
3.20168544349744 3.959787659664234 -0.28937985548713474 1000000.0000000063
3.20168544349744 3.959787659664234 -0.28937985548713474 1000000.0000000063
3.20168544349744 3.959787659664234 -0.28937985548713474 1000000.0000000063
3.20168544349744 3.959787659664234 -0.28937985548713474 1000000.0000000063
3.20168544349744 3.959787659664234 -0.28937985548713474 1000000.0000000063
3.20168544349744 3.959787659664234 -0.28937985548713474 1000000.0000000063
3.20168544349744 3.959787659664234 -0.28937985548713474 1000000.0000000063
3.20168544349744 3.959787659664234 -0.28937985548713474 1000000.0000000063
3.20168544349744 3.959787659664234 -0.28937985548713474 1000000.0000000063
3.20168544349744 3.959787659664234 -0.28937985548713474 1000000.0000000063
3.20168544349744 3.959787659664234 -0.28937985548713474 1000000.0000000063
3.20168544349744 3.959787659664234 -0.28937985548713474 1000000.0000000063
3.20168544349744 3.959787659664234 -0.28937985548713474 1000000.0000000063
3.20168544349744 3.959787659664234 -0.28937985548713474 1000000.0000000063
3.20168544349744 3.959787659664234 -0.28937985548713474 1000000.0000000063
3.20168544349744 3.959787659664234 -0.28937985548713474 1000000.0000000063
3.20168544349744 3.959787659664234 -0.28937985548713474 1000000.0000000063
3.20168544349744 3.959787659664234 -0.28937985548713474 0.0 2,0,0 coil/filament1/filament2
1.2597968946092275 5.072705914568004 -0.1271391672423171 1000000.0000000107
1.2597968946092275 5.072705914568004 -0.1271391672423171 1000000.0000000107
1.2597968946092275 5.072705914568004 -0.1271391672423171 1000000.0000000107
1.2597968946092275 5.072705914568004 -0.1271391672423171 1000000.0000000107
1.2597968946092275 5.072705914568004 -0.1271391672423171 1000000.0000000107
1.2597968946092275 5.072705914568004 -0.1271391672423171 1000000.0000000107
1.2597968946092275 5.072705914568004 -0.1271391672423171 1000000.0000000107
1.2597968946092275 5.072705914568004 -0.1271391672423171 1000000.0000000107
1.2597968946092275 5.072705914568004 -0.1271391672423171 1000000.0000000107
1.2597968946092275 5.072705914568004 -0.1271391672423171 1000000.0000000107
1.2597968946092275 5.072705914568004 -0.1271391672423171 1000000.0000000107
1.2597968946092275 5.072705914568004 -0.1271391672423171 1000000.0000000107
1.2597968946092275 5.072705914568004 -0.1271391672423171 1000000.0000000107
1.2597968946092275 5.072705914568004 -0.1271391672423171 1000000.0000000107
1.2597968946092275 5.072705914568004 -0.1271391672423171 1000000.0000000107
1.2597968946092275 5.072705914568004 -0.1271391672423171 1000000.0000000107
1.2597968946092275 5.072705914568004 -0.1271391672423171 1000000.0000000107
1.2597968946092275 5.072705914568004 -0.1271391672423171 1000000.0000000107
1.2597968946092275 5.072705914568004 -0.1271391672423171 1000000.0000000107
1.2597968946092275 5.072705914568004 -0.1271391672423171 1000000.0000000107
1.2597968946092275 5.072705914568004 -0.1271391672423171 1000000.0000000107
1.2597968946092275 5.072705914568004 -0.1271391672423171 1000000.0000000107
1.2597968946092275 5.072705914568004 -0.1271391672423171 1000000.0000000107
1.2597968946092275 5.072705914568004 -0.1271391672423171 1000000.0000000107
1.2597968946092275 5.072705914568004 -0.1271391672423171 1000000.0000000107
1.2597968946092275 5.072705914568004 -0.1271391672423171 1000000.0000000107
1.2597968946092275 5.072705914568004 -0.1271391672423171 1000000.0000000107
1.2597968946092275 5.072705914568004 -0.1271391672423171 1000000.0000000107
1.2597968946092275 5.072705914568004 -0.1271391672423171 1000000.0000000107
1.2597968946092275 5.072705914568004 -0.1271391672423171 1000000.0000000107
1.2597968946092275 5.072705914568004 -0.1271391672423171 1000000.0000000107
1.2597968946092275 5.072705914568004 -0.1271391672423171 1000000.0000000107
1.2597968946092275 5.072705914568004 -0.1271391672423171 1000000.0000000107
1.2597968946092275 5.072705914568004 -0.1271391672423171 1000000.0000000107
1.2597968946092275 5.072705914568004 -0.1271391672423171 1000000.0000000107
1.2597968946092275 5.072705914568004 -0.1271391672423171 1000000.0000000107
1.2597968946092275 5.072705914568004 -0.1271391672423171 1000000.0000000107
1.2597968946092275 5.072705914568004 -0.1271391672423171 1000000.0000000107
1.2597968946092275 5.072705914568004 -0.1271391672423171 1000000.0000000107
1.2597968946092275 5.072705914568004 -0.1271391672423171 1000000.0000000107
1.2597968946092275 5.072705914568004 -0.1271391672423171 1000000.0000000107
1.2597968946092275 5.072705914568004 -0.1271391672423171 1000000.0000000107
1.2597968946092275 5.072705914568004 -0.1271391672423171 1000000.0000000107
1.2597968946092275 5.072705914568004 -0.1271391672423171 1000000.0000000107
1.2597968946092275 5.072705914568004 -0.1271391672423171 1000000.0000000107
1.2597968946092275 5.072705914568004 -0.1271391672423171 1000000.0000000107
1.2597968946092275 5.072705914568004 -0.1271391672423171 1000000.0000000107
1.2597968946092275 5.072705914568004 -0.1271391672423171 1000000.0000000107
1.2597968946092275 5.072705914568004 -0.1271391672423171 1000000.0000000107
1.2597968946092275 5.072705914568004 -0.1271391672423171 1000000.0000000107
1.2597968946092275 5.072705914568004 -0.1271391672423171 1000000.0000000107
1.2597968946092275 5.072705914568004 -0.1271391672423171 1000000.0000000107
1.2597968946092275 5.072705914568004 -0.1271391672423171 1000000.0000000107
1.2597968946092275 5.072705914568004 -0.1271391672423171 1000000.0000000107
1.2597968946092275 5.072705914568004 -0.1271391672423171 1000000.0000000107
1.2597968946092275 5.072705914568004 -0.1271391672423171 1000000.0000000107
1.2597968946092275 5.072705914568004 -0.1271391672423171 1000000.0000000107
1.2597968946092275 5.072705914568004 -0.1271391672423171 1000000.0000000107
1.2597968946092275 5.072705914568004 -0.1271391672423171 1000000.0000000107
1.2597968946092275 5.072705914568004 -0.1271391672423171 1000000.0000000107
1.2597968946092275 5.072705914568004 -0.1271391672423171 1000000.0000000107
1.2597968946092275 5.072705914568004 -0.1271391672423171 1000000.0000000107
1.2597968946092275 5.072705914568004 -0.1271391672423171 1000000.0000000107
1.2597968946092275 5.072705914568004 -0.1271391672423171 1000000.0000000107
1.2597968946092275 5.072705914568004 -0.1271391672423171 0.0 3,0,0 coil/filament1/filament2
