periods 0
begin filament
FOCUSADD Coils
5.06715035332933 0.9461008191519452 -0.09003429371008743 999999.9999999783
5.06715035332933 0.9461008191519452 -0.09003429371008743 999999.9999999783
5.06715035332933 0.9461008191519452 -0.09003429371008743 999999.9999999783
5.06715035332933 0.9461008191519452 -0.09003429371008743 999999.9999999783
5.06715035332933 0.9461008191519452 -0.09003429371008743 999999.9999999783
5.06715035332933 0.9461008191519452 -0.09003429371008743 999999.9999999783
5.06715035332933 0.9461008191519452 -0.09003429371008743 999999.9999999783
5.06715035332933 0.9461008191519452 -0.09003429371008743 999999.9999999783
5.06715035332933 0.9461008191519452 -0.09003429371008743 999999.9999999783
5.06715035332933 0.9461008191519452 -0.09003429371008743 999999.9999999783
5.06715035332933 0.9461008191519452 -0.09003429371008743 999999.9999999783
5.06715035332933 0.9461008191519452 -0.09003429371008743 999999.9999999783
5.06715035332933 0.9461008191519452 -0.09003429371008743 999999.9999999783
5.06715035332933 0.9461008191519452 -0.09003429371008743 999999.9999999783
5.06715035332933 0.9461008191519452 -0.09003429371008743 999999.9999999783
5.06715035332933 0.9461008191519452 -0.09003429371008743 999999.9999999783
5.06715035332933 0.9461008191519452 -0.09003429371008743 999999.9999999783
5.06715035332933 0.9461008191519452 -0.09003429371008743 999999.9999999783
5.06715035332933 0.9461008191519452 -0.09003429371008743 999999.9999999783
5.06715035332933 0.9461008191519452 -0.09003429371008743 999999.9999999783
5.06715035332933 0.9461008191519452 -0.09003429371008743 999999.9999999783
5.06715035332933 0.9461008191519452 -0.09003429371008743 999999.9999999783
5.06715035332933 0.9461008191519452 -0.09003429371008743 999999.9999999783
5.06715035332933 0.9461008191519452 -0.09003429371008743 999999.9999999783
5.06715035332933 0.9461008191519452 -0.09003429371008743 999999.9999999783
5.06715035332933 0.9461008191519452 -0.09003429371008743 999999.9999999783
5.06715035332933 0.9461008191519452 -0.09003429371008743 999999.9999999783
5.06715035332933 0.9461008191519452 -0.09003429371008743 999999.9999999783
5.06715035332933 0.9461008191519452 -0.09003429371008743 999999.9999999783
5.06715035332933 0.9461008191519452 -0.09003429371008743 999999.9999999783
5.06715035332933 0.9461008191519452 -0.09003429371008743 999999.9999999783
5.06715035332933 0.9461008191519452 -0.09003429371008743 999999.9999999783
5.06715035332933 0.9461008191519452 -0.09003429371008743 999999.9999999783
5.06715035332933 0.9461008191519452 -0.09003429371008743 999999.9999999783
5.06715035332933 0.9461008191519452 -0.09003429371008743 999999.9999999783
5.06715035332933 0.9461008191519452 -0.09003429371008743 999999.9999999783
5.06715035332933 0.9461008191519452 -0.09003429371008743 999999.9999999783
5.06715035332933 0.9461008191519452 -0.09003429371008743 999999.9999999783
5.06715035332933 0.9461008191519452 -0.09003429371008743 999999.9999999783
5.06715035332933 0.9461008191519452 -0.09003429371008743 999999.9999999783
5.06715035332933 0.9461008191519452 -0.09003429371008743 999999.9999999783
5.06715035332933 0.9461008191519452 -0.09003429371008743 999999.9999999783
5.06715035332933 0.9461008191519452 -0.09003429371008743 999999.9999999783
5.06715035332933 0.9461008191519452 -0.09003429371008743 999999.9999999783
5.06715035332933 0.9461008191519452 -0.09003429371008743 999999.9999999783
5.06715035332933 0.9461008191519452 -0.09003429371008743 999999.9999999783
5.06715035332933 0.9461008191519452 -0.09003429371008743 999999.9999999783
5.06715035332933 0.9461008191519452 -0.09003429371008743 999999.9999999783
5.06715035332933 0.9461008191519452 -0.09003429371008743 999999.9999999783
5.06715035332933 0.9461008191519452 -0.09003429371008743 999999.9999999783
5.06715035332933 0.9461008191519452 -0.09003429371008743 999999.9999999783
5.06715035332933 0.9461008191519452 -0.09003429371008743 999999.9999999783
5.06715035332933 0.9461008191519452 -0.09003429371008743 999999.9999999783
5.06715035332933 0.9461008191519452 -0.09003429371008743 999999.9999999783
5.06715035332933 0.9461008191519452 -0.09003429371008743 999999.9999999783
5.06715035332933 0.9461008191519452 -0.09003429371008743 999999.9999999783
5.06715035332933 0.9461008191519452 -0.09003429371008743 999999.9999999783
5.06715035332933 0.9461008191519452 -0.09003429371008743 999999.9999999783
5.06715035332933 0.9461008191519452 -0.09003429371008743 999999.9999999783
5.06715035332933 0.9461008191519452 -0.09003429371008743 999999.9999999783
5.06715035332933 0.9461008191519452 -0.09003429371008743 999999.9999999783
5.06715035332933 0.9461008191519452 -0.09003429371008743 999999.9999999783
5.06715035332933 0.9461008191519452 -0.09003429371008743 999999.9999999783
5.06715035332933 0.9461008191519452 -0.09003429371008743 999999.9999999783
5.06715035332933 0.9461008191519452 -0.09003429371008743 0.0 0,0,0 coil/filament1/filament2
4.545005958577321 2.363877503053446 -0.29985031996615497 1000000.000000019
4.545005958577321 2.363877503053446 -0.29985031996615497 1000000.000000019
4.545005958577321 2.363877503053446 -0.29985031996615497 1000000.000000019
4.545005958577321 2.363877503053446 -0.29985031996615497 1000000.000000019
4.545005958577321 2.363877503053446 -0.29985031996615497 1000000.000000019
4.545005958577321 2.363877503053446 -0.29985031996615497 1000000.000000019
4.545005958577321 2.363877503053446 -0.29985031996615497 1000000.000000019
4.545005958577321 2.363877503053446 -0.29985031996615497 1000000.000000019
4.545005958577321 2.363877503053446 -0.29985031996615497 1000000.000000019
4.545005958577321 2.363877503053446 -0.29985031996615497 1000000.000000019
4.545005958577321 2.363877503053446 -0.29985031996615497 1000000.000000019
4.545005958577321 2.363877503053446 -0.29985031996615497 1000000.000000019
4.545005958577321 2.363877503053446 -0.29985031996615497 1000000.000000019
4.545005958577321 2.363877503053446 -0.29985031996615497 1000000.000000019
4.545005958577321 2.363877503053446 -0.29985031996615497 1000000.000000019
4.545005958577321 2.363877503053446 -0.29985031996615497 1000000.000000019
4.545005958577321 2.363877503053446 -0.29985031996615497 1000000.000000019
4.545005958577321 2.363877503053446 -0.29985031996615497 1000000.000000019
4.545005958577321 2.363877503053446 -0.29985031996615497 1000000.000000019
4.545005958577321 2.363877503053446 -0.29985031996615497 1000000.000000019
4.545005958577321 2.363877503053446 -0.29985031996615497 1000000.000000019
4.545005958577321 2.363877503053446 -0.29985031996615497 1000000.000000019
4.545005958577321 2.363877503053446 -0.29985031996615497 1000000.000000019
4.545005958577321 2.363877503053446 -0.29985031996615497 1000000.000000019
4.545005958577321 2.363877503053446 -0.29985031996615497 1000000.000000019
4.545005958577321 2.363877503053446 -0.29985031996615497 1000000.000000019
4.545005958577321 2.363877503053446 -0.29985031996615497 1000000.000000019
4.545005958577321 2.363877503053446 -0.29985031996615497 1000000.000000019
4.545005958577321 2.363877503053446 -0.29985031996615497 1000000.000000019
4.545005958577321 2.363877503053446 -0.29985031996615497 1000000.000000019
4.545005958577321 2.363877503053446 -0.29985031996615497 1000000.000000019
4.545005958577321 2.363877503053446 -0.29985031996615497 1000000.000000019
4.545005958577321 2.363877503053446 -0.29985031996615497 1000000.000000019
4.545005958577321 2.363877503053446 -0.29985031996615497 1000000.000000019
4.545005958577321 2.363877503053446 -0.29985031996615497 1000000.000000019
4.545005958577321 2.363877503053446 -0.29985031996615497 1000000.000000019
4.545005958577321 2.363877503053446 -0.29985031996615497 1000000.000000019
4.545005958577321 2.363877503053446 -0.29985031996615497 1000000.000000019
4.545005958577321 2.363877503053446 -0.29985031996615497 1000000.000000019
4.545005958577321 2.363877503053446 -0.29985031996615497 1000000.000000019
4.545005958577321 2.363877503053446 -0.29985031996615497 1000000.000000019
4.545005958577321 2.363877503053446 -0.29985031996615497 1000000.000000019
4.545005958577321 2.363877503053446 -0.29985031996615497 1000000.000000019
4.545005958577321 2.363877503053446 -0.29985031996615497 1000000.000000019
4.545005958577321 2.363877503053446 -0.29985031996615497 1000000.000000019
4.545005958577321 2.363877503053446 -0.29985031996615497 1000000.000000019
4.545005958577321 2.363877503053446 -0.29985031996615497 1000000.000000019
4.545005958577321 2.363877503053446 -0.29985031996615497 1000000.000000019
4.545005958577321 2.363877503053446 -0.29985031996615497 1000000.000000019
4.545005958577321 2.363877503053446 -0.29985031996615497 1000000.000000019
4.545005958577321 2.363877503053446 -0.29985031996615497 1000000.000000019
4.545005958577321 2.363877503053446 -0.29985031996615497 1000000.000000019
4.545005958577321 2.363877503053446 -0.29985031996615497 1000000.000000019
4.545005958577321 2.363877503053446 -0.29985031996615497 1000000.000000019
4.545005958577321 2.363877503053446 -0.29985031996615497 1000000.000000019
4.545005958577321 2.363877503053446 -0.29985031996615497 1000000.000000019
4.545005958577321 2.363877503053446 -0.29985031996615497 1000000.000000019
4.545005958577321 2.363877503053446 -0.29985031996615497 1000000.000000019
4.545005958577321 2.363877503053446 -0.29985031996615497 1000000.000000019
4.545005958577321 2.363877503053446 -0.29985031996615497 1000000.000000019
4.545005958577321 2.363877503053446 -0.29985031996615497 1000000.000000019
4.545005958577321 2.363877503053446 -0.29985031996615497 1000000.000000019
4.545005958577321 2.363877503053446 -0.29985031996615497 1000000.000000019
4.545005958577321 2.363877503053446 -0.29985031996615497 1000000.000000019
4.545005958577321 2.363877503053446 -0.29985031996615497 0.0 1,0,0 coil/filament1/filament2
3.5457170912878557 3.933014665330202 -0.38467804203248357 999999.9999999949
3.5457170912878557 3.933014665330202 -0.38467804203248357 999999.9999999949
3.5457170912878557 3.933014665330202 -0.38467804203248357 999999.9999999949
3.5457170912878557 3.933014665330202 -0.38467804203248357 999999.9999999949
3.5457170912878557 3.933014665330202 -0.38467804203248357 999999.9999999949
3.5457170912878557 3.933014665330202 -0.38467804203248357 999999.9999999949
3.5457170912878557 3.933014665330202 -0.38467804203248357 999999.9999999949
3.5457170912878557 3.933014665330202 -0.38467804203248357 999999.9999999949
3.5457170912878557 3.933014665330202 -0.38467804203248357 999999.9999999949
3.5457170912878557 3.933014665330202 -0.38467804203248357 999999.9999999949
3.5457170912878557 3.933014665330202 -0.38467804203248357 999999.9999999949
3.5457170912878557 3.933014665330202 -0.38467804203248357 999999.9999999949
3.5457170912878557 3.933014665330202 -0.38467804203248357 999999.9999999949
3.5457170912878557 3.933014665330202 -0.38467804203248357 999999.9999999949
3.5457170912878557 3.933014665330202 -0.38467804203248357 999999.9999999949
3.5457170912878557 3.933014665330202 -0.38467804203248357 999999.9999999949
3.5457170912878557 3.933014665330202 -0.38467804203248357 999999.9999999949
3.5457170912878557 3.933014665330202 -0.38467804203248357 999999.9999999949
3.5457170912878557 3.933014665330202 -0.38467804203248357 999999.9999999949
3.5457170912878557 3.933014665330202 -0.38467804203248357 999999.9999999949
3.5457170912878557 3.933014665330202 -0.38467804203248357 999999.9999999949
3.5457170912878557 3.933014665330202 -0.38467804203248357 999999.9999999949
3.5457170912878557 3.933014665330202 -0.38467804203248357 999999.9999999949
3.5457170912878557 3.933014665330202 -0.38467804203248357 999999.9999999949
3.5457170912878557 3.933014665330202 -0.38467804203248357 999999.9999999949
3.5457170912878557 3.933014665330202 -0.38467804203248357 999999.9999999949
3.5457170912878557 3.933014665330202 -0.38467804203248357 999999.9999999949
3.5457170912878557 3.933014665330202 -0.38467804203248357 999999.9999999949
3.5457170912878557 3.933014665330202 -0.38467804203248357 999999.9999999949
3.5457170912878557 3.933014665330202 -0.38467804203248357 999999.9999999949
3.5457170912878557 3.933014665330202 -0.38467804203248357 999999.9999999949
3.5457170912878557 3.933014665330202 -0.38467804203248357 999999.9999999949
3.5457170912878557 3.933014665330202 -0.38467804203248357 999999.9999999949
3.5457170912878557 3.933014665330202 -0.38467804203248357 999999.9999999949
3.5457170912878557 3.933014665330202 -0.38467804203248357 999999.9999999949
3.5457170912878557 3.933014665330202 -0.38467804203248357 999999.9999999949
3.5457170912878557 3.933014665330202 -0.38467804203248357 999999.9999999949
3.5457170912878557 3.933014665330202 -0.38467804203248357 999999.9999999949
3.5457170912878557 3.933014665330202 -0.38467804203248357 999999.9999999949
3.5457170912878557 3.933014665330202 -0.38467804203248357 999999.9999999949
3.5457170912878557 3.933014665330202 -0.38467804203248357 999999.9999999949
3.5457170912878557 3.933014665330202 -0.38467804203248357 999999.9999999949
3.5457170912878557 3.933014665330202 -0.38467804203248357 999999.9999999949
3.5457170912878557 3.933014665330202 -0.38467804203248357 999999.9999999949
3.5457170912878557 3.933014665330202 -0.38467804203248357 999999.9999999949
3.5457170912878557 3.933014665330202 -0.38467804203248357 999999.9999999949
3.5457170912878557 3.933014665330202 -0.38467804203248357 999999.9999999949
3.5457170912878557 3.933014665330202 -0.38467804203248357 999999.9999999949
3.5457170912878557 3.933014665330202 -0.38467804203248357 999999.9999999949
3.5457170912878557 3.933014665330202 -0.38467804203248357 999999.9999999949
3.5457170912878557 3.933014665330202 -0.38467804203248357 999999.9999999949
3.5457170912878557 3.933014665330202 -0.38467804203248357 999999.9999999949
3.5457170912878557 3.933014665330202 -0.38467804203248357 999999.9999999949
3.5457170912878557 3.933014665330202 -0.38467804203248357 999999.9999999949
3.5457170912878557 3.933014665330202 -0.38467804203248357 999999.9999999949
3.5457170912878557 3.933014665330202 -0.38467804203248357 999999.9999999949
3.5457170912878557 3.933014665330202 -0.38467804203248357 999999.9999999949
3.5457170912878557 3.933014665330202 -0.38467804203248357 999999.9999999949
3.5457170912878557 3.933014665330202 -0.38467804203248357 999999.9999999949
3.5457170912878557 3.933014665330202 -0.38467804203248357 999999.9999999949
3.5457170912878557 3.933014665330202 -0.38467804203248357 999999.9999999949
3.5457170912878557 3.933014665330202 -0.38467804203248357 999999.9999999949
3.5457170912878557 3.933014665330202 -0.38467804203248357 999999.9999999949
3.5457170912878557 3.933014665330202 -0.38467804203248357 999999.9999999949
3.5457170912878557 3.933014665330202 -0.38467804203248357 0.0 2,0,0 coil/filament1/filament2
1.5480197657763806 5.25359725974256 -0.08323370084102108 1000000.0000000075
1.5480197657763806 5.25359725974256 -0.08323370084102108 1000000.0000000075
1.5480197657763806 5.25359725974256 -0.08323370084102108 1000000.0000000075
1.5480197657763806 5.25359725974256 -0.08323370084102108 1000000.0000000075
1.5480197657763806 5.25359725974256 -0.08323370084102108 1000000.0000000075
1.5480197657763806 5.25359725974256 -0.08323370084102108 1000000.0000000075
1.5480197657763806 5.25359725974256 -0.08323370084102108 1000000.0000000075
1.5480197657763806 5.25359725974256 -0.08323370084102108 1000000.0000000075
1.5480197657763806 5.25359725974256 -0.08323370084102108 1000000.0000000075
1.5480197657763806 5.25359725974256 -0.08323370084102108 1000000.0000000075
1.5480197657763806 5.25359725974256 -0.08323370084102108 1000000.0000000075
1.5480197657763806 5.25359725974256 -0.08323370084102108 1000000.0000000075
1.5480197657763806 5.25359725974256 -0.08323370084102108 1000000.0000000075
1.5480197657763806 5.25359725974256 -0.08323370084102108 1000000.0000000075
1.5480197657763806 5.25359725974256 -0.08323370084102108 1000000.0000000075
1.5480197657763806 5.25359725974256 -0.08323370084102108 1000000.0000000075
1.5480197657763806 5.25359725974256 -0.08323370084102108 1000000.0000000075
1.5480197657763806 5.25359725974256 -0.08323370084102108 1000000.0000000075
1.5480197657763806 5.25359725974256 -0.08323370084102108 1000000.0000000075
1.5480197657763806 5.25359725974256 -0.08323370084102108 1000000.0000000075
1.5480197657763806 5.25359725974256 -0.08323370084102108 1000000.0000000075
1.5480197657763806 5.25359725974256 -0.08323370084102108 1000000.0000000075
1.5480197657763806 5.25359725974256 -0.08323370084102108 1000000.0000000075
1.5480197657763806 5.25359725974256 -0.08323370084102108 1000000.0000000075
1.5480197657763806 5.25359725974256 -0.08323370084102108 1000000.0000000075
1.5480197657763806 5.25359725974256 -0.08323370084102108 1000000.0000000075
1.5480197657763806 5.25359725974256 -0.08323370084102108 1000000.0000000075
1.5480197657763806 5.25359725974256 -0.08323370084102108 1000000.0000000075
1.5480197657763806 5.25359725974256 -0.08323370084102108 1000000.0000000075
1.5480197657763806 5.25359725974256 -0.08323370084102108 1000000.0000000075
1.5480197657763806 5.25359725974256 -0.08323370084102108 1000000.0000000075
1.5480197657763806 5.25359725974256 -0.08323370084102108 1000000.0000000075
1.5480197657763806 5.25359725974256 -0.08323370084102108 1000000.0000000075
1.5480197657763806 5.25359725974256 -0.08323370084102108 1000000.0000000075
1.5480197657763806 5.25359725974256 -0.08323370084102108 1000000.0000000075
1.5480197657763806 5.25359725974256 -0.08323370084102108 1000000.0000000075
1.5480197657763806 5.25359725974256 -0.08323370084102108 1000000.0000000075
1.5480197657763806 5.25359725974256 -0.08323370084102108 1000000.0000000075
1.5480197657763806 5.25359725974256 -0.08323370084102108 1000000.0000000075
1.5480197657763806 5.25359725974256 -0.08323370084102108 1000000.0000000075
1.5480197657763806 5.25359725974256 -0.08323370084102108 1000000.0000000075
1.5480197657763806 5.25359725974256 -0.08323370084102108 1000000.0000000075
1.5480197657763806 5.25359725974256 -0.08323370084102108 1000000.0000000075
1.5480197657763806 5.25359725974256 -0.08323370084102108 1000000.0000000075
1.5480197657763806 5.25359725974256 -0.08323370084102108 1000000.0000000075
1.5480197657763806 5.25359725974256 -0.08323370084102108 1000000.0000000075
1.5480197657763806 5.25359725974256 -0.08323370084102108 1000000.0000000075
1.5480197657763806 5.25359725974256 -0.08323370084102108 1000000.0000000075
1.5480197657763806 5.25359725974256 -0.08323370084102108 1000000.0000000075
1.5480197657763806 5.25359725974256 -0.08323370084102108 1000000.0000000075
1.5480197657763806 5.25359725974256 -0.08323370084102108 1000000.0000000075
1.5480197657763806 5.25359725974256 -0.08323370084102108 1000000.0000000075
1.5480197657763806 5.25359725974256 -0.08323370084102108 1000000.0000000075
1.5480197657763806 5.25359725974256 -0.08323370084102108 1000000.0000000075
1.5480197657763806 5.25359725974256 -0.08323370084102108 1000000.0000000075
1.5480197657763806 5.25359725974256 -0.08323370084102108 1000000.0000000075
1.5480197657763806 5.25359725974256 -0.08323370084102108 1000000.0000000075
1.5480197657763806 5.25359725974256 -0.08323370084102108 1000000.0000000075
1.5480197657763806 5.25359725974256 -0.08323370084102108 1000000.0000000075
1.5480197657763806 5.25359725974256 -0.08323370084102108 1000000.0000000075
1.5480197657763806 5.25359725974256 -0.08323370084102108 1000000.0000000075
1.5480197657763806 5.25359725974256 -0.08323370084102108 1000000.0000000075
1.5480197657763806 5.25359725974256 -0.08323370084102108 1000000.0000000075
1.5480197657763806 5.25359725974256 -0.08323370084102108 1000000.0000000075
1.5480197657763806 5.25359725974256 -0.08323370084102108 0.0 3,0,0 coil/filament1/filament2
