periods 0
begin filament
FOCUSADD Coils
4.821234658349298 0.842351671107794 -0.049439475358825376 999999.9999999702
4.821234658349298 0.842351671107794 -0.049439475358825376 999999.9999999702
4.821234658349298 0.842351671107794 -0.049439475358825376 999999.9999999702
4.821234658349298 0.842351671107794 -0.049439475358825376 999999.9999999702
4.821234658349298 0.842351671107794 -0.049439475358825376 999999.9999999702
4.821234658349298 0.842351671107794 -0.049439475358825376 999999.9999999702
4.821234658349298 0.842351671107794 -0.049439475358825376 999999.9999999702
4.821234658349298 0.842351671107794 -0.049439475358825376 999999.9999999702
4.821234658349298 0.842351671107794 -0.049439475358825376 999999.9999999702
4.821234658349298 0.842351671107794 -0.049439475358825376 999999.9999999702
4.821234658349298 0.842351671107794 -0.049439475358825376 999999.9999999702
4.821234658349298 0.842351671107794 -0.049439475358825376 999999.9999999702
4.821234658349298 0.842351671107794 -0.049439475358825376 999999.9999999702
4.821234658349298 0.842351671107794 -0.049439475358825376 999999.9999999702
4.821234658349298 0.842351671107794 -0.049439475358825376 999999.9999999702
4.821234658349298 0.842351671107794 -0.049439475358825376 999999.9999999702
4.821234658349298 0.842351671107794 -0.049439475358825376 999999.9999999702
4.821234658349298 0.842351671107794 -0.049439475358825376 999999.9999999702
4.821234658349298 0.842351671107794 -0.049439475358825376 999999.9999999702
4.821234658349298 0.842351671107794 -0.049439475358825376 999999.9999999702
4.821234658349298 0.842351671107794 -0.049439475358825376 999999.9999999702
4.821234658349298 0.842351671107794 -0.049439475358825376 999999.9999999702
4.821234658349298 0.842351671107794 -0.049439475358825376 999999.9999999702
4.821234658349298 0.842351671107794 -0.049439475358825376 999999.9999999702
4.821234658349298 0.842351671107794 -0.049439475358825376 999999.9999999702
4.821234658349298 0.842351671107794 -0.049439475358825376 999999.9999999702
4.821234658349298 0.842351671107794 -0.049439475358825376 999999.9999999702
4.821234658349298 0.842351671107794 -0.049439475358825376 999999.9999999702
4.821234658349298 0.842351671107794 -0.049439475358825376 999999.9999999702
4.821234658349298 0.842351671107794 -0.049439475358825376 999999.9999999702
4.821234658349298 0.842351671107794 -0.049439475358825376 999999.9999999702
4.821234658349298 0.842351671107794 -0.049439475358825376 999999.9999999702
4.821234658349298 0.842351671107794 -0.049439475358825376 999999.9999999702
4.821234658349298 0.842351671107794 -0.049439475358825376 999999.9999999702
4.821234658349298 0.842351671107794 -0.049439475358825376 999999.9999999702
4.821234658349298 0.842351671107794 -0.049439475358825376 999999.9999999702
4.821234658349298 0.842351671107794 -0.049439475358825376 999999.9999999702
4.821234658349298 0.842351671107794 -0.049439475358825376 999999.9999999702
4.821234658349298 0.842351671107794 -0.049439475358825376 999999.9999999702
4.821234658349298 0.842351671107794 -0.049439475358825376 999999.9999999702
4.821234658349298 0.842351671107794 -0.049439475358825376 999999.9999999702
4.821234658349298 0.842351671107794 -0.049439475358825376 999999.9999999702
4.821234658349298 0.842351671107794 -0.049439475358825376 999999.9999999702
4.821234658349298 0.842351671107794 -0.049439475358825376 999999.9999999702
4.821234658349298 0.842351671107794 -0.049439475358825376 999999.9999999702
4.821234658349298 0.842351671107794 -0.049439475358825376 999999.9999999702
4.821234658349298 0.842351671107794 -0.049439475358825376 999999.9999999702
4.821234658349298 0.842351671107794 -0.049439475358825376 999999.9999999702
4.821234658349298 0.842351671107794 -0.049439475358825376 999999.9999999702
4.821234658349298 0.842351671107794 -0.049439475358825376 999999.9999999702
4.821234658349298 0.842351671107794 -0.049439475358825376 999999.9999999702
4.821234658349298 0.842351671107794 -0.049439475358825376 999999.9999999702
4.821234658349298 0.842351671107794 -0.049439475358825376 999999.9999999702
4.821234658349298 0.842351671107794 -0.049439475358825376 999999.9999999702
4.821234658349298 0.842351671107794 -0.049439475358825376 999999.9999999702
4.821234658349298 0.842351671107794 -0.049439475358825376 999999.9999999702
4.821234658349298 0.842351671107794 -0.049439475358825376 999999.9999999702
4.821234658349298 0.842351671107794 -0.049439475358825376 999999.9999999702
4.821234658349298 0.842351671107794 -0.049439475358825376 999999.9999999702
4.821234658349298 0.842351671107794 -0.049439475358825376 999999.9999999702
4.821234658349298 0.842351671107794 -0.049439475358825376 999999.9999999702
4.821234658349298 0.842351671107794 -0.049439475358825376 999999.9999999702
4.821234658349298 0.842351671107794 -0.049439475358825376 999999.9999999702
4.821234658349298 0.842351671107794 -0.049439475358825376 999999.9999999702
4.821234658349298 0.842351671107794 -0.049439475358825376 0.0 0,0,0 coil/filament1/filament2
4.328482560618974 2.3552879454041182 -0.21359777305990582 1000000.0000000086
4.328482560618974 2.3552879454041182 -0.21359777305990582 1000000.0000000086
4.328482560618974 2.3552879454041182 -0.21359777305990582 1000000.0000000086
4.328482560618974 2.3552879454041182 -0.21359777305990582 1000000.0000000086
4.328482560618974 2.3552879454041182 -0.21359777305990582 1000000.0000000086
4.328482560618974 2.3552879454041182 -0.21359777305990582 1000000.0000000086
4.328482560618974 2.3552879454041182 -0.21359777305990582 1000000.0000000086
4.328482560618974 2.3552879454041182 -0.21359777305990582 1000000.0000000086
4.328482560618974 2.3552879454041182 -0.21359777305990582 1000000.0000000086
4.328482560618974 2.3552879454041182 -0.21359777305990582 1000000.0000000086
4.328482560618974 2.3552879454041182 -0.21359777305990582 1000000.0000000086
4.328482560618974 2.3552879454041182 -0.21359777305990582 1000000.0000000086
4.328482560618974 2.3552879454041182 -0.21359777305990582 1000000.0000000086
4.328482560618974 2.3552879454041182 -0.21359777305990582 1000000.0000000086
4.328482560618974 2.3552879454041182 -0.21359777305990582 1000000.0000000086
4.328482560618974 2.3552879454041182 -0.21359777305990582 1000000.0000000086
4.328482560618974 2.3552879454041182 -0.21359777305990582 1000000.0000000086
4.328482560618974 2.3552879454041182 -0.21359777305990582 1000000.0000000086
4.328482560618974 2.3552879454041182 -0.21359777305990582 1000000.0000000086
4.328482560618974 2.3552879454041182 -0.21359777305990582 1000000.0000000086
4.328482560618974 2.3552879454041182 -0.21359777305990582 1000000.0000000086
4.328482560618974 2.3552879454041182 -0.21359777305990582 1000000.0000000086
4.328482560618974 2.3552879454041182 -0.21359777305990582 1000000.0000000086
4.328482560618974 2.3552879454041182 -0.21359777305990582 1000000.0000000086
4.328482560618974 2.3552879454041182 -0.21359777305990582 1000000.0000000086
4.328482560618974 2.3552879454041182 -0.21359777305990582 1000000.0000000086
4.328482560618974 2.3552879454041182 -0.21359777305990582 1000000.0000000086
4.328482560618974 2.3552879454041182 -0.21359777305990582 1000000.0000000086
4.328482560618974 2.3552879454041182 -0.21359777305990582 1000000.0000000086
4.328482560618974 2.3552879454041182 -0.21359777305990582 1000000.0000000086
4.328482560618974 2.3552879454041182 -0.21359777305990582 1000000.0000000086
4.328482560618974 2.3552879454041182 -0.21359777305990582 1000000.0000000086
4.328482560618974 2.3552879454041182 -0.21359777305990582 1000000.0000000086
4.328482560618974 2.3552879454041182 -0.21359777305990582 1000000.0000000086
4.328482560618974 2.3552879454041182 -0.21359777305990582 1000000.0000000086
4.328482560618974 2.3552879454041182 -0.21359777305990582 1000000.0000000086
4.328482560618974 2.3552879454041182 -0.21359777305990582 1000000.0000000086
4.328482560618974 2.3552879454041182 -0.21359777305990582 1000000.0000000086
4.328482560618974 2.3552879454041182 -0.21359777305990582 1000000.0000000086
4.328482560618974 2.3552879454041182 -0.21359777305990582 1000000.0000000086
4.328482560618974 2.3552879454041182 -0.21359777305990582 1000000.0000000086
4.328482560618974 2.3552879454041182 -0.21359777305990582 1000000.0000000086
4.328482560618974 2.3552879454041182 -0.21359777305990582 1000000.0000000086
4.328482560618974 2.3552879454041182 -0.21359777305990582 1000000.0000000086
4.328482560618974 2.3552879454041182 -0.21359777305990582 1000000.0000000086
4.328482560618974 2.3552879454041182 -0.21359777305990582 1000000.0000000086
4.328482560618974 2.3552879454041182 -0.21359777305990582 1000000.0000000086
4.328482560618974 2.3552879454041182 -0.21359777305990582 1000000.0000000086
4.328482560618974 2.3552879454041182 -0.21359777305990582 1000000.0000000086
4.328482560618974 2.3552879454041182 -0.21359777305990582 1000000.0000000086
4.328482560618974 2.3552879454041182 -0.21359777305990582 1000000.0000000086
4.328482560618974 2.3552879454041182 -0.21359777305990582 1000000.0000000086
4.328482560618974 2.3552879454041182 -0.21359777305990582 1000000.0000000086
4.328482560618974 2.3552879454041182 -0.21359777305990582 1000000.0000000086
4.328482560618974 2.3552879454041182 -0.21359777305990582 1000000.0000000086
4.328482560618974 2.3552879454041182 -0.21359777305990582 1000000.0000000086
4.328482560618974 2.3552879454041182 -0.21359777305990582 1000000.0000000086
4.328482560618974 2.3552879454041182 -0.21359777305990582 1000000.0000000086
4.328482560618974 2.3552879454041182 -0.21359777305990582 1000000.0000000086
4.328482560618974 2.3552879454041182 -0.21359777305990582 1000000.0000000086
4.328482560618974 2.3552879454041182 -0.21359777305990582 1000000.0000000086
4.328482560618974 2.3552879454041182 -0.21359777305990582 1000000.0000000086
4.328482560618974 2.3552879454041182 -0.21359777305990582 1000000.0000000086
4.328482560618974 2.3552879454041182 -0.21359777305990582 1000000.0000000086
4.328482560618974 2.3552879454041182 -0.21359777305990582 0.0 1,0,0 coil/filament1/filament2
3.2174099420704287 3.88724317516103 -0.3076192954556009 1000000.0000000057
3.2174099420704287 3.88724317516103 -0.3076192954556009 1000000.0000000057
3.2174099420704287 3.88724317516103 -0.3076192954556009 1000000.0000000057
3.2174099420704287 3.88724317516103 -0.3076192954556009 1000000.0000000057
3.2174099420704287 3.88724317516103 -0.3076192954556009 1000000.0000000057
3.2174099420704287 3.88724317516103 -0.3076192954556009 1000000.0000000057
3.2174099420704287 3.88724317516103 -0.3076192954556009 1000000.0000000057
3.2174099420704287 3.88724317516103 -0.3076192954556009 1000000.0000000057
3.2174099420704287 3.88724317516103 -0.3076192954556009 1000000.0000000057
3.2174099420704287 3.88724317516103 -0.3076192954556009 1000000.0000000057
3.2174099420704287 3.88724317516103 -0.3076192954556009 1000000.0000000057
3.2174099420704287 3.88724317516103 -0.3076192954556009 1000000.0000000057
3.2174099420704287 3.88724317516103 -0.3076192954556009 1000000.0000000057
3.2174099420704287 3.88724317516103 -0.3076192954556009 1000000.0000000057
3.2174099420704287 3.88724317516103 -0.3076192954556009 1000000.0000000057
3.2174099420704287 3.88724317516103 -0.3076192954556009 1000000.0000000057
3.2174099420704287 3.88724317516103 -0.3076192954556009 1000000.0000000057
3.2174099420704287 3.88724317516103 -0.3076192954556009 1000000.0000000057
3.2174099420704287 3.88724317516103 -0.3076192954556009 1000000.0000000057
3.2174099420704287 3.88724317516103 -0.3076192954556009 1000000.0000000057
3.2174099420704287 3.88724317516103 -0.3076192954556009 1000000.0000000057
3.2174099420704287 3.88724317516103 -0.3076192954556009 1000000.0000000057
3.2174099420704287 3.88724317516103 -0.3076192954556009 1000000.0000000057
3.2174099420704287 3.88724317516103 -0.3076192954556009 1000000.0000000057
3.2174099420704287 3.88724317516103 -0.3076192954556009 1000000.0000000057
3.2174099420704287 3.88724317516103 -0.3076192954556009 1000000.0000000057
3.2174099420704287 3.88724317516103 -0.3076192954556009 1000000.0000000057
3.2174099420704287 3.88724317516103 -0.3076192954556009 1000000.0000000057
3.2174099420704287 3.88724317516103 -0.3076192954556009 1000000.0000000057
3.2174099420704287 3.88724317516103 -0.3076192954556009 1000000.0000000057
3.2174099420704287 3.88724317516103 -0.3076192954556009 1000000.0000000057
3.2174099420704287 3.88724317516103 -0.3076192954556009 1000000.0000000057
3.2174099420704287 3.88724317516103 -0.3076192954556009 1000000.0000000057
3.2174099420704287 3.88724317516103 -0.3076192954556009 1000000.0000000057
3.2174099420704287 3.88724317516103 -0.3076192954556009 1000000.0000000057
3.2174099420704287 3.88724317516103 -0.3076192954556009 1000000.0000000057
3.2174099420704287 3.88724317516103 -0.3076192954556009 1000000.0000000057
3.2174099420704287 3.88724317516103 -0.3076192954556009 1000000.0000000057
3.2174099420704287 3.88724317516103 -0.3076192954556009 1000000.0000000057
3.2174099420704287 3.88724317516103 -0.3076192954556009 1000000.0000000057
3.2174099420704287 3.88724317516103 -0.3076192954556009 1000000.0000000057
3.2174099420704287 3.88724317516103 -0.3076192954556009 1000000.0000000057
3.2174099420704287 3.88724317516103 -0.3076192954556009 1000000.0000000057
3.2174099420704287 3.88724317516103 -0.3076192954556009 1000000.0000000057
3.2174099420704287 3.88724317516103 -0.3076192954556009 1000000.0000000057
3.2174099420704287 3.88724317516103 -0.3076192954556009 1000000.0000000057
3.2174099420704287 3.88724317516103 -0.3076192954556009 1000000.0000000057
3.2174099420704287 3.88724317516103 -0.3076192954556009 1000000.0000000057
3.2174099420704287 3.88724317516103 -0.3076192954556009 1000000.0000000057
3.2174099420704287 3.88724317516103 -0.3076192954556009 1000000.0000000057
3.2174099420704287 3.88724317516103 -0.3076192954556009 1000000.0000000057
3.2174099420704287 3.88724317516103 -0.3076192954556009 1000000.0000000057
3.2174099420704287 3.88724317516103 -0.3076192954556009 1000000.0000000057
3.2174099420704287 3.88724317516103 -0.3076192954556009 1000000.0000000057
3.2174099420704287 3.88724317516103 -0.3076192954556009 1000000.0000000057
3.2174099420704287 3.88724317516103 -0.3076192954556009 1000000.0000000057
3.2174099420704287 3.88724317516103 -0.3076192954556009 1000000.0000000057
3.2174099420704287 3.88724317516103 -0.3076192954556009 1000000.0000000057
3.2174099420704287 3.88724317516103 -0.3076192954556009 1000000.0000000057
3.2174099420704287 3.88724317516103 -0.3076192954556009 1000000.0000000057
3.2174099420704287 3.88724317516103 -0.3076192954556009 1000000.0000000057
3.2174099420704287 3.88724317516103 -0.3076192954556009 1000000.0000000057
3.2174099420704287 3.88724317516103 -0.3076192954556009 1000000.0000000057
3.2174099420704287 3.88724317516103 -0.3076192954556009 1000000.0000000057
3.2174099420704287 3.88724317516103 -0.3076192954556009 0.0 2,0,0 coil/filament1/filament2
1.3520344319784823 5.012414492950931 -0.1009264260695822 1000000.0000000163
1.3520344319784823 5.012414492950931 -0.1009264260695822 1000000.0000000163
1.3520344319784823 5.012414492950931 -0.1009264260695822 1000000.0000000163
1.3520344319784823 5.012414492950931 -0.1009264260695822 1000000.0000000163
1.3520344319784823 5.012414492950931 -0.1009264260695822 1000000.0000000163
1.3520344319784823 5.012414492950931 -0.1009264260695822 1000000.0000000163
1.3520344319784823 5.012414492950931 -0.1009264260695822 1000000.0000000163
1.3520344319784823 5.012414492950931 -0.1009264260695822 1000000.0000000163
1.3520344319784823 5.012414492950931 -0.1009264260695822 1000000.0000000163
1.3520344319784823 5.012414492950931 -0.1009264260695822 1000000.0000000163
1.3520344319784823 5.012414492950931 -0.1009264260695822 1000000.0000000163
1.3520344319784823 5.012414492950931 -0.1009264260695822 1000000.0000000163
1.3520344319784823 5.012414492950931 -0.1009264260695822 1000000.0000000163
1.3520344319784823 5.012414492950931 -0.1009264260695822 1000000.0000000163
1.3520344319784823 5.012414492950931 -0.1009264260695822 1000000.0000000163
1.3520344319784823 5.012414492950931 -0.1009264260695822 1000000.0000000163
1.3520344319784823 5.012414492950931 -0.1009264260695822 1000000.0000000163
1.3520344319784823 5.012414492950931 -0.1009264260695822 1000000.0000000163
1.3520344319784823 5.012414492950931 -0.1009264260695822 1000000.0000000163
1.3520344319784823 5.012414492950931 -0.1009264260695822 1000000.0000000163
1.3520344319784823 5.012414492950931 -0.1009264260695822 1000000.0000000163
1.3520344319784823 5.012414492950931 -0.1009264260695822 1000000.0000000163
1.3520344319784823 5.012414492950931 -0.1009264260695822 1000000.0000000163
1.3520344319784823 5.012414492950931 -0.1009264260695822 1000000.0000000163
1.3520344319784823 5.012414492950931 -0.1009264260695822 1000000.0000000163
1.3520344319784823 5.012414492950931 -0.1009264260695822 1000000.0000000163
1.3520344319784823 5.012414492950931 -0.1009264260695822 1000000.0000000163
1.3520344319784823 5.012414492950931 -0.1009264260695822 1000000.0000000163
1.3520344319784823 5.012414492950931 -0.1009264260695822 1000000.0000000163
1.3520344319784823 5.012414492950931 -0.1009264260695822 1000000.0000000163
1.3520344319784823 5.012414492950931 -0.1009264260695822 1000000.0000000163
1.3520344319784823 5.012414492950931 -0.1009264260695822 1000000.0000000163
1.3520344319784823 5.012414492950931 -0.1009264260695822 1000000.0000000163
1.3520344319784823 5.012414492950931 -0.1009264260695822 1000000.0000000163
1.3520344319784823 5.012414492950931 -0.1009264260695822 1000000.0000000163
1.3520344319784823 5.012414492950931 -0.1009264260695822 1000000.0000000163
1.3520344319784823 5.012414492950931 -0.1009264260695822 1000000.0000000163
1.3520344319784823 5.012414492950931 -0.1009264260695822 1000000.0000000163
1.3520344319784823 5.012414492950931 -0.1009264260695822 1000000.0000000163
1.3520344319784823 5.012414492950931 -0.1009264260695822 1000000.0000000163
1.3520344319784823 5.012414492950931 -0.1009264260695822 1000000.0000000163
1.3520344319784823 5.012414492950931 -0.1009264260695822 1000000.0000000163
1.3520344319784823 5.012414492950931 -0.1009264260695822 1000000.0000000163
1.3520344319784823 5.012414492950931 -0.1009264260695822 1000000.0000000163
1.3520344319784823 5.012414492950931 -0.1009264260695822 1000000.0000000163
1.3520344319784823 5.012414492950931 -0.1009264260695822 1000000.0000000163
1.3520344319784823 5.012414492950931 -0.1009264260695822 1000000.0000000163
1.3520344319784823 5.012414492950931 -0.1009264260695822 1000000.0000000163
1.3520344319784823 5.012414492950931 -0.1009264260695822 1000000.0000000163
1.3520344319784823 5.012414492950931 -0.1009264260695822 1000000.0000000163
1.3520344319784823 5.012414492950931 -0.1009264260695822 1000000.0000000163
1.3520344319784823 5.012414492950931 -0.1009264260695822 1000000.0000000163
1.3520344319784823 5.012414492950931 -0.1009264260695822 1000000.0000000163
1.3520344319784823 5.012414492950931 -0.1009264260695822 1000000.0000000163
1.3520344319784823 5.012414492950931 -0.1009264260695822 1000000.0000000163
1.3520344319784823 5.012414492950931 -0.1009264260695822 1000000.0000000163
1.3520344319784823 5.012414492950931 -0.1009264260695822 1000000.0000000163
1.3520344319784823 5.012414492950931 -0.1009264260695822 1000000.0000000163
1.3520344319784823 5.012414492950931 -0.1009264260695822 1000000.0000000163
1.3520344319784823 5.012414492950931 -0.1009264260695822 1000000.0000000163
1.3520344319784823 5.012414492950931 -0.1009264260695822 1000000.0000000163
1.3520344319784823 5.012414492950931 -0.1009264260695822 1000000.0000000163
1.3520344319784823 5.012414492950931 -0.1009264260695822 1000000.0000000163
1.3520344319784823 5.012414492950931 -0.1009264260695822 1000000.0000000163
1.3520344319784823 5.012414492950931 -0.1009264260695822 0.0 3,0,0 coil/filament1/filament2
