periods 0
begin filament
FOCUSADD Coils
6.940377964597267 0.4754536115715223 0.07522566873110965 1620000.0000001374
6.861690272023999 0.4669607551832369 0.08689264896864049 1620000.0000001374
6.861690272023999 0.4669607551832369 0.08689264896864049 1620000.0000001374
6.861690272023999 0.4669607551832369 0.08689264896864049 1620000.0000001374
6.861690272023999 0.4669607551832369 0.08689264896864049 1620000.0000001374
6.861690272023999 0.4669607551832369 0.08689264896864049 1620000.0000001374
6.861690272023999 0.4669607551832369 0.08689264896864049 1620000.0000001374
6.861690272023999 0.4669607551832369 0.08689264896864049 1620000.0000001374
6.861690272023999 0.4669607551832369 0.08689264896864049 1620000.0000001374
6.861690272023999 0.4669607551832369 0.08689264896864049 1620000.0000001374
6.861690272023999 0.4669607551832369 0.08689264896864049 1620000.0000001374
6.861690272023999 0.4669607551832369 0.08689264896864049 1620000.0000001374
6.861690272023999 0.4669607551832369 0.08689264896864049 1620000.0000001374
6.861690272023999 0.4669607551832369 0.08689264896864049 1620000.0000001374
6.861690272023999 0.4669607551832369 0.08689264896864049 1620000.0000001374
6.861690272023999 0.4669607551832369 0.08689264896864049 1620000.0000001374
6.861690272023999 0.4669607551832369 0.08689264896864049 1620000.0000001374
6.861690272023999 0.4669607551832369 0.08689264896864049 1620000.0000001374
6.861690272023999 0.4669607551832369 0.08689264896864049 1620000.0000001374
6.861690272023999 0.4669607551832369 0.08689264896864049 1620000.0000001374
6.861690272023999 0.4669607551832369 0.08689264896864049 1620000.0000001374
6.861690272023999 0.4669607551832369 0.08689264896864049 1620000.0000001374
6.861690272023999 0.4669607551832369 0.08689264896864049 1620000.0000001374
6.861690272023999 0.4669607551832369 0.08689264896864049 1620000.0000001374
6.861690272023999 0.4669607551832369 0.08689264896864049 1620000.0000001374
6.861690272023999 0.4669607551832369 0.08689264896864049 1620000.0000001374
6.861690272023999 0.4669607551832369 0.08689264896864049 1620000.0000001374
6.861690272023999 0.4669607551832369 0.08689264896864049 1620000.0000001374
6.861690272023999 0.4669607551832369 0.08689264896864049 1620000.0000001374
6.861690272023999 0.4669607551832369 0.08689264896864049 1620000.0000001374
6.861690272023999 0.4669607551832369 0.08689264896864049 1620000.0000001374
6.861690272023999 0.4669607551832369 0.08689264896864049 1620000.0000001374
6.861690272023999 0.4669607551832369 0.08689264896864049 1620000.0000001374
6.861690272023999 0.4669607551832369 0.08689264896864049 1620000.0000001374
6.861690272023999 0.4669607551832369 0.08689264896864049 1620000.0000001374
6.861690272023999 0.4669607551832369 0.08689264896864049 1620000.0000001374
6.861690272023999 0.4669607551832369 0.08689264896864049 1620000.0000001374
6.861690272023999 0.4669607551832369 0.08689264896864049 1620000.0000001374
6.861690272023999 0.4669607551832369 0.08689264896864049 1620000.0000001374
6.861690272023999 0.4669607551832369 0.08689264896864049 1620000.0000001374
6.861690272023999 0.4669607551832369 0.08689264896864049 1620000.0000001374
6.861690272023999 0.4669607551832369 0.08689264896864049 1620000.0000001374
6.861690272023999 0.4669607551832369 0.08689264896864049 1620000.0000001374
6.861690272023999 0.4669607551832369 0.08689264896864049 1620000.0000001374
6.861690272023999 0.4669607551832369 0.08689264896864049 1620000.0000001374
6.861690272023999 0.4669607551832369 0.08689264896864049 1620000.0000001374
6.861690272023999 0.4669607551832369 0.08689264896864049 1620000.0000001374
6.861690272023999 0.4669607551832369 0.08689264896864049 1620000.0000001374
6.861690272023999 0.4669607551832369 0.08689264896864049 1620000.0000001374
6.861690272023999 0.4669607551832369 0.08689264896864049 1620000.0000001374
6.861690272023999 0.4669607551832369 0.08689264896864049 1620000.0000001374
6.861690272023999 0.4669607551832369 0.08689264896864049 1620000.0000001374
6.861690272023999 0.4669607551832369 0.08689264896864049 1620000.0000001374
6.861690272023999 0.4669607551832369 0.08689264896864049 1620000.0000001374
6.861690272023999 0.4669607551832369 0.08689264896864049 1620000.0000001374
6.861690272023999 0.4669607551832369 0.08689264896864049 1620000.0000001374
6.861690272023999 0.4669607551832369 0.08689264896864049 1620000.0000001374
6.861690272023999 0.4669607551832369 0.08689264896864049 1620000.0000001374
6.861690272023999 0.4669607551832369 0.08689264896864049 1620000.0000001374
6.861690272023999 0.4669607551832369 0.08689264896864049 1620000.0000001374
6.861690272023999 0.4669607551832369 0.08689264896864049 1620000.0000001374
6.861690272023999 0.4669607551832369 0.08689264896864049 1620000.0000001374
6.861690272023999 0.4669607551832369 0.08689264896864049 1620000.0000001374
6.861690272023999 0.4669607551832369 0.08689264896864049 1620000.0000001374
6.940377964597267 0.4754536115715223 0.07522566873110965 0.0 0,0,0 coil/filament1/filament2
6.94442077870503 0.4703580717496134 0.19144202993125745 1620000.0000001374
6.86515461854302 0.4627308726480912 0.18378032731132857 1620000.0000001374
6.86515461854302 0.4627308726480912 0.18378032731132857 1620000.0000001374
6.86515461854302 0.4627308726480912 0.18378032731132857 1620000.0000001374
6.86515461854302 0.4627308726480912 0.18378032731132857 1620000.0000001374
6.86515461854302 0.4627308726480912 0.18378032731132857 1620000.0000001374
6.86515461854302 0.4627308726480912 0.18378032731132857 1620000.0000001374
6.86515461854302 0.4627308726480912 0.18378032731132857 1620000.0000001374
6.86515461854302 0.4627308726480912 0.18378032731132857 1620000.0000001374
6.86515461854302 0.4627308726480912 0.18378032731132857 1620000.0000001374
6.86515461854302 0.4627308726480912 0.18378032731132857 1620000.0000001374
6.86515461854302 0.4627308726480912 0.18378032731132857 1620000.0000001374
6.86515461854302 0.4627308726480912 0.18378032731132857 1620000.0000001374
6.86515461854302 0.4627308726480912 0.18378032731132857 1620000.0000001374
6.86515461854302 0.4627308726480912 0.18378032731132857 1620000.0000001374
6.86515461854302 0.4627308726480912 0.18378032731132857 1620000.0000001374
6.86515461854302 0.4627308726480912 0.18378032731132857 1620000.0000001374
6.86515461854302 0.4627308726480912 0.18378032731132857 1620000.0000001374
6.86515461854302 0.4627308726480912 0.18378032731132857 1620000.0000001374
6.86515461854302 0.4627308726480912 0.18378032731132857 1620000.0000001374
6.86515461854302 0.4627308726480912 0.18378032731132857 1620000.0000001374
6.86515461854302 0.4627308726480912 0.18378032731132857 1620000.0000001374
6.86515461854302 0.4627308726480912 0.18378032731132857 1620000.0000001374
6.86515461854302 0.4627308726480912 0.18378032731132857 1620000.0000001374
6.86515461854302 0.4627308726480912 0.18378032731132857 1620000.0000001374
6.86515461854302 0.4627308726480912 0.18378032731132857 1620000.0000001374
6.86515461854302 0.4627308726480912 0.18378032731132857 1620000.0000001374
6.86515461854302 0.4627308726480912 0.18378032731132857 1620000.0000001374
6.86515461854302 0.4627308726480912 0.18378032731132857 1620000.0000001374
6.86515461854302 0.4627308726480912 0.18378032731132857 1620000.0000001374
6.86515461854302 0.4627308726480912 0.18378032731132857 1620000.0000001374
6.86515461854302 0.4627308726480912 0.18378032731132857 1620000.0000001374
6.86515461854302 0.4627308726480912 0.18378032731132857 1620000.0000001374
6.86515461854302 0.4627308726480912 0.18378032731132857 1620000.0000001374
6.86515461854302 0.4627308726480912 0.18378032731132857 1620000.0000001374
6.86515461854302 0.4627308726480912 0.18378032731132857 1620000.0000001374
6.86515461854302 0.4627308726480912 0.18378032731132857 1620000.0000001374
6.86515461854302 0.4627308726480912 0.18378032731132857 1620000.0000001374
6.86515461854302 0.4627308726480912 0.18378032731132857 1620000.0000001374
6.86515461854302 0.4627308726480912 0.18378032731132857 1620000.0000001374
6.86515461854302 0.4627308726480912 0.18378032731132857 1620000.0000001374
6.86515461854302 0.4627308726480912 0.18378032731132857 1620000.0000001374
6.86515461854302 0.4627308726480912 0.18378032731132857 1620000.0000001374
6.86515461854302 0.4627308726480912 0.18378032731132857 1620000.0000001374
6.86515461854302 0.4627308726480912 0.18378032731132857 1620000.0000001374
6.86515461854302 0.4627308726480912 0.18378032731132857 1620000.0000001374
6.86515461854302 0.4627308726480912 0.18378032731132857 1620000.0000001374
6.86515461854302 0.4627308726480912 0.18378032731132857 1620000.0000001374
6.86515461854302 0.4627308726480912 0.18378032731132857 1620000.0000001374
6.86515461854302 0.4627308726480912 0.18378032731132857 1620000.0000001374
6.86515461854302 0.4627308726480912 0.18378032731132857 1620000.0000001374
6.86515461854302 0.4627308726480912 0.18378032731132857 1620000.0000001374
6.86515461854302 0.4627308726480912 0.18378032731132857 1620000.0000001374
6.86515461854302 0.4627308726480912 0.18378032731132857 1620000.0000001374
6.86515461854302 0.4627308726480912 0.18378032731132857 1620000.0000001374
6.86515461854302 0.4627308726480912 0.18378032731132857 1620000.0000001374
6.86515461854302 0.4627308726480912 0.18378032731132857 1620000.0000001374
6.86515461854302 0.4627308726480912 0.18378032731132857 1620000.0000001374
6.86515461854302 0.4627308726480912 0.18378032731132857 1620000.0000001374
6.86515461854302 0.4627308726480912 0.18378032731132857 1620000.0000001374
6.86515461854302 0.4627308726480912 0.18378032731132857 1620000.0000001374
6.86515461854302 0.4627308726480912 0.18378032731132857 1620000.0000001374
6.86515461854302 0.4627308726480912 0.18378032731132857 1620000.0000001374
6.86515461854302 0.4627308726480912 0.18378032731132857 1620000.0000001374
6.94442077870503 0.4703580717496134 0.19144202993125745 0.0 0,0,1 coil/filament1/filament2
6.948412910014598 0.39594357584144313 0.07153868211029818 1620000.0000001374
6.869725217441331 0.3874507194531577 0.08320566234782902 1620000.0000001374
6.869725217441331 0.3874507194531577 0.08320566234782902 1620000.0000001374
6.869725217441331 0.3874507194531577 0.08320566234782902 1620000.0000001374
6.869725217441331 0.3874507194531577 0.08320566234782902 1620000.0000001374
6.869725217441331 0.3874507194531577 0.08320566234782902 1620000.0000001374
6.869725217441331 0.3874507194531577 0.08320566234782902 1620000.0000001374
6.869725217441331 0.3874507194531577 0.08320566234782902 1620000.0000001374
6.869725217441331 0.3874507194531577 0.08320566234782902 1620000.0000001374
6.869725217441331 0.3874507194531577 0.08320566234782902 1620000.0000001374
6.869725217441331 0.3874507194531577 0.08320566234782902 1620000.0000001374
6.869725217441331 0.3874507194531577 0.08320566234782902 1620000.0000001374
6.869725217441331 0.3874507194531577 0.08320566234782902 1620000.0000001374
6.869725217441331 0.3874507194531577 0.08320566234782902 1620000.0000001374
6.869725217441331 0.3874507194531577 0.08320566234782902 1620000.0000001374
6.869725217441331 0.3874507194531577 0.08320566234782902 1620000.0000001374
6.869725217441331 0.3874507194531577 0.08320566234782902 1620000.0000001374
6.869725217441331 0.3874507194531577 0.08320566234782902 1620000.0000001374
6.869725217441331 0.3874507194531577 0.08320566234782902 1620000.0000001374
6.869725217441331 0.3874507194531577 0.08320566234782902 1620000.0000001374
6.869725217441331 0.3874507194531577 0.08320566234782902 1620000.0000001374
6.869725217441331 0.3874507194531577 0.08320566234782902 1620000.0000001374
6.869725217441331 0.3874507194531577 0.08320566234782902 1620000.0000001374
6.869725217441331 0.3874507194531577 0.08320566234782902 1620000.0000001374
6.869725217441331 0.3874507194531577 0.08320566234782902 1620000.0000001374
6.869725217441331 0.3874507194531577 0.08320566234782902 1620000.0000001374
6.869725217441331 0.3874507194531577 0.08320566234782902 1620000.0000001374
6.869725217441331 0.3874507194531577 0.08320566234782902 1620000.0000001374
6.869725217441331 0.3874507194531577 0.08320566234782902 1620000.0000001374
6.869725217441331 0.3874507194531577 0.08320566234782902 1620000.0000001374
6.869725217441331 0.3874507194531577 0.08320566234782902 1620000.0000001374
6.869725217441331 0.3874507194531577 0.08320566234782902 1620000.0000001374
6.869725217441331 0.3874507194531577 0.08320566234782902 1620000.0000001374
6.869725217441331 0.3874507194531577 0.08320566234782902 1620000.0000001374
6.869725217441331 0.3874507194531577 0.08320566234782902 1620000.0000001374
6.869725217441331 0.3874507194531577 0.08320566234782902 1620000.0000001374
6.869725217441331 0.3874507194531577 0.08320566234782902 1620000.0000001374
6.869725217441331 0.3874507194531577 0.08320566234782902 1620000.0000001374
6.869725217441331 0.3874507194531577 0.08320566234782902 1620000.0000001374
6.869725217441331 0.3874507194531577 0.08320566234782902 1620000.0000001374
6.869725217441331 0.3874507194531577 0.08320566234782902 1620000.0000001374
6.869725217441331 0.3874507194531577 0.08320566234782902 1620000.0000001374
6.869725217441331 0.3874507194531577 0.08320566234782902 1620000.0000001374
6.869725217441331 0.3874507194531577 0.08320566234782902 1620000.0000001374
6.869725217441331 0.3874507194531577 0.08320566234782902 1620000.0000001374
6.869725217441331 0.3874507194531577 0.08320566234782902 1620000.0000001374
6.869725217441331 0.3874507194531577 0.08320566234782902 1620000.0000001374
6.869725217441331 0.3874507194531577 0.08320566234782902 1620000.0000001374
6.869725217441331 0.3874507194531577 0.08320566234782902 1620000.0000001374
6.869725217441331 0.3874507194531577 0.08320566234782902 1620000.0000001374
6.869725217441331 0.3874507194531577 0.08320566234782902 1620000.0000001374
6.869725217441331 0.3874507194531577 0.08320566234782902 1620000.0000001374
6.869725217441331 0.3874507194531577 0.08320566234782902 1620000.0000001374
6.869725217441331 0.3874507194531577 0.08320566234782902 1620000.0000001374
6.869725217441331 0.3874507194531577 0.08320566234782902 1620000.0000001374
6.869725217441331 0.3874507194531577 0.08320566234782902 1620000.0000001374
6.869725217441331 0.3874507194531577 0.08320566234782902 1620000.0000001374
6.869725217441331 0.3874507194531577 0.08320566234782902 1620000.0000001374
6.869725217441331 0.3874507194531577 0.08320566234782902 1620000.0000001374
6.869725217441331 0.3874507194531577 0.08320566234782902 1620000.0000001374
6.869725217441331 0.3874507194531577 0.08320566234782902 1620000.0000001374
6.869725217441331 0.3874507194531577 0.08320566234782902 1620000.0000001374
6.869725217441331 0.3874507194531577 0.08320566234782902 1620000.0000001374
6.869725217441331 0.3874507194531577 0.08320566234782902 1620000.0000001374
6.948412910014598 0.39594357584144313 0.07153868211029818 0.0 0,1,0 coil/filament1/filament2
6.952431884837598 0.3908475696301368 0.18771346033402062 1620000.0000001374
6.873165724675587 0.3832203705286146 0.18005175771409174 1620000.0000001374
6.873165724675587 0.3832203705286146 0.18005175771409174 1620000.0000001374
6.873165724675587 0.3832203705286146 0.18005175771409174 1620000.0000001374
6.873165724675587 0.3832203705286146 0.18005175771409174 1620000.0000001374
6.873165724675587 0.3832203705286146 0.18005175771409174 1620000.0000001374
6.873165724675587 0.3832203705286146 0.18005175771409174 1620000.0000001374
6.873165724675587 0.3832203705286146 0.18005175771409174 1620000.0000001374
6.873165724675587 0.3832203705286146 0.18005175771409174 1620000.0000001374
6.873165724675587 0.3832203705286146 0.18005175771409174 1620000.0000001374
6.873165724675587 0.3832203705286146 0.18005175771409174 1620000.0000001374
6.873165724675587 0.3832203705286146 0.18005175771409174 1620000.0000001374
6.873165724675587 0.3832203705286146 0.18005175771409174 1620000.0000001374
6.873165724675587 0.3832203705286146 0.18005175771409174 1620000.0000001374
6.873165724675587 0.3832203705286146 0.18005175771409174 1620000.0000001374
6.873165724675587 0.3832203705286146 0.18005175771409174 1620000.0000001374
6.873165724675587 0.3832203705286146 0.18005175771409174 1620000.0000001374
6.873165724675587 0.3832203705286146 0.18005175771409174 1620000.0000001374
6.873165724675587 0.3832203705286146 0.18005175771409174 1620000.0000001374
6.873165724675587 0.3832203705286146 0.18005175771409174 1620000.0000001374
6.873165724675587 0.3832203705286146 0.18005175771409174 1620000.0000001374
6.873165724675587 0.3832203705286146 0.18005175771409174 1620000.0000001374
6.873165724675587 0.3832203705286146 0.18005175771409174 1620000.0000001374
6.873165724675587 0.3832203705286146 0.18005175771409174 1620000.0000001374
6.873165724675587 0.3832203705286146 0.18005175771409174 1620000.0000001374
6.873165724675587 0.3832203705286146 0.18005175771409174 1620000.0000001374
6.873165724675587 0.3832203705286146 0.18005175771409174 1620000.0000001374
6.873165724675587 0.3832203705286146 0.18005175771409174 1620000.0000001374
6.873165724675587 0.3832203705286146 0.18005175771409174 1620000.0000001374
6.873165724675587 0.3832203705286146 0.18005175771409174 1620000.0000001374
6.873165724675587 0.3832203705286146 0.18005175771409174 1620000.0000001374
6.873165724675587 0.3832203705286146 0.18005175771409174 1620000.0000001374
6.873165724675587 0.3832203705286146 0.18005175771409174 1620000.0000001374
6.873165724675587 0.3832203705286146 0.18005175771409174 1620000.0000001374
6.873165724675587 0.3832203705286146 0.18005175771409174 1620000.0000001374
6.873165724675587 0.3832203705286146 0.18005175771409174 1620000.0000001374
6.873165724675587 0.3832203705286146 0.18005175771409174 1620000.0000001374
6.873165724675587 0.3832203705286146 0.18005175771409174 1620000.0000001374
6.873165724675587 0.3832203705286146 0.18005175771409174 1620000.0000001374
6.873165724675587 0.3832203705286146 0.18005175771409174 1620000.0000001374
6.873165724675587 0.3832203705286146 0.18005175771409174 1620000.0000001374
6.873165724675587 0.3832203705286146 0.18005175771409174 1620000.0000001374
6.873165724675587 0.3832203705286146 0.18005175771409174 1620000.0000001374
6.873165724675587 0.3832203705286146 0.18005175771409174 1620000.0000001374
6.873165724675587 0.3832203705286146 0.18005175771409174 1620000.0000001374
6.873165724675587 0.3832203705286146 0.18005175771409174 1620000.0000001374
6.873165724675587 0.3832203705286146 0.18005175771409174 1620000.0000001374
6.873165724675587 0.3832203705286146 0.18005175771409174 1620000.0000001374
6.873165724675587 0.3832203705286146 0.18005175771409174 1620000.0000001374
6.873165724675587 0.3832203705286146 0.18005175771409174 1620000.0000001374
6.873165724675587 0.3832203705286146 0.18005175771409174 1620000.0000001374
6.873165724675587 0.3832203705286146 0.18005175771409174 1620000.0000001374
6.873165724675587 0.3832203705286146 0.18005175771409174 1620000.0000001374
6.873165724675587 0.3832203705286146 0.18005175771409174 1620000.0000001374
6.873165724675587 0.3832203705286146 0.18005175771409174 1620000.0000001374
6.873165724675587 0.3832203705286146 0.18005175771409174 1620000.0000001374
6.873165724675587 0.3832203705286146 0.18005175771409174 1620000.0000001374
6.873165724675587 0.3832203705286146 0.18005175771409174 1620000.0000001374
6.873165724675587 0.3832203705286146 0.18005175771409174 1620000.0000001374
6.873165724675587 0.3832203705286146 0.18005175771409174 1620000.0000001374
6.873165724675587 0.3832203705286146 0.18005175771409174 1620000.0000001374
6.873165724675587 0.3832203705286146 0.18005175771409174 1620000.0000001374
6.873165724675587 0.3832203705286146 0.18005175771409174 1620000.0000001374
6.873165724675587 0.3832203705286146 0.18005175771409174 1620000.0000001374
6.952431884837598 0.3908475696301368 0.18771346033402062 0.0 0,1,1 coil/filament1/filament2
6.638210212112564 1.3908618811227345 0.19001855979611723 1620000.0000000987
6.564428696300591 1.3641329096516632 0.17446703226387117 1620000.0000000987
6.564428696300591 1.3641329096516632 0.17446703226387117 1620000.0000000987
6.564428696300591 1.3641329096516632 0.17446703226387117 1620000.0000000987
6.564428696300591 1.3641329096516632 0.17446703226387117 1620000.0000000987
6.564428696300591 1.3641329096516632 0.17446703226387117 1620000.0000000987
6.564428696300591 1.3641329096516632 0.17446703226387117 1620000.0000000987
6.564428696300591 1.3641329096516632 0.17446703226387117 1620000.0000000987
6.564428696300591 1.3641329096516632 0.17446703226387117 1620000.0000000987
6.564428696300591 1.3641329096516632 0.17446703226387117 1620000.0000000987
6.564428696300591 1.3641329096516632 0.17446703226387117 1620000.0000000987
6.564428696300591 1.3641329096516632 0.17446703226387117 1620000.0000000987
6.564428696300591 1.3641329096516632 0.17446703226387117 1620000.0000000987
6.564428696300591 1.3641329096516632 0.17446703226387117 1620000.0000000987
6.564428696300591 1.3641329096516632 0.17446703226387117 1620000.0000000987
6.564428696300591 1.3641329096516632 0.17446703226387117 1620000.0000000987
6.564428696300591 1.3641329096516632 0.17446703226387117 1620000.0000000987
6.564428696300591 1.3641329096516632 0.17446703226387117 1620000.0000000987
6.564428696300591 1.3641329096516632 0.17446703226387117 1620000.0000000987
6.564428696300591 1.3641329096516632 0.17446703226387117 1620000.0000000987
6.564428696300591 1.3641329096516632 0.17446703226387117 1620000.0000000987
6.564428696300591 1.3641329096516632 0.17446703226387117 1620000.0000000987
6.564428696300591 1.3641329096516632 0.17446703226387117 1620000.0000000987
6.564428696300591 1.3641329096516632 0.17446703226387117 1620000.0000000987
6.564428696300591 1.3641329096516632 0.17446703226387117 1620000.0000000987
6.564428696300591 1.3641329096516632 0.17446703226387117 1620000.0000000987
6.564428696300591 1.3641329096516632 0.17446703226387117 1620000.0000000987
6.564428696300591 1.3641329096516632 0.17446703226387117 1620000.0000000987
6.564428696300591 1.3641329096516632 0.17446703226387117 1620000.0000000987
6.564428696300591 1.3641329096516632 0.17446703226387117 1620000.0000000987
6.564428696300591 1.3641329096516632 0.17446703226387117 1620000.0000000987
6.564428696300591 1.3641329096516632 0.17446703226387117 1620000.0000000987
6.564428696300591 1.3641329096516632 0.17446703226387117 1620000.0000000987
6.564428696300591 1.3641329096516632 0.17446703226387117 1620000.0000000987
6.564428696300591 1.3641329096516632 0.17446703226387117 1620000.0000000987
6.564428696300591 1.3641329096516632 0.17446703226387117 1620000.0000000987
6.564428696300591 1.3641329096516632 0.17446703226387117 1620000.0000000987
6.564428696300591 1.3641329096516632 0.17446703226387117 1620000.0000000987
6.564428696300591 1.3641329096516632 0.17446703226387117 1620000.0000000987
6.564428696300591 1.3641329096516632 0.17446703226387117 1620000.0000000987
6.564428696300591 1.3641329096516632 0.17446703226387117 1620000.0000000987
6.564428696300591 1.3641329096516632 0.17446703226387117 1620000.0000000987
6.564428696300591 1.3641329096516632 0.17446703226387117 1620000.0000000987
6.564428696300591 1.3641329096516632 0.17446703226387117 1620000.0000000987
6.564428696300591 1.3641329096516632 0.17446703226387117 1620000.0000000987
6.564428696300591 1.3641329096516632 0.17446703226387117 1620000.0000000987
6.564428696300591 1.3641329096516632 0.17446703226387117 1620000.0000000987
6.564428696300591 1.3641329096516632 0.17446703226387117 1620000.0000000987
6.564428696300591 1.3641329096516632 0.17446703226387117 1620000.0000000987
6.564428696300591 1.3641329096516632 0.17446703226387117 1620000.0000000987
6.564428696300591 1.3641329096516632 0.17446703226387117 1620000.0000000987
6.564428696300591 1.3641329096516632 0.17446703226387117 1620000.0000000987
6.564428696300591 1.3641329096516632 0.17446703226387117 1620000.0000000987
6.564428696300591 1.3641329096516632 0.17446703226387117 1620000.0000000987
6.564428696300591 1.3641329096516632 0.17446703226387117 1620000.0000000987
6.564428696300591 1.3641329096516632 0.17446703226387117 1620000.0000000987
6.564428696300591 1.3641329096516632 0.17446703226387117 1620000.0000000987
6.564428696300591 1.3641329096516632 0.17446703226387117 1620000.0000000987
6.564428696300591 1.3641329096516632 0.17446703226387117 1620000.0000000987
6.564428696300591 1.3641329096516632 0.17446703226387117 1620000.0000000987
6.564428696300591 1.3641329096516632 0.17446703226387117 1620000.0000000987
6.564428696300591 1.3641329096516632 0.17446703226387117 1620000.0000000987
6.564428696300591 1.3641329096516632 0.17446703226387117 1620000.0000000987
6.564428696300591 1.3641329096516632 0.17446703226387117 1620000.0000000987
6.638210212112564 1.3908618811227345 0.19001855979611723 0.0 1,0,0 coil/filament1/filament2
6.626782796513638 1.3632268348227154 0.30527262981985404 1620000.0000000987
6.5528545796795825 1.3351924223910143 0.2930787594192688 1620000.0000000987
6.5528545796795825 1.3351924223910143 0.2930787594192688 1620000.0000000987
6.5528545796795825 1.3351924223910143 0.2930787594192688 1620000.0000000987
6.5528545796795825 1.3351924223910143 0.2930787594192688 1620000.0000000987
6.5528545796795825 1.3351924223910143 0.2930787594192688 1620000.0000000987
6.5528545796795825 1.3351924223910143 0.2930787594192688 1620000.0000000987
6.5528545796795825 1.3351924223910143 0.2930787594192688 1620000.0000000987
6.5528545796795825 1.3351924223910143 0.2930787594192688 1620000.0000000987
6.5528545796795825 1.3351924223910143 0.2930787594192688 1620000.0000000987
6.5528545796795825 1.3351924223910143 0.2930787594192688 1620000.0000000987
6.5528545796795825 1.3351924223910143 0.2930787594192688 1620000.0000000987
6.5528545796795825 1.3351924223910143 0.2930787594192688 1620000.0000000987
6.5528545796795825 1.3351924223910143 0.2930787594192688 1620000.0000000987
6.5528545796795825 1.3351924223910143 0.2930787594192688 1620000.0000000987
6.5528545796795825 1.3351924223910143 0.2930787594192688 1620000.0000000987
6.5528545796795825 1.3351924223910143 0.2930787594192688 1620000.0000000987
6.5528545796795825 1.3351924223910143 0.2930787594192688 1620000.0000000987
6.5528545796795825 1.3351924223910143 0.2930787594192688 1620000.0000000987
6.5528545796795825 1.3351924223910143 0.2930787594192688 1620000.0000000987
6.5528545796795825 1.3351924223910143 0.2930787594192688 1620000.0000000987
6.5528545796795825 1.3351924223910143 0.2930787594192688 1620000.0000000987
6.5528545796795825 1.3351924223910143 0.2930787594192688 1620000.0000000987
6.5528545796795825 1.3351924223910143 0.2930787594192688 1620000.0000000987
6.5528545796795825 1.3351924223910143 0.2930787594192688 1620000.0000000987
6.5528545796795825 1.3351924223910143 0.2930787594192688 1620000.0000000987
6.5528545796795825 1.3351924223910143 0.2930787594192688 1620000.0000000987
6.5528545796795825 1.3351924223910143 0.2930787594192688 1620000.0000000987
6.5528545796795825 1.3351924223910143 0.2930787594192688 1620000.0000000987
6.5528545796795825 1.3351924223910143 0.2930787594192688 1620000.0000000987
6.5528545796795825 1.3351924223910143 0.2930787594192688 1620000.0000000987
6.5528545796795825 1.3351924223910143 0.2930787594192688 1620000.0000000987
6.5528545796795825 1.3351924223910143 0.2930787594192688 1620000.0000000987
6.5528545796795825 1.3351924223910143 0.2930787594192688 1620000.0000000987
6.5528545796795825 1.3351924223910143 0.2930787594192688 1620000.0000000987
6.5528545796795825 1.3351924223910143 0.2930787594192688 1620000.0000000987
6.5528545796795825 1.3351924223910143 0.2930787594192688 1620000.0000000987
6.5528545796795825 1.3351924223910143 0.2930787594192688 1620000.0000000987
6.5528545796795825 1.3351924223910143 0.2930787594192688 1620000.0000000987
6.5528545796795825 1.3351924223910143 0.2930787594192688 1620000.0000000987
6.5528545796795825 1.3351924223910143 0.2930787594192688 1620000.0000000987
6.5528545796795825 1.3351924223910143 0.2930787594192688 1620000.0000000987
6.5528545796795825 1.3351924223910143 0.2930787594192688 1620000.0000000987
6.5528545796795825 1.3351924223910143 0.2930787594192688 1620000.0000000987
6.5528545796795825 1.3351924223910143 0.2930787594192688 1620000.0000000987
6.5528545796795825 1.3351924223910143 0.2930787594192688 1620000.0000000987
6.5528545796795825 1.3351924223910143 0.2930787594192688 1620000.0000000987
6.5528545796795825 1.3351924223910143 0.2930787594192688 1620000.0000000987
6.5528545796795825 1.3351924223910143 0.2930787594192688 1620000.0000000987
6.5528545796795825 1.3351924223910143 0.2930787594192688 1620000.0000000987
6.5528545796795825 1.3351924223910143 0.2930787594192688 1620000.0000000987
6.5528545796795825 1.3351924223910143 0.2930787594192688 1620000.0000000987
6.5528545796795825 1.3351924223910143 0.2930787594192688 1620000.0000000987
6.5528545796795825 1.3351924223910143 0.2930787594192688 1620000.0000000987
6.5528545796795825 1.3351924223910143 0.2930787594192688 1620000.0000000987
6.5528545796795825 1.3351924223910143 0.2930787594192688 1620000.0000000987
6.5528545796795825 1.3351924223910143 0.2930787594192688 1620000.0000000987
6.5528545796795825 1.3351924223910143 0.2930787594192688 1620000.0000000987
6.5528545796795825 1.3351924223910143 0.2930787594192688 1620000.0000000987
6.5528545796795825 1.3351924223910143 0.2930787594192688 1620000.0000000987
6.5528545796795825 1.3351924223910143 0.2930787594192688 1620000.0000000987
6.5528545796795825 1.3351924223910143 0.2930787594192688 1620000.0000000987
6.5528545796795825 1.3351924223910143 0.2930787594192688 1620000.0000000987
6.5528545796795825 1.3351924223910143 0.2930787594192688 1620000.0000000987
6.626782796513638 1.3632268348227154 0.30527262981985404 0.0 1,0,1 coil/filament1/filament2
6.667908856008734 1.318403287910397 0.17365571100938298 1620000.0000000987
6.594127340196761 1.2916743164393258 0.15810418347713692 1620000.0000000987
6.594127340196761 1.2916743164393258 0.15810418347713692 1620000.0000000987
6.594127340196761 1.2916743164393258 0.15810418347713692 1620000.0000000987
6.594127340196761 1.2916743164393258 0.15810418347713692 1620000.0000000987
6.594127340196761 1.2916743164393258 0.15810418347713692 1620000.0000000987
6.594127340196761 1.2916743164393258 0.15810418347713692 1620000.0000000987
6.594127340196761 1.2916743164393258 0.15810418347713692 1620000.0000000987
6.594127340196761 1.2916743164393258 0.15810418347713692 1620000.0000000987
6.594127340196761 1.2916743164393258 0.15810418347713692 1620000.0000000987
6.594127340196761 1.2916743164393258 0.15810418347713692 1620000.0000000987
6.594127340196761 1.2916743164393258 0.15810418347713692 1620000.0000000987
6.594127340196761 1.2916743164393258 0.15810418347713692 1620000.0000000987
6.594127340196761 1.2916743164393258 0.15810418347713692 1620000.0000000987
6.594127340196761 1.2916743164393258 0.15810418347713692 1620000.0000000987
6.594127340196761 1.2916743164393258 0.15810418347713692 1620000.0000000987
6.594127340196761 1.2916743164393258 0.15810418347713692 1620000.0000000987
6.594127340196761 1.2916743164393258 0.15810418347713692 1620000.0000000987
6.594127340196761 1.2916743164393258 0.15810418347713692 1620000.0000000987
6.594127340196761 1.2916743164393258 0.15810418347713692 1620000.0000000987
6.594127340196761 1.2916743164393258 0.15810418347713692 1620000.0000000987
6.594127340196761 1.2916743164393258 0.15810418347713692 1620000.0000000987
6.594127340196761 1.2916743164393258 0.15810418347713692 1620000.0000000987
6.594127340196761 1.2916743164393258 0.15810418347713692 1620000.0000000987
6.594127340196761 1.2916743164393258 0.15810418347713692 1620000.0000000987
6.594127340196761 1.2916743164393258 0.15810418347713692 1620000.0000000987
6.594127340196761 1.2916743164393258 0.15810418347713692 1620000.0000000987
6.594127340196761 1.2916743164393258 0.15810418347713692 1620000.0000000987
6.594127340196761 1.2916743164393258 0.15810418347713692 1620000.0000000987
6.594127340196761 1.2916743164393258 0.15810418347713692 1620000.0000000987
6.594127340196761 1.2916743164393258 0.15810418347713692 1620000.0000000987
6.594127340196761 1.2916743164393258 0.15810418347713692 1620000.0000000987
6.594127340196761 1.2916743164393258 0.15810418347713692 1620000.0000000987
6.594127340196761 1.2916743164393258 0.15810418347713692 1620000.0000000987
6.594127340196761 1.2916743164393258 0.15810418347713692 1620000.0000000987
6.594127340196761 1.2916743164393258 0.15810418347713692 1620000.0000000987
6.594127340196761 1.2916743164393258 0.15810418347713692 1620000.0000000987
6.594127340196761 1.2916743164393258 0.15810418347713692 1620000.0000000987
6.594127340196761 1.2916743164393258 0.15810418347713692 1620000.0000000987
6.594127340196761 1.2916743164393258 0.15810418347713692 1620000.0000000987
6.594127340196761 1.2916743164393258 0.15810418347713692 1620000.0000000987
6.594127340196761 1.2916743164393258 0.15810418347713692 1620000.0000000987
6.594127340196761 1.2916743164393258 0.15810418347713692 1620000.0000000987
6.594127340196761 1.2916743164393258 0.15810418347713692 1620000.0000000987
6.594127340196761 1.2916743164393258 0.15810418347713692 1620000.0000000987
6.594127340196761 1.2916743164393258 0.15810418347713692 1620000.0000000987
6.594127340196761 1.2916743164393258 0.15810418347713692 1620000.0000000987
6.594127340196761 1.2916743164393258 0.15810418347713692 1620000.0000000987
6.594127340196761 1.2916743164393258 0.15810418347713692 1620000.0000000987
6.594127340196761 1.2916743164393258 0.15810418347713692 1620000.0000000987
6.594127340196761 1.2916743164393258 0.15810418347713692 1620000.0000000987
6.594127340196761 1.2916743164393258 0.15810418347713692 1620000.0000000987
6.594127340196761 1.2916743164393258 0.15810418347713692 1620000.0000000987
6.594127340196761 1.2916743164393258 0.15810418347713692 1620000.0000000987
6.594127340196761 1.2916743164393258 0.15810418347713692 1620000.0000000987
6.594127340196761 1.2916743164393258 0.15810418347713692 1620000.0000000987
6.594127340196761 1.2916743164393258 0.15810418347713692 1620000.0000000987
6.594127340196761 1.2916743164393258 0.15810418347713692 1620000.0000000987
6.594127340196761 1.2916743164393258 0.15810418347713692 1620000.0000000987
6.594127340196761 1.2916743164393258 0.15810418347713692 1620000.0000000987
6.594127340196761 1.2916743164393258 0.15810418347713692 1620000.0000000987
6.594127340196761 1.2916743164393258 0.15810418347713692 1620000.0000000987
6.594127340196761 1.2916743164393258 0.15810418347713692 1620000.0000000987
6.594127340196761 1.2916743164393258 0.15810418347713692 1620000.0000000987
6.667908856008734 1.318403287910397 0.17365571100938298 0.0 1,1,0 coil/filament1/filament2
6.656629859983145 1.2901349604310401 0.2923602055641708 1620000.0000000987
6.58270164314909 1.262100547999339 0.2801663351635856 1620000.0000000987
6.58270164314909 1.262100547999339 0.2801663351635856 1620000.0000000987
6.58270164314909 1.262100547999339 0.2801663351635856 1620000.0000000987
6.58270164314909 1.262100547999339 0.2801663351635856 1620000.0000000987
6.58270164314909 1.262100547999339 0.2801663351635856 1620000.0000000987
6.58270164314909 1.262100547999339 0.2801663351635856 1620000.0000000987
6.58270164314909 1.262100547999339 0.2801663351635856 1620000.0000000987
6.58270164314909 1.262100547999339 0.2801663351635856 1620000.0000000987
6.58270164314909 1.262100547999339 0.2801663351635856 1620000.0000000987
6.58270164314909 1.262100547999339 0.2801663351635856 1620000.0000000987
6.58270164314909 1.262100547999339 0.2801663351635856 1620000.0000000987
6.58270164314909 1.262100547999339 0.2801663351635856 1620000.0000000987
6.58270164314909 1.262100547999339 0.2801663351635856 1620000.0000000987
6.58270164314909 1.262100547999339 0.2801663351635856 1620000.0000000987
6.58270164314909 1.262100547999339 0.2801663351635856 1620000.0000000987
6.58270164314909 1.262100547999339 0.2801663351635856 1620000.0000000987
6.58270164314909 1.262100547999339 0.2801663351635856 1620000.0000000987
6.58270164314909 1.262100547999339 0.2801663351635856 1620000.0000000987
6.58270164314909 1.262100547999339 0.2801663351635856 1620000.0000000987
6.58270164314909 1.262100547999339 0.2801663351635856 1620000.0000000987
6.58270164314909 1.262100547999339 0.2801663351635856 1620000.0000000987
6.58270164314909 1.262100547999339 0.2801663351635856 1620000.0000000987
6.58270164314909 1.262100547999339 0.2801663351635856 1620000.0000000987
6.58270164314909 1.262100547999339 0.2801663351635856 1620000.0000000987
6.58270164314909 1.262100547999339 0.2801663351635856 1620000.0000000987
6.58270164314909 1.262100547999339 0.2801663351635856 1620000.0000000987
6.58270164314909 1.262100547999339 0.2801663351635856 1620000.0000000987
6.58270164314909 1.262100547999339 0.2801663351635856 1620000.0000000987
6.58270164314909 1.262100547999339 0.2801663351635856 1620000.0000000987
6.58270164314909 1.262100547999339 0.2801663351635856 1620000.0000000987
6.58270164314909 1.262100547999339 0.2801663351635856 1620000.0000000987
6.58270164314909 1.262100547999339 0.2801663351635856 1620000.0000000987
6.58270164314909 1.262100547999339 0.2801663351635856 1620000.0000000987
6.58270164314909 1.262100547999339 0.2801663351635856 1620000.0000000987
6.58270164314909 1.262100547999339 0.2801663351635856 1620000.0000000987
6.58270164314909 1.262100547999339 0.2801663351635856 1620000.0000000987
6.58270164314909 1.262100547999339 0.2801663351635856 1620000.0000000987
6.58270164314909 1.262100547999339 0.2801663351635856 1620000.0000000987
6.58270164314909 1.262100547999339 0.2801663351635856 1620000.0000000987
6.58270164314909 1.262100547999339 0.2801663351635856 1620000.0000000987
6.58270164314909 1.262100547999339 0.2801663351635856 1620000.0000000987
6.58270164314909 1.262100547999339 0.2801663351635856 1620000.0000000987
6.58270164314909 1.262100547999339 0.2801663351635856 1620000.0000000987
6.58270164314909 1.262100547999339 0.2801663351635856 1620000.0000000987
6.58270164314909 1.262100547999339 0.2801663351635856 1620000.0000000987
6.58270164314909 1.262100547999339 0.2801663351635856 1620000.0000000987
6.58270164314909 1.262100547999339 0.2801663351635856 1620000.0000000987
6.58270164314909 1.262100547999339 0.2801663351635856 1620000.0000000987
6.58270164314909 1.262100547999339 0.2801663351635856 1620000.0000000987
6.58270164314909 1.262100547999339 0.2801663351635856 1620000.0000000987
6.58270164314909 1.262100547999339 0.2801663351635856 1620000.0000000987
6.58270164314909 1.262100547999339 0.2801663351635856 1620000.0000000987
6.58270164314909 1.262100547999339 0.2801663351635856 1620000.0000000987
6.58270164314909 1.262100547999339 0.2801663351635856 1620000.0000000987
6.58270164314909 1.262100547999339 0.2801663351635856 1620000.0000000987
6.58270164314909 1.262100547999339 0.2801663351635856 1620000.0000000987
6.58270164314909 1.262100547999339 0.2801663351635856 1620000.0000000987
6.58270164314909 1.262100547999339 0.2801663351635856 1620000.0000000987
6.58270164314909 1.262100547999339 0.2801663351635856 1620000.0000000987
6.58270164314909 1.262100547999339 0.2801663351635856 1620000.0000000987
6.58270164314909 1.262100547999339 0.2801663351635856 1620000.0000000987
6.58270164314909 1.262100547999339 0.2801663351635856 1620000.0000000987
6.58270164314909 1.262100547999339 0.2801663351635856 1620000.0000000987
6.656629859983145 1.2901349604310401 0.2923602055641708 0.0 1,1,1 coil/filament1/filament2
6.308643826733561 2.2907800903710953 0.2894620229098741 1619999.9999999981
6.24632247559123 2.242816891560075 0.27477935450086705 1619999.9999999981
6.24632247559123 2.242816891560075 0.27477935450086705 1619999.9999999981
6.24632247559123 2.242816891560075 0.27477935450086705 1619999.9999999981
6.24632247559123 2.242816891560075 0.27477935450086705 1619999.9999999981
6.24632247559123 2.242816891560075 0.27477935450086705 1619999.9999999981
6.24632247559123 2.242816891560075 0.27477935450086705 1619999.9999999981
6.24632247559123 2.242816891560075 0.27477935450086705 1619999.9999999981
6.24632247559123 2.242816891560075 0.27477935450086705 1619999.9999999981
6.24632247559123 2.242816891560075 0.27477935450086705 1619999.9999999981
6.24632247559123 2.242816891560075 0.27477935450086705 1619999.9999999981
6.24632247559123 2.242816891560075 0.27477935450086705 1619999.9999999981
6.24632247559123 2.242816891560075 0.27477935450086705 1619999.9999999981
6.24632247559123 2.242816891560075 0.27477935450086705 1619999.9999999981
6.24632247559123 2.242816891560075 0.27477935450086705 1619999.9999999981
6.24632247559123 2.242816891560075 0.27477935450086705 1619999.9999999981
6.24632247559123 2.242816891560075 0.27477935450086705 1619999.9999999981
6.24632247559123 2.242816891560075 0.27477935450086705 1619999.9999999981
6.24632247559123 2.242816891560075 0.27477935450086705 1619999.9999999981
6.24632247559123 2.242816891560075 0.27477935450086705 1619999.9999999981
6.24632247559123 2.242816891560075 0.27477935450086705 1619999.9999999981
6.24632247559123 2.242816891560075 0.27477935450086705 1619999.9999999981
6.24632247559123 2.242816891560075 0.27477935450086705 1619999.9999999981
6.24632247559123 2.242816891560075 0.27477935450086705 1619999.9999999981
6.24632247559123 2.242816891560075 0.27477935450086705 1619999.9999999981
6.24632247559123 2.242816891560075 0.27477935450086705 1619999.9999999981
6.24632247559123 2.242816891560075 0.27477935450086705 1619999.9999999981
6.24632247559123 2.242816891560075 0.27477935450086705 1619999.9999999981
6.24632247559123 2.242816891560075 0.27477935450086705 1619999.9999999981
6.24632247559123 2.242816891560075 0.27477935450086705 1619999.9999999981
6.24632247559123 2.242816891560075 0.27477935450086705 1619999.9999999981
6.24632247559123 2.242816891560075 0.27477935450086705 1619999.9999999981
6.24632247559123 2.242816891560075 0.27477935450086705 1619999.9999999981
6.24632247559123 2.242816891560075 0.27477935450086705 1619999.9999999981
6.24632247559123 2.242816891560075 0.27477935450086705 1619999.9999999981
6.24632247559123 2.242816891560075 0.27477935450086705 1619999.9999999981
6.24632247559123 2.242816891560075 0.27477935450086705 1619999.9999999981
6.24632247559123 2.242816891560075 0.27477935450086705 1619999.9999999981
6.24632247559123 2.242816891560075 0.27477935450086705 1619999.9999999981
6.24632247559123 2.242816891560075 0.27477935450086705 1619999.9999999981
6.24632247559123 2.242816891560075 0.27477935450086705 1619999.9999999981
6.24632247559123 2.242816891560075 0.27477935450086705 1619999.9999999981
6.24632247559123 2.242816891560075 0.27477935450086705 1619999.9999999981
6.24632247559123 2.242816891560075 0.27477935450086705 1619999.9999999981
6.24632247559123 2.242816891560075 0.27477935450086705 1619999.9999999981
6.24632247559123 2.242816891560075 0.27477935450086705 1619999.9999999981
6.24632247559123 2.242816891560075 0.27477935450086705 1619999.9999999981
6.24632247559123 2.242816891560075 0.27477935450086705 1619999.9999999981
6.24632247559123 2.242816891560075 0.27477935450086705 1619999.9999999981
6.24632247559123 2.242816891560075 0.27477935450086705 1619999.9999999981
6.24632247559123 2.242816891560075 0.27477935450086705 1619999.9999999981
6.24632247559123 2.242816891560075 0.27477935450086705 1619999.9999999981
6.24632247559123 2.242816891560075 0.27477935450086705 1619999.9999999981
6.24632247559123 2.242816891560075 0.27477935450086705 1619999.9999999981
6.24632247559123 2.242816891560075 0.27477935450086705 1619999.9999999981
6.24632247559123 2.242816891560075 0.27477935450086705 1619999.9999999981
6.24632247559123 2.242816891560075 0.27477935450086705 1619999.9999999981
6.24632247559123 2.242816891560075 0.27477935450086705 1619999.9999999981
6.24632247559123 2.242816891560075 0.27477935450086705 1619999.9999999981
6.24632247559123 2.242816891560075 0.27477935450086705 1619999.9999999981
6.24632247559123 2.242816891560075 0.27477935450086705 1619999.9999999981
6.24632247559123 2.242816891560075 0.27477935450086705 1619999.9999999981
6.24632247559123 2.242816891560075 0.27477935450086705 1619999.9999999981
6.24632247559123 2.242816891560075 0.27477935450086705 1619999.9999999981
6.308643826733561 2.2907800903710953 0.2894620229098741 0.0 2,0,0 coil/filament1/filament2
6.268705668089823 2.2991831374721805 0.39503512564494064 1619999.9999999981
6.209162861314384 2.2526396101732447 0.3687986200110737 1619999.9999999981
6.209162861314384 2.2526396101732447 0.3687986200110737 1619999.9999999981
6.209162861314384 2.2526396101732447 0.3687986200110737 1619999.9999999981
6.209162861314384 2.2526396101732447 0.3687986200110737 1619999.9999999981
6.209162861314384 2.2526396101732447 0.3687986200110737 1619999.9999999981
6.209162861314384 2.2526396101732447 0.3687986200110737 1619999.9999999981
6.209162861314384 2.2526396101732447 0.3687986200110737 1619999.9999999981
6.209162861314384 2.2526396101732447 0.3687986200110737 1619999.9999999981
6.209162861314384 2.2526396101732447 0.3687986200110737 1619999.9999999981
6.209162861314384 2.2526396101732447 0.3687986200110737 1619999.9999999981
6.209162861314384 2.2526396101732447 0.3687986200110737 1619999.9999999981
6.209162861314384 2.2526396101732447 0.3687986200110737 1619999.9999999981
6.209162861314384 2.2526396101732447 0.3687986200110737 1619999.9999999981
6.209162861314384 2.2526396101732447 0.3687986200110737 1619999.9999999981
6.209162861314384 2.2526396101732447 0.3687986200110737 1619999.9999999981
6.209162861314384 2.2526396101732447 0.3687986200110737 1619999.9999999981
6.209162861314384 2.2526396101732447 0.3687986200110737 1619999.9999999981
6.209162861314384 2.2526396101732447 0.3687986200110737 1619999.9999999981
6.209162861314384 2.2526396101732447 0.3687986200110737 1619999.9999999981
6.209162861314384 2.2526396101732447 0.3687986200110737 1619999.9999999981
6.209162861314384 2.2526396101732447 0.3687986200110737 1619999.9999999981
6.209162861314384 2.2526396101732447 0.3687986200110737 1619999.9999999981
6.209162861314384 2.2526396101732447 0.3687986200110737 1619999.9999999981
6.209162861314384 2.2526396101732447 0.3687986200110737 1619999.9999999981
6.209162861314384 2.2526396101732447 0.3687986200110737 1619999.9999999981
6.209162861314384 2.2526396101732447 0.3687986200110737 1619999.9999999981
6.209162861314384 2.2526396101732447 0.3687986200110737 1619999.9999999981
6.209162861314384 2.2526396101732447 0.3687986200110737 1619999.9999999981
6.209162861314384 2.2526396101732447 0.3687986200110737 1619999.9999999981
6.209162861314384 2.2526396101732447 0.3687986200110737 1619999.9999999981
6.209162861314384 2.2526396101732447 0.3687986200110737 1619999.9999999981
6.209162861314384 2.2526396101732447 0.3687986200110737 1619999.9999999981
6.209162861314384 2.2526396101732447 0.3687986200110737 1619999.9999999981
6.209162861314384 2.2526396101732447 0.3687986200110737 1619999.9999999981
6.209162861314384 2.2526396101732447 0.3687986200110737 1619999.9999999981
6.209162861314384 2.2526396101732447 0.3687986200110737 1619999.9999999981
6.209162861314384 2.2526396101732447 0.3687986200110737 1619999.9999999981
6.209162861314384 2.2526396101732447 0.3687986200110737 1619999.9999999981
6.209162861314384 2.2526396101732447 0.3687986200110737 1619999.9999999981
6.209162861314384 2.2526396101732447 0.3687986200110737 1619999.9999999981
6.209162861314384 2.2526396101732447 0.3687986200110737 1619999.9999999981
6.209162861314384 2.2526396101732447 0.3687986200110737 1619999.9999999981
6.209162861314384 2.2526396101732447 0.3687986200110737 1619999.9999999981
6.209162861314384 2.2526396101732447 0.3687986200110737 1619999.9999999981
6.209162861314384 2.2526396101732447 0.3687986200110737 1619999.9999999981
6.209162861314384 2.2526396101732447 0.3687986200110737 1619999.9999999981
6.209162861314384 2.2526396101732447 0.3687986200110737 1619999.9999999981
6.209162861314384 2.2526396101732447 0.3687986200110737 1619999.9999999981
6.209162861314384 2.2526396101732447 0.3687986200110737 1619999.9999999981
6.209162861314384 2.2526396101732447 0.3687986200110737 1619999.9999999981
6.209162861314384 2.2526396101732447 0.3687986200110737 1619999.9999999981
6.209162861314384 2.2526396101732447 0.3687986200110737 1619999.9999999981
6.209162861314384 2.2526396101732447 0.3687986200110737 1619999.9999999981
6.209162861314384 2.2526396101732447 0.3687986200110737 1619999.9999999981
6.209162861314384 2.2526396101732447 0.3687986200110737 1619999.9999999981
6.209162861314384 2.2526396101732447 0.3687986200110737 1619999.9999999981
6.209162861314384 2.2526396101732447 0.3687986200110737 1619999.9999999981
6.209162861314384 2.2526396101732447 0.3687986200110737 1619999.9999999981
6.209162861314384 2.2526396101732447 0.3687986200110737 1619999.9999999981
6.209162861314384 2.2526396101732447 0.3687986200110737 1619999.9999999981
6.209162861314384 2.2526396101732447 0.3687986200110737 1619999.9999999981
6.209162861314384 2.2526396101732447 0.3687986200110737 1619999.9999999981
6.209162861314384 2.2526396101732447 0.3687986200110737 1619999.9999999981
6.268705668089823 2.2991831374721805 0.39503512564494064 0.0 2,0,1 coil/filament1/filament2
6.350139212062883 2.228326136771418 0.31734816061555876 1619999.9999999981
6.287817860920552 2.180362937960398 0.3026654922065517 1619999.9999999981
6.287817860920552 2.180362937960398 0.3026654922065517 1619999.9999999981
6.287817860920552 2.180362937960398 0.3026654922065517 1619999.9999999981
6.287817860920552 2.180362937960398 0.3026654922065517 1619999.9999999981
6.287817860920552 2.180362937960398 0.3026654922065517 1619999.9999999981
6.287817860920552 2.180362937960398 0.3026654922065517 1619999.9999999981
6.287817860920552 2.180362937960398 0.3026654922065517 1619999.9999999981
6.287817860920552 2.180362937960398 0.3026654922065517 1619999.9999999981
6.287817860920552 2.180362937960398 0.3026654922065517 1619999.9999999981
6.287817860920552 2.180362937960398 0.3026654922065517 1619999.9999999981
6.287817860920552 2.180362937960398 0.3026654922065517 1619999.9999999981
6.287817860920552 2.180362937960398 0.3026654922065517 1619999.9999999981
6.287817860920552 2.180362937960398 0.3026654922065517 1619999.9999999981
6.287817860920552 2.180362937960398 0.3026654922065517 1619999.9999999981
6.287817860920552 2.180362937960398 0.3026654922065517 1619999.9999999981
6.287817860920552 2.180362937960398 0.3026654922065517 1619999.9999999981
6.287817860920552 2.180362937960398 0.3026654922065517 1619999.9999999981
6.287817860920552 2.180362937960398 0.3026654922065517 1619999.9999999981
6.287817860920552 2.180362937960398 0.3026654922065517 1619999.9999999981
6.287817860920552 2.180362937960398 0.3026654922065517 1619999.9999999981
6.287817860920552 2.180362937960398 0.3026654922065517 1619999.9999999981
6.287817860920552 2.180362937960398 0.3026654922065517 1619999.9999999981
6.287817860920552 2.180362937960398 0.3026654922065517 1619999.9999999981
6.287817860920552 2.180362937960398 0.3026654922065517 1619999.9999999981
6.287817860920552 2.180362937960398 0.3026654922065517 1619999.9999999981
6.287817860920552 2.180362937960398 0.3026654922065517 1619999.9999999981
6.287817860920552 2.180362937960398 0.3026654922065517 1619999.9999999981
6.287817860920552 2.180362937960398 0.3026654922065517 1619999.9999999981
6.287817860920552 2.180362937960398 0.3026654922065517 1619999.9999999981
6.287817860920552 2.180362937960398 0.3026654922065517 1619999.9999999981
6.287817860920552 2.180362937960398 0.3026654922065517 1619999.9999999981
6.287817860920552 2.180362937960398 0.3026654922065517 1619999.9999999981
6.287817860920552 2.180362937960398 0.3026654922065517 1619999.9999999981
6.287817860920552 2.180362937960398 0.3026654922065517 1619999.9999999981
6.287817860920552 2.180362937960398 0.3026654922065517 1619999.9999999981
6.287817860920552 2.180362937960398 0.3026654922065517 1619999.9999999981
6.287817860920552 2.180362937960398 0.3026654922065517 1619999.9999999981
6.287817860920552 2.180362937960398 0.3026654922065517 1619999.9999999981
6.287817860920552 2.180362937960398 0.3026654922065517 1619999.9999999981
6.287817860920552 2.180362937960398 0.3026654922065517 1619999.9999999981
6.287817860920552 2.180362937960398 0.3026654922065517 1619999.9999999981
6.287817860920552 2.180362937960398 0.3026654922065517 1619999.9999999981
6.287817860920552 2.180362937960398 0.3026654922065517 1619999.9999999981
6.287817860920552 2.180362937960398 0.3026654922065517 1619999.9999999981
6.287817860920552 2.180362937960398 0.3026654922065517 1619999.9999999981
6.287817860920552 2.180362937960398 0.3026654922065517 1619999.9999999981
6.287817860920552 2.180362937960398 0.3026654922065517 1619999.9999999981
6.287817860920552 2.180362937960398 0.3026654922065517 1619999.9999999981
6.287817860920552 2.180362937960398 0.3026654922065517 1619999.9999999981
6.287817860920552 2.180362937960398 0.3026654922065517 1619999.9999999981
6.287817860920552 2.180362937960398 0.3026654922065517 1619999.9999999981
6.287817860920552 2.180362937960398 0.3026654922065517 1619999.9999999981
6.287817860920552 2.180362937960398 0.3026654922065517 1619999.9999999981
6.287817860920552 2.180362937960398 0.3026654922065517 1619999.9999999981
6.287817860920552 2.180362937960398 0.3026654922065517 1619999.9999999981
6.287817860920552 2.180362937960398 0.3026654922065517 1619999.9999999981
6.287817860920552 2.180362937960398 0.3026654922065517 1619999.9999999981
6.287817860920552 2.180362937960398 0.3026654922065517 1619999.9999999981
6.287817860920552 2.180362937960398 0.3026654922065517 1619999.9999999981
6.287817860920552 2.180362937960398 0.3026654922065517 1619999.9999999981
6.287817860920552 2.180362937960398 0.3026654922065517 1619999.9999999981
6.287817860920552 2.180362937960398 0.3026654922065517 1619999.9999999981
6.287817860920552 2.180362937960398 0.3026654922065517 1619999.9999999981
6.350139212062883 2.228326136771418 0.31734816061555876 0.0 2,1,0 coil/filament1/filament2
6.312695096092808 2.234181095987764 0.41051623758266703 1619999.9999999981
6.253152289317369 2.187637568688828 0.3842797319488001 1619999.9999999981
6.253152289317369 2.187637568688828 0.3842797319488001 1619999.9999999981
6.253152289317369 2.187637568688828 0.3842797319488001 1619999.9999999981
6.253152289317369 2.187637568688828 0.3842797319488001 1619999.9999999981
6.253152289317369 2.187637568688828 0.3842797319488001 1619999.9999999981
6.253152289317369 2.187637568688828 0.3842797319488001 1619999.9999999981
6.253152289317369 2.187637568688828 0.3842797319488001 1619999.9999999981
6.253152289317369 2.187637568688828 0.3842797319488001 1619999.9999999981
6.253152289317369 2.187637568688828 0.3842797319488001 1619999.9999999981
6.253152289317369 2.187637568688828 0.3842797319488001 1619999.9999999981
6.253152289317369 2.187637568688828 0.3842797319488001 1619999.9999999981
6.253152289317369 2.187637568688828 0.3842797319488001 1619999.9999999981
6.253152289317369 2.187637568688828 0.3842797319488001 1619999.9999999981
6.253152289317369 2.187637568688828 0.3842797319488001 1619999.9999999981
6.253152289317369 2.187637568688828 0.3842797319488001 1619999.9999999981
6.253152289317369 2.187637568688828 0.3842797319488001 1619999.9999999981
6.253152289317369 2.187637568688828 0.3842797319488001 1619999.9999999981
6.253152289317369 2.187637568688828 0.3842797319488001 1619999.9999999981
6.253152289317369 2.187637568688828 0.3842797319488001 1619999.9999999981
6.253152289317369 2.187637568688828 0.3842797319488001 1619999.9999999981
6.253152289317369 2.187637568688828 0.3842797319488001 1619999.9999999981
6.253152289317369 2.187637568688828 0.3842797319488001 1619999.9999999981
6.253152289317369 2.187637568688828 0.3842797319488001 1619999.9999999981
6.253152289317369 2.187637568688828 0.3842797319488001 1619999.9999999981
6.253152289317369 2.187637568688828 0.3842797319488001 1619999.9999999981
6.253152289317369 2.187637568688828 0.3842797319488001 1619999.9999999981
6.253152289317369 2.187637568688828 0.3842797319488001 1619999.9999999981
6.253152289317369 2.187637568688828 0.3842797319488001 1619999.9999999981
6.253152289317369 2.187637568688828 0.3842797319488001 1619999.9999999981
6.253152289317369 2.187637568688828 0.3842797319488001 1619999.9999999981
6.253152289317369 2.187637568688828 0.3842797319488001 1619999.9999999981
6.253152289317369 2.187637568688828 0.3842797319488001 1619999.9999999981
6.253152289317369 2.187637568688828 0.3842797319488001 1619999.9999999981
6.253152289317369 2.187637568688828 0.3842797319488001 1619999.9999999981
6.253152289317369 2.187637568688828 0.3842797319488001 1619999.9999999981
6.253152289317369 2.187637568688828 0.3842797319488001 1619999.9999999981
6.253152289317369 2.187637568688828 0.3842797319488001 1619999.9999999981
6.253152289317369 2.187637568688828 0.3842797319488001 1619999.9999999981
6.253152289317369 2.187637568688828 0.3842797319488001 1619999.9999999981
6.253152289317369 2.187637568688828 0.3842797319488001 1619999.9999999981
6.253152289317369 2.187637568688828 0.3842797319488001 1619999.9999999981
6.253152289317369 2.187637568688828 0.3842797319488001 1619999.9999999981
6.253152289317369 2.187637568688828 0.3842797319488001 1619999.9999999981
6.253152289317369 2.187637568688828 0.3842797319488001 1619999.9999999981
6.253152289317369 2.187637568688828 0.3842797319488001 1619999.9999999981
6.253152289317369 2.187637568688828 0.3842797319488001 1619999.9999999981
6.253152289317369 2.187637568688828 0.3842797319488001 1619999.9999999981
6.253152289317369 2.187637568688828 0.3842797319488001 1619999.9999999981
6.253152289317369 2.187637568688828 0.3842797319488001 1619999.9999999981
6.253152289317369 2.187637568688828 0.3842797319488001 1619999.9999999981
6.253152289317369 2.187637568688828 0.3842797319488001 1619999.9999999981
6.253152289317369 2.187637568688828 0.3842797319488001 1619999.9999999981
6.253152289317369 2.187637568688828 0.3842797319488001 1619999.9999999981
6.253152289317369 2.187637568688828 0.3842797319488001 1619999.9999999981
6.253152289317369 2.187637568688828 0.3842797319488001 1619999.9999999981
6.253152289317369 2.187637568688828 0.3842797319488001 1619999.9999999981
6.253152289317369 2.187637568688828 0.3842797319488001 1619999.9999999981
6.253152289317369 2.187637568688828 0.3842797319488001 1619999.9999999981
6.253152289317369 2.187637568688828 0.3842797319488001 1619999.9999999981
6.253152289317369 2.187637568688828 0.3842797319488001 1619999.9999999981
6.253152289317369 2.187637568688828 0.3842797319488001 1619999.9999999981
6.253152289317369 2.187637568688828 0.3842797319488001 1619999.9999999981
6.253152289317369 2.187637568688828 0.3842797319488001 1619999.9999999981
6.312695096092808 2.234181095987764 0.41051623758266703 0.0 2,1,1 coil/filament1/filament2
6.112226959954249 2.693789072513067 0.13579117192969636 1619999.9999999122
6.0454177747426 2.6548221220879835 0.11534344477177824 1619999.9999999122
6.0454177747426 2.6548221220879835 0.11534344477177824 1619999.9999999122
6.0454177747426 2.6548221220879835 0.11534344477177824 1619999.9999999122
6.0454177747426 2.6548221220879835 0.11534344477177824 1619999.9999999122
6.0454177747426 2.6548221220879835 0.11534344477177824 1619999.9999999122
6.0454177747426 2.6548221220879835 0.11534344477177824 1619999.9999999122
6.0454177747426 2.6548221220879835 0.11534344477177824 1619999.9999999122
6.0454177747426 2.6548221220879835 0.11534344477177824 1619999.9999999122
6.0454177747426 2.6548221220879835 0.11534344477177824 1619999.9999999122
6.0454177747426 2.6548221220879835 0.11534344477177824 1619999.9999999122
6.0454177747426 2.6548221220879835 0.11534344477177824 1619999.9999999122
6.0454177747426 2.6548221220879835 0.11534344477177824 1619999.9999999122
6.0454177747426 2.6548221220879835 0.11534344477177824 1619999.9999999122
6.0454177747426 2.6548221220879835 0.11534344477177824 1619999.9999999122
6.0454177747426 2.6548221220879835 0.11534344477177824 1619999.9999999122
6.0454177747426 2.6548221220879835 0.11534344477177824 1619999.9999999122
6.0454177747426 2.6548221220879835 0.11534344477177824 1619999.9999999122
6.0454177747426 2.6548221220879835 0.11534344477177824 1619999.9999999122
6.0454177747426 2.6548221220879835 0.11534344477177824 1619999.9999999122
6.0454177747426 2.6548221220879835 0.11534344477177824 1619999.9999999122
6.0454177747426 2.6548221220879835 0.11534344477177824 1619999.9999999122
6.0454177747426 2.6548221220879835 0.11534344477177824 1619999.9999999122
6.0454177747426 2.6548221220879835 0.11534344477177824 1619999.9999999122
6.0454177747426 2.6548221220879835 0.11534344477177824 1619999.9999999122
6.0454177747426 2.6548221220879835 0.11534344477177824 1619999.9999999122
6.0454177747426 2.6548221220879835 0.11534344477177824 1619999.9999999122
6.0454177747426 2.6548221220879835 0.11534344477177824 1619999.9999999122
6.0454177747426 2.6548221220879835 0.11534344477177824 1619999.9999999122
6.0454177747426 2.6548221220879835 0.11534344477177824 1619999.9999999122
6.0454177747426 2.6548221220879835 0.11534344477177824 1619999.9999999122
6.0454177747426 2.6548221220879835 0.11534344477177824 1619999.9999999122
6.0454177747426 2.6548221220879835 0.11534344477177824 1619999.9999999122
6.0454177747426 2.6548221220879835 0.11534344477177824 1619999.9999999122
6.0454177747426 2.6548221220879835 0.11534344477177824 1619999.9999999122
6.0454177747426 2.6548221220879835 0.11534344477177824 1619999.9999999122
6.0454177747426 2.6548221220879835 0.11534344477177824 1619999.9999999122
6.0454177747426 2.6548221220879835 0.11534344477177824 1619999.9999999122
6.0454177747426 2.6548221220879835 0.11534344477177824 1619999.9999999122
6.0454177747426 2.6548221220879835 0.11534344477177824 1619999.9999999122
6.0454177747426 2.6548221220879835 0.11534344477177824 1619999.9999999122
6.0454177747426 2.6548221220879835 0.11534344477177824 1619999.9999999122
6.0454177747426 2.6548221220879835 0.11534344477177824 1619999.9999999122
6.0454177747426 2.6548221220879835 0.11534344477177824 1619999.9999999122
6.0454177747426 2.6548221220879835 0.11534344477177824 1619999.9999999122
6.0454177747426 2.6548221220879835 0.11534344477177824 1619999.9999999122
6.0454177747426 2.6548221220879835 0.11534344477177824 1619999.9999999122
6.0454177747426 2.6548221220879835 0.11534344477177824 1619999.9999999122
6.0454177747426 2.6548221220879835 0.11534344477177824 1619999.9999999122
6.0454177747426 2.6548221220879835 0.11534344477177824 1619999.9999999122
6.0454177747426 2.6548221220879835 0.11534344477177824 1619999.9999999122
6.0454177747426 2.6548221220879835 0.11534344477177824 1619999.9999999122
6.0454177747426 2.6548221220879835 0.11534344477177824 1619999.9999999122
6.0454177747426 2.6548221220879835 0.11534344477177824 1619999.9999999122
6.0454177747426 2.6548221220879835 0.11534344477177824 1619999.9999999122
6.0454177747426 2.6548221220879835 0.11534344477177824 1619999.9999999122
6.0454177747426 2.6548221220879835 0.11534344477177824 1619999.9999999122
6.0454177747426 2.6548221220879835 0.11534344477177824 1619999.9999999122
6.0454177747426 2.6548221220879835 0.11534344477177824 1619999.9999999122
6.0454177747426 2.6548221220879835 0.11534344477177824 1619999.9999999122
6.0454177747426 2.6548221220879835 0.11534344477177824 1619999.9999999122
6.0454177747426 2.6548221220879835 0.11534344477177824 1619999.9999999122
6.0454177747426 2.6548221220879835 0.11534344477177824 1619999.9999999122
6.0454177747426 2.6548221220879835 0.11534344477177824 1619999.9999999122
6.112226959954249 2.693789072513067 0.13579117192969636 0.0 3,0,0 coil/filament1/filament2
6.019144977721386 2.746273654415983 0.3007576840404485 1619999.9999999122
5.9564355207147495 2.703495184021922 0.2755083974628586 1619999.9999999122
5.9564355207147495 2.703495184021922 0.2755083974628586 1619999.9999999122
5.9564355207147495 2.703495184021922 0.2755083974628586 1619999.9999999122
5.9564355207147495 2.703495184021922 0.2755083974628586 1619999.9999999122
5.9564355207147495 2.703495184021922 0.2755083974628586 1619999.9999999122
5.9564355207147495 2.703495184021922 0.2755083974628586 1619999.9999999122
5.9564355207147495 2.703495184021922 0.2755083974628586 1619999.9999999122
5.9564355207147495 2.703495184021922 0.2755083974628586 1619999.9999999122
5.9564355207147495 2.703495184021922 0.2755083974628586 1619999.9999999122
5.9564355207147495 2.703495184021922 0.2755083974628586 1619999.9999999122
5.9564355207147495 2.703495184021922 0.2755083974628586 1619999.9999999122
5.9564355207147495 2.703495184021922 0.2755083974628586 1619999.9999999122
5.9564355207147495 2.703495184021922 0.2755083974628586 1619999.9999999122
5.9564355207147495 2.703495184021922 0.2755083974628586 1619999.9999999122
5.9564355207147495 2.703495184021922 0.2755083974628586 1619999.9999999122
5.9564355207147495 2.703495184021922 0.2755083974628586 1619999.9999999122
5.9564355207147495 2.703495184021922 0.2755083974628586 1619999.9999999122
5.9564355207147495 2.703495184021922 0.2755083974628586 1619999.9999999122
5.9564355207147495 2.703495184021922 0.2755083974628586 1619999.9999999122
5.9564355207147495 2.703495184021922 0.2755083974628586 1619999.9999999122
5.9564355207147495 2.703495184021922 0.2755083974628586 1619999.9999999122
5.9564355207147495 2.703495184021922 0.2755083974628586 1619999.9999999122
5.9564355207147495 2.703495184021922 0.2755083974628586 1619999.9999999122
5.9564355207147495 2.703495184021922 0.2755083974628586 1619999.9999999122
5.9564355207147495 2.703495184021922 0.2755083974628586 1619999.9999999122
5.9564355207147495 2.703495184021922 0.2755083974628586 1619999.9999999122
5.9564355207147495 2.703495184021922 0.2755083974628586 1619999.9999999122
5.9564355207147495 2.703495184021922 0.2755083974628586 1619999.9999999122
5.9564355207147495 2.703495184021922 0.2755083974628586 1619999.9999999122
5.9564355207147495 2.703495184021922 0.2755083974628586 1619999.9999999122
5.9564355207147495 2.703495184021922 0.2755083974628586 1619999.9999999122
5.9564355207147495 2.703495184021922 0.2755083974628586 1619999.9999999122
5.9564355207147495 2.703495184021922 0.2755083974628586 1619999.9999999122
5.9564355207147495 2.703495184021922 0.2755083974628586 1619999.9999999122
5.9564355207147495 2.703495184021922 0.2755083974628586 1619999.9999999122
5.9564355207147495 2.703495184021922 0.2755083974628586 1619999.9999999122
5.9564355207147495 2.703495184021922 0.2755083974628586 1619999.9999999122
5.9564355207147495 2.703495184021922 0.2755083974628586 1619999.9999999122
5.9564355207147495 2.703495184021922 0.2755083974628586 1619999.9999999122
5.9564355207147495 2.703495184021922 0.2755083974628586 1619999.9999999122
5.9564355207147495 2.703495184021922 0.2755083974628586 1619999.9999999122
5.9564355207147495 2.703495184021922 0.2755083974628586 1619999.9999999122
5.9564355207147495 2.703495184021922 0.2755083974628586 1619999.9999999122
5.9564355207147495 2.703495184021922 0.2755083974628586 1619999.9999999122
5.9564355207147495 2.703495184021922 0.2755083974628586 1619999.9999999122
5.9564355207147495 2.703495184021922 0.2755083974628586 1619999.9999999122
5.9564355207147495 2.703495184021922 0.2755083974628586 1619999.9999999122
5.9564355207147495 2.703495184021922 0.2755083974628586 1619999.9999999122
5.9564355207147495 2.703495184021922 0.2755083974628586 1619999.9999999122
5.9564355207147495 2.703495184021922 0.2755083974628586 1619999.9999999122
5.9564355207147495 2.703495184021922 0.2755083974628586 1619999.9999999122
5.9564355207147495 2.703495184021922 0.2755083974628586 1619999.9999999122
5.9564355207147495 2.703495184021922 0.2755083974628586 1619999.9999999122
5.9564355207147495 2.703495184021922 0.2755083974628586 1619999.9999999122
5.9564355207147495 2.703495184021922 0.2755083974628586 1619999.9999999122
5.9564355207147495 2.703495184021922 0.2755083974628586 1619999.9999999122
5.9564355207147495 2.703495184021922 0.2755083974628586 1619999.9999999122
5.9564355207147495 2.703495184021922 0.2755083974628586 1619999.9999999122
5.9564355207147495 2.703495184021922 0.2755083974628586 1619999.9999999122
5.9564355207147495 2.703495184021922 0.2755083974628586 1619999.9999999122
5.9564355207147495 2.703495184021922 0.2755083974628586 1619999.9999999122
5.9564355207147495 2.703495184021922 0.2755083974628586 1619999.9999999122
5.9564355207147495 2.703495184021922 0.2755083974628586 1619999.9999999122
6.019144977721386 2.746273654415983 0.3007576840404485 0.0 3,0,1 coil/filament1/filament2
6.141162665025569 2.6268831987895815 0.168750677892659 1619999.9999999122
6.0743534798139205 2.587916248364498 0.14830295073474087 1619999.9999999122
6.0743534798139205 2.587916248364498 0.14830295073474087 1619999.9999999122
6.0743534798139205 2.587916248364498 0.14830295073474087 1619999.9999999122
6.0743534798139205 2.587916248364498 0.14830295073474087 1619999.9999999122
6.0743534798139205 2.587916248364498 0.14830295073474087 1619999.9999999122
6.0743534798139205 2.587916248364498 0.14830295073474087 1619999.9999999122
6.0743534798139205 2.587916248364498 0.14830295073474087 1619999.9999999122
6.0743534798139205 2.587916248364498 0.14830295073474087 1619999.9999999122
6.0743534798139205 2.587916248364498 0.14830295073474087 1619999.9999999122
6.0743534798139205 2.587916248364498 0.14830295073474087 1619999.9999999122
6.0743534798139205 2.587916248364498 0.14830295073474087 1619999.9999999122
6.0743534798139205 2.587916248364498 0.14830295073474087 1619999.9999999122
6.0743534798139205 2.587916248364498 0.14830295073474087 1619999.9999999122
6.0743534798139205 2.587916248364498 0.14830295073474087 1619999.9999999122
6.0743534798139205 2.587916248364498 0.14830295073474087 1619999.9999999122
6.0743534798139205 2.587916248364498 0.14830295073474087 1619999.9999999122
6.0743534798139205 2.587916248364498 0.14830295073474087 1619999.9999999122
6.0743534798139205 2.587916248364498 0.14830295073474087 1619999.9999999122
6.0743534798139205 2.587916248364498 0.14830295073474087 1619999.9999999122
6.0743534798139205 2.587916248364498 0.14830295073474087 1619999.9999999122
6.0743534798139205 2.587916248364498 0.14830295073474087 1619999.9999999122
6.0743534798139205 2.587916248364498 0.14830295073474087 1619999.9999999122
6.0743534798139205 2.587916248364498 0.14830295073474087 1619999.9999999122
6.0743534798139205 2.587916248364498 0.14830295073474087 1619999.9999999122
6.0743534798139205 2.587916248364498 0.14830295073474087 1619999.9999999122
6.0743534798139205 2.587916248364498 0.14830295073474087 1619999.9999999122
6.0743534798139205 2.587916248364498 0.14830295073474087 1619999.9999999122
6.0743534798139205 2.587916248364498 0.14830295073474087 1619999.9999999122
6.0743534798139205 2.587916248364498 0.14830295073474087 1619999.9999999122
6.0743534798139205 2.587916248364498 0.14830295073474087 1619999.9999999122
6.0743534798139205 2.587916248364498 0.14830295073474087 1619999.9999999122
6.0743534798139205 2.587916248364498 0.14830295073474087 1619999.9999999122
6.0743534798139205 2.587916248364498 0.14830295073474087 1619999.9999999122
6.0743534798139205 2.587916248364498 0.14830295073474087 1619999.9999999122
6.0743534798139205 2.587916248364498 0.14830295073474087 1619999.9999999122
6.0743534798139205 2.587916248364498 0.14830295073474087 1619999.9999999122
6.0743534798139205 2.587916248364498 0.14830295073474087 1619999.9999999122
6.0743534798139205 2.587916248364498 0.14830295073474087 1619999.9999999122
6.0743534798139205 2.587916248364498 0.14830295073474087 1619999.9999999122
6.0743534798139205 2.587916248364498 0.14830295073474087 1619999.9999999122
6.0743534798139205 2.587916248364498 0.14830295073474087 1619999.9999999122
6.0743534798139205 2.587916248364498 0.14830295073474087 1619999.9999999122
6.0743534798139205 2.587916248364498 0.14830295073474087 1619999.9999999122
6.0743534798139205 2.587916248364498 0.14830295073474087 1619999.9999999122
6.0743534798139205 2.587916248364498 0.14830295073474087 1619999.9999999122
6.0743534798139205 2.587916248364498 0.14830295073474087 1619999.9999999122
6.0743534798139205 2.587916248364498 0.14830295073474087 1619999.9999999122
6.0743534798139205 2.587916248364498 0.14830295073474087 1619999.9999999122
6.0743534798139205 2.587916248364498 0.14830295073474087 1619999.9999999122
6.0743534798139205 2.587916248364498 0.14830295073474087 1619999.9999999122
6.0743534798139205 2.587916248364498 0.14830295073474087 1619999.9999999122
6.0743534798139205 2.587916248364498 0.14830295073474087 1619999.9999999122
6.0743534798139205 2.587916248364498 0.14830295073474087 1619999.9999999122
6.0743534798139205 2.587916248364498 0.14830295073474087 1619999.9999999122
6.0743534798139205 2.587916248364498 0.14830295073474087 1619999.9999999122
6.0743534798139205 2.587916248364498 0.14830295073474087 1619999.9999999122
6.0743534798139205 2.587916248364498 0.14830295073474087 1619999.9999999122
6.0743534798139205 2.587916248364498 0.14830295073474087 1619999.9999999122
6.0743534798139205 2.587916248364498 0.14830295073474087 1619999.9999999122
6.0743534798139205 2.587916248364498 0.14830295073474087 1619999.9999999122
6.0743534798139205 2.587916248364498 0.14830295073474087 1619999.9999999122
6.0743534798139205 2.587916248364498 0.14830295073474087 1619999.9999999122
6.0743534798139205 2.587916248364498 0.14830295073474087 1619999.9999999122
6.141162665025569 2.6268831987895815 0.168750677892659 0.0 3,1,0 coil/filament1/filament2
6.047089734548233 2.682273926434204 0.3397849230428004 1619999.9999999122
5.984380277541596 2.6394954560401427 0.3145356364652105 1619999.9999999122
5.984380277541596 2.6394954560401427 0.3145356364652105 1619999.9999999122
5.984380277541596 2.6394954560401427 0.3145356364652105 1619999.9999999122
5.984380277541596 2.6394954560401427 0.3145356364652105 1619999.9999999122
5.984380277541596 2.6394954560401427 0.3145356364652105 1619999.9999999122
5.984380277541596 2.6394954560401427 0.3145356364652105 1619999.9999999122
5.984380277541596 2.6394954560401427 0.3145356364652105 1619999.9999999122
5.984380277541596 2.6394954560401427 0.3145356364652105 1619999.9999999122
5.984380277541596 2.6394954560401427 0.3145356364652105 1619999.9999999122
5.984380277541596 2.6394954560401427 0.3145356364652105 1619999.9999999122
5.984380277541596 2.6394954560401427 0.3145356364652105 1619999.9999999122
5.984380277541596 2.6394954560401427 0.3145356364652105 1619999.9999999122
5.984380277541596 2.6394954560401427 0.3145356364652105 1619999.9999999122
5.984380277541596 2.6394954560401427 0.3145356364652105 1619999.9999999122
5.984380277541596 2.6394954560401427 0.3145356364652105 1619999.9999999122
5.984380277541596 2.6394954560401427 0.3145356364652105 1619999.9999999122
5.984380277541596 2.6394954560401427 0.3145356364652105 1619999.9999999122
5.984380277541596 2.6394954560401427 0.3145356364652105 1619999.9999999122
5.984380277541596 2.6394954560401427 0.3145356364652105 1619999.9999999122
5.984380277541596 2.6394954560401427 0.3145356364652105 1619999.9999999122
5.984380277541596 2.6394954560401427 0.3145356364652105 1619999.9999999122
5.984380277541596 2.6394954560401427 0.3145356364652105 1619999.9999999122
5.984380277541596 2.6394954560401427 0.3145356364652105 1619999.9999999122
5.984380277541596 2.6394954560401427 0.3145356364652105 1619999.9999999122
5.984380277541596 2.6394954560401427 0.3145356364652105 1619999.9999999122
5.984380277541596 2.6394954560401427 0.3145356364652105 1619999.9999999122
5.984380277541596 2.6394954560401427 0.3145356364652105 1619999.9999999122
5.984380277541596 2.6394954560401427 0.3145356364652105 1619999.9999999122
5.984380277541596 2.6394954560401427 0.3145356364652105 1619999.9999999122
5.984380277541596 2.6394954560401427 0.3145356364652105 1619999.9999999122
5.984380277541596 2.6394954560401427 0.3145356364652105 1619999.9999999122
5.984380277541596 2.6394954560401427 0.3145356364652105 1619999.9999999122
5.984380277541596 2.6394954560401427 0.3145356364652105 1619999.9999999122
5.984380277541596 2.6394954560401427 0.3145356364652105 1619999.9999999122
5.984380277541596 2.6394954560401427 0.3145356364652105 1619999.9999999122
5.984380277541596 2.6394954560401427 0.3145356364652105 1619999.9999999122
5.984380277541596 2.6394954560401427 0.3145356364652105 1619999.9999999122
5.984380277541596 2.6394954560401427 0.3145356364652105 1619999.9999999122
5.984380277541596 2.6394954560401427 0.3145356364652105 1619999.9999999122
5.984380277541596 2.6394954560401427 0.3145356364652105 1619999.9999999122
5.984380277541596 2.6394954560401427 0.3145356364652105 1619999.9999999122
5.984380277541596 2.6394954560401427 0.3145356364652105 1619999.9999999122
5.984380277541596 2.6394954560401427 0.3145356364652105 1619999.9999999122
5.984380277541596 2.6394954560401427 0.3145356364652105 1619999.9999999122
5.984380277541596 2.6394954560401427 0.3145356364652105 1619999.9999999122
5.984380277541596 2.6394954560401427 0.3145356364652105 1619999.9999999122
5.984380277541596 2.6394954560401427 0.3145356364652105 1619999.9999999122
5.984380277541596 2.6394954560401427 0.3145356364652105 1619999.9999999122
5.984380277541596 2.6394954560401427 0.3145356364652105 1619999.9999999122
5.984380277541596 2.6394954560401427 0.3145356364652105 1619999.9999999122
5.984380277541596 2.6394954560401427 0.3145356364652105 1619999.9999999122
5.984380277541596 2.6394954560401427 0.3145356364652105 1619999.9999999122
5.984380277541596 2.6394954560401427 0.3145356364652105 1619999.9999999122
5.984380277541596 2.6394954560401427 0.3145356364652105 1619999.9999999122
5.984380277541596 2.6394954560401427 0.3145356364652105 1619999.9999999122
5.984380277541596 2.6394954560401427 0.3145356364652105 1619999.9999999122
5.984380277541596 2.6394954560401427 0.3145356364652105 1619999.9999999122
5.984380277541596 2.6394954560401427 0.3145356364652105 1619999.9999999122
5.984380277541596 2.6394954560401427 0.3145356364652105 1619999.9999999122
5.984380277541596 2.6394954560401427 0.3145356364652105 1619999.9999999122
5.984380277541596 2.6394954560401427 0.3145356364652105 1619999.9999999122
5.984380277541596 2.6394954560401427 0.3145356364652105 1619999.9999999122
5.984380277541596 2.6394954560401427 0.3145356364652105 1619999.9999999122
6.047089734548233 2.682273926434204 0.3397849230428004 0.0 3,1,1 coil/filament1/filament2
5.775377644336481 3.3727390196267666 -0.002503505619299056 1619999.999999852
5.7006556522582175 3.3444473567107535 0.0015221259215536 1619999.999999852
5.7006556522582175 3.3444473567107535 0.0015221259215536 1619999.999999852
5.7006556522582175 3.3444473567107535 0.0015221259215536 1619999.999999852
5.7006556522582175 3.3444473567107535 0.0015221259215536 1619999.999999852
5.7006556522582175 3.3444473567107535 0.0015221259215536 1619999.999999852
5.7006556522582175 3.3444473567107535 0.0015221259215536 1619999.999999852
5.7006556522582175 3.3444473567107535 0.0015221259215536 1619999.999999852
5.7006556522582175 3.3444473567107535 0.0015221259215536 1619999.999999852
5.7006556522582175 3.3444473567107535 0.0015221259215536 1619999.999999852
5.7006556522582175 3.3444473567107535 0.0015221259215536 1619999.999999852
5.7006556522582175 3.3444473567107535 0.0015221259215536 1619999.999999852
5.7006556522582175 3.3444473567107535 0.0015221259215536 1619999.999999852
5.7006556522582175 3.3444473567107535 0.0015221259215536 1619999.999999852
5.7006556522582175 3.3444473567107535 0.0015221259215536 1619999.999999852
5.7006556522582175 3.3444473567107535 0.0015221259215536 1619999.999999852
5.7006556522582175 3.3444473567107535 0.0015221259215536 1619999.999999852
5.7006556522582175 3.3444473567107535 0.0015221259215536 1619999.999999852
5.7006556522582175 3.3444473567107535 0.0015221259215536 1619999.999999852
5.7006556522582175 3.3444473567107535 0.0015221259215536 1619999.999999852
5.7006556522582175 3.3444473567107535 0.0015221259215536 1619999.999999852
5.7006556522582175 3.3444473567107535 0.0015221259215536 1619999.999999852
5.7006556522582175 3.3444473567107535 0.0015221259215536 1619999.999999852
5.7006556522582175 3.3444473567107535 0.0015221259215536 1619999.999999852
5.7006556522582175 3.3444473567107535 0.0015221259215536 1619999.999999852
5.7006556522582175 3.3444473567107535 0.0015221259215536 1619999.999999852
5.7006556522582175 3.3444473567107535 0.0015221259215536 1619999.999999852
5.7006556522582175 3.3444473567107535 0.0015221259215536 1619999.999999852
5.7006556522582175 3.3444473567107535 0.0015221259215536 1619999.999999852
5.7006556522582175 3.3444473567107535 0.0015221259215536 1619999.999999852
5.7006556522582175 3.3444473567107535 0.0015221259215536 1619999.999999852
5.7006556522582175 3.3444473567107535 0.0015221259215536 1619999.999999852
5.7006556522582175 3.3444473567107535 0.0015221259215536 1619999.999999852
5.7006556522582175 3.3444473567107535 0.0015221259215536 1619999.999999852
5.7006556522582175 3.3444473567107535 0.0015221259215536 1619999.999999852
5.7006556522582175 3.3444473567107535 0.0015221259215536 1619999.999999852
5.7006556522582175 3.3444473567107535 0.0015221259215536 1619999.999999852
5.7006556522582175 3.3444473567107535 0.0015221259215536 1619999.999999852
5.7006556522582175 3.3444473567107535 0.0015221259215536 1619999.999999852
5.7006556522582175 3.3444473567107535 0.0015221259215536 1619999.999999852
5.7006556522582175 3.3444473567107535 0.0015221259215536 1619999.999999852
5.7006556522582175 3.3444473567107535 0.0015221259215536 1619999.999999852
5.7006556522582175 3.3444473567107535 0.0015221259215536 1619999.999999852
5.7006556522582175 3.3444473567107535 0.0015221259215536 1619999.999999852
5.7006556522582175 3.3444473567107535 0.0015221259215536 1619999.999999852
5.7006556522582175 3.3444473567107535 0.0015221259215536 1619999.999999852
5.7006556522582175 3.3444473567107535 0.0015221259215536 1619999.999999852
5.7006556522582175 3.3444473567107535 0.0015221259215536 1619999.999999852
5.7006556522582175 3.3444473567107535 0.0015221259215536 1619999.999999852
5.7006556522582175 3.3444473567107535 0.0015221259215536 1619999.999999852
5.7006556522582175 3.3444473567107535 0.0015221259215536 1619999.999999852
5.7006556522582175 3.3444473567107535 0.0015221259215536 1619999.999999852
5.7006556522582175 3.3444473567107535 0.0015221259215536 1619999.999999852
5.7006556522582175 3.3444473567107535 0.0015221259215536 1619999.999999852
5.7006556522582175 3.3444473567107535 0.0015221259215536 1619999.999999852
5.7006556522582175 3.3444473567107535 0.0015221259215536 1619999.999999852
5.7006556522582175 3.3444473567107535 0.0015221259215536 1619999.999999852
5.7006556522582175 3.3444473567107535 0.0015221259215536 1619999.999999852
5.7006556522582175 3.3444473567107535 0.0015221259215536 1619999.999999852
5.7006556522582175 3.3444473567107535 0.0015221259215536 1619999.999999852
5.7006556522582175 3.3444473567107535 0.0015221259215536 1619999.999999852
5.7006556522582175 3.3444473567107535 0.0015221259215536 1619999.999999852
5.7006556522582175 3.3444473567107535 0.0015221259215536 1619999.999999852
5.7006556522582175 3.3444473567107535 0.0015221259215536 1619999.999999852
5.775377644336481 3.3727390196267666 -0.002503505619299056 0.0 4,0,0 coil/filament1/filament2
5.795011029883603 3.278560000859866 0.12518499234136551 1619999.999999852
5.718299635412802 3.2605549903587323 0.11135815050385958 1619999.999999852
5.718299635412802 3.2605549903587323 0.11135815050385958 1619999.999999852
5.718299635412802 3.2605549903587323 0.11135815050385958 1619999.999999852
5.718299635412802 3.2605549903587323 0.11135815050385958 1619999.999999852
5.718299635412802 3.2605549903587323 0.11135815050385958 1619999.999999852
5.718299635412802 3.2605549903587323 0.11135815050385958 1619999.999999852
5.718299635412802 3.2605549903587323 0.11135815050385958 1619999.999999852
5.718299635412802 3.2605549903587323 0.11135815050385958 1619999.999999852
5.718299635412802 3.2605549903587323 0.11135815050385958 1619999.999999852
5.718299635412802 3.2605549903587323 0.11135815050385958 1619999.999999852
5.718299635412802 3.2605549903587323 0.11135815050385958 1619999.999999852
5.718299635412802 3.2605549903587323 0.11135815050385958 1619999.999999852
5.718299635412802 3.2605549903587323 0.11135815050385958 1619999.999999852
5.718299635412802 3.2605549903587323 0.11135815050385958 1619999.999999852
5.718299635412802 3.2605549903587323 0.11135815050385958 1619999.999999852
5.718299635412802 3.2605549903587323 0.11135815050385958 1619999.999999852
5.718299635412802 3.2605549903587323 0.11135815050385958 1619999.999999852
5.718299635412802 3.2605549903587323 0.11135815050385958 1619999.999999852
5.718299635412802 3.2605549903587323 0.11135815050385958 1619999.999999852
5.718299635412802 3.2605549903587323 0.11135815050385958 1619999.999999852
5.718299635412802 3.2605549903587323 0.11135815050385958 1619999.999999852
5.718299635412802 3.2605549903587323 0.11135815050385958 1619999.999999852
5.718299635412802 3.2605549903587323 0.11135815050385958 1619999.999999852
5.718299635412802 3.2605549903587323 0.11135815050385958 1619999.999999852
5.718299635412802 3.2605549903587323 0.11135815050385958 1619999.999999852
5.718299635412802 3.2605549903587323 0.11135815050385958 1619999.999999852
5.718299635412802 3.2605549903587323 0.11135815050385958 1619999.999999852
5.718299635412802 3.2605549903587323 0.11135815050385958 1619999.999999852
5.718299635412802 3.2605549903587323 0.11135815050385958 1619999.999999852
5.718299635412802 3.2605549903587323 0.11135815050385958 1619999.999999852
5.718299635412802 3.2605549903587323 0.11135815050385958 1619999.999999852
5.718299635412802 3.2605549903587323 0.11135815050385958 1619999.999999852
5.718299635412802 3.2605549903587323 0.11135815050385958 1619999.999999852
5.718299635412802 3.2605549903587323 0.11135815050385958 1619999.999999852
5.718299635412802 3.2605549903587323 0.11135815050385958 1619999.999999852
5.718299635412802 3.2605549903587323 0.11135815050385958 1619999.999999852
5.718299635412802 3.2605549903587323 0.11135815050385958 1619999.999999852
5.718299635412802 3.2605549903587323 0.11135815050385958 1619999.999999852
5.718299635412802 3.2605549903587323 0.11135815050385958 1619999.999999852
5.718299635412802 3.2605549903587323 0.11135815050385958 1619999.999999852
5.718299635412802 3.2605549903587323 0.11135815050385958 1619999.999999852
5.718299635412802 3.2605549903587323 0.11135815050385958 1619999.999999852
5.718299635412802 3.2605549903587323 0.11135815050385958 1619999.999999852
5.718299635412802 3.2605549903587323 0.11135815050385958 1619999.999999852
5.718299635412802 3.2605549903587323 0.11135815050385958 1619999.999999852
5.718299635412802 3.2605549903587323 0.11135815050385958 1619999.999999852
5.718299635412802 3.2605549903587323 0.11135815050385958 1619999.999999852
5.718299635412802 3.2605549903587323 0.11135815050385958 1619999.999999852
5.718299635412802 3.2605549903587323 0.11135815050385958 1619999.999999852
5.718299635412802 3.2605549903587323 0.11135815050385958 1619999.999999852
5.718299635412802 3.2605549903587323 0.11135815050385958 1619999.999999852
5.718299635412802 3.2605549903587323 0.11135815050385958 1619999.999999852
5.718299635412802 3.2605549903587323 0.11135815050385958 1619999.999999852
5.718299635412802 3.2605549903587323 0.11135815050385958 1619999.999999852
5.718299635412802 3.2605549903587323 0.11135815050385958 1619999.999999852
5.718299635412802 3.2605549903587323 0.11135815050385958 1619999.999999852
5.718299635412802 3.2605549903587323 0.11135815050385958 1619999.999999852
5.718299635412802 3.2605549903587323 0.11135815050385958 1619999.999999852
5.718299635412802 3.2605549903587323 0.11135815050385958 1619999.999999852
5.718299635412802 3.2605549903587323 0.11135815050385958 1619999.999999852
5.718299635412802 3.2605549903587323 0.11135815050385958 1619999.999999852
5.718299635412802 3.2605549903587323 0.11135815050385958 1619999.999999852
5.718299635412802 3.2605549903587323 0.11135815050385958 1619999.999999852
5.795011029883603 3.278560000859866 0.12518499234136551 0.0 4,0,1 coil/filament1/filament2
5.793485793764321 3.317143824942636 -0.05710450608936968 1619999.999999852
5.718763801686058 3.288852162026623 -0.05307887454851702 1619999.999999852
5.718763801686058 3.288852162026623 -0.05307887454851702 1619999.999999852
5.718763801686058 3.288852162026623 -0.05307887454851702 1619999.999999852
5.718763801686058 3.288852162026623 -0.05307887454851702 1619999.999999852
5.718763801686058 3.288852162026623 -0.05307887454851702 1619999.999999852
5.718763801686058 3.288852162026623 -0.05307887454851702 1619999.999999852
5.718763801686058 3.288852162026623 -0.05307887454851702 1619999.999999852
5.718763801686058 3.288852162026623 -0.05307887454851702 1619999.999999852
5.718763801686058 3.288852162026623 -0.05307887454851702 1619999.999999852
5.718763801686058 3.288852162026623 -0.05307887454851702 1619999.999999852
5.718763801686058 3.288852162026623 -0.05307887454851702 1619999.999999852
5.718763801686058 3.288852162026623 -0.05307887454851702 1619999.999999852
5.718763801686058 3.288852162026623 -0.05307887454851702 1619999.999999852
5.718763801686058 3.288852162026623 -0.05307887454851702 1619999.999999852
5.718763801686058 3.288852162026623 -0.05307887454851702 1619999.999999852
5.718763801686058 3.288852162026623 -0.05307887454851702 1619999.999999852
5.718763801686058 3.288852162026623 -0.05307887454851702 1619999.999999852
5.718763801686058 3.288852162026623 -0.05307887454851702 1619999.999999852
5.718763801686058 3.288852162026623 -0.05307887454851702 1619999.999999852
5.718763801686058 3.288852162026623 -0.05307887454851702 1619999.999999852
5.718763801686058 3.288852162026623 -0.05307887454851702 1619999.999999852
5.718763801686058 3.288852162026623 -0.05307887454851702 1619999.999999852
5.718763801686058 3.288852162026623 -0.05307887454851702 1619999.999999852
5.718763801686058 3.288852162026623 -0.05307887454851702 1619999.999999852
5.718763801686058 3.288852162026623 -0.05307887454851702 1619999.999999852
5.718763801686058 3.288852162026623 -0.05307887454851702 1619999.999999852
5.718763801686058 3.288852162026623 -0.05307887454851702 1619999.999999852
5.718763801686058 3.288852162026623 -0.05307887454851702 1619999.999999852
5.718763801686058 3.288852162026623 -0.05307887454851702 1619999.999999852
5.718763801686058 3.288852162026623 -0.05307887454851702 1619999.999999852
5.718763801686058 3.288852162026623 -0.05307887454851702 1619999.999999852
5.718763801686058 3.288852162026623 -0.05307887454851702 1619999.999999852
5.718763801686058 3.288852162026623 -0.05307887454851702 1619999.999999852
5.718763801686058 3.288852162026623 -0.05307887454851702 1619999.999999852
5.718763801686058 3.288852162026623 -0.05307887454851702 1619999.999999852
5.718763801686058 3.288852162026623 -0.05307887454851702 1619999.999999852
5.718763801686058 3.288852162026623 -0.05307887454851702 1619999.999999852
5.718763801686058 3.288852162026623 -0.05307887454851702 1619999.999999852
5.718763801686058 3.288852162026623 -0.05307887454851702 1619999.999999852
5.718763801686058 3.288852162026623 -0.05307887454851702 1619999.999999852
5.718763801686058 3.288852162026623 -0.05307887454851702 1619999.999999852
5.718763801686058 3.288852162026623 -0.05307887454851702 1619999.999999852
5.718763801686058 3.288852162026623 -0.05307887454851702 1619999.999999852
5.718763801686058 3.288852162026623 -0.05307887454851702 1619999.999999852
5.718763801686058 3.288852162026623 -0.05307887454851702 1619999.999999852
5.718763801686058 3.288852162026623 -0.05307887454851702 1619999.999999852
5.718763801686058 3.288852162026623 -0.05307887454851702 1619999.999999852
5.718763801686058 3.288852162026623 -0.05307887454851702 1619999.999999852
5.718763801686058 3.288852162026623 -0.05307887454851702 1619999.999999852
5.718763801686058 3.288852162026623 -0.05307887454851702 1619999.999999852
5.718763801686058 3.288852162026623 -0.05307887454851702 1619999.999999852
5.718763801686058 3.288852162026623 -0.05307887454851702 1619999.999999852
5.718763801686058 3.288852162026623 -0.05307887454851702 1619999.999999852
5.718763801686058 3.288852162026623 -0.05307887454851702 1619999.999999852
5.718763801686058 3.288852162026623 -0.05307887454851702 1619999.999999852
5.718763801686058 3.288852162026623 -0.05307887454851702 1619999.999999852
5.718763801686058 3.288852162026623 -0.05307887454851702 1619999.999999852
5.718763801686058 3.288852162026623 -0.05307887454851702 1619999.999999852
5.718763801686058 3.288852162026623 -0.05307887454851702 1619999.999999852
5.718763801686058 3.288852162026623 -0.05307887454851702 1619999.999999852
5.718763801686058 3.288852162026623 -0.05307887454851702 1619999.999999852
5.718763801686058 3.288852162026623 -0.05307887454851702 1619999.999999852
5.718763801686058 3.288852162026623 -0.05307887454851702 1619999.999999852
5.793485793764321 3.317143824942636 -0.05710450608936968 0.0 4,1,0 coil/filament1/filament2
5.81761259280793 3.213418050876095 0.08461781711693658 1619999.999999852
5.74090119833713 3.195413040374961 0.07079097527943065 1619999.999999852
5.74090119833713 3.195413040374961 0.07079097527943065 1619999.999999852
5.74090119833713 3.195413040374961 0.07079097527943065 1619999.999999852
5.74090119833713 3.195413040374961 0.07079097527943065 1619999.999999852
5.74090119833713 3.195413040374961 0.07079097527943065 1619999.999999852
5.74090119833713 3.195413040374961 0.07079097527943065 1619999.999999852
5.74090119833713 3.195413040374961 0.07079097527943065 1619999.999999852
5.74090119833713 3.195413040374961 0.07079097527943065 1619999.999999852
5.74090119833713 3.195413040374961 0.07079097527943065 1619999.999999852
5.74090119833713 3.195413040374961 0.07079097527943065 1619999.999999852
5.74090119833713 3.195413040374961 0.07079097527943065 1619999.999999852
5.74090119833713 3.195413040374961 0.07079097527943065 1619999.999999852
5.74090119833713 3.195413040374961 0.07079097527943065 1619999.999999852
5.74090119833713 3.195413040374961 0.07079097527943065 1619999.999999852
5.74090119833713 3.195413040374961 0.07079097527943065 1619999.999999852
5.74090119833713 3.195413040374961 0.07079097527943065 1619999.999999852
5.74090119833713 3.195413040374961 0.07079097527943065 1619999.999999852
5.74090119833713 3.195413040374961 0.07079097527943065 1619999.999999852
5.74090119833713 3.195413040374961 0.07079097527943065 1619999.999999852
5.74090119833713 3.195413040374961 0.07079097527943065 1619999.999999852
5.74090119833713 3.195413040374961 0.07079097527943065 1619999.999999852
5.74090119833713 3.195413040374961 0.07079097527943065 1619999.999999852
5.74090119833713 3.195413040374961 0.07079097527943065 1619999.999999852
5.74090119833713 3.195413040374961 0.07079097527943065 1619999.999999852
5.74090119833713 3.195413040374961 0.07079097527943065 1619999.999999852
5.74090119833713 3.195413040374961 0.07079097527943065 1619999.999999852
5.74090119833713 3.195413040374961 0.07079097527943065 1619999.999999852
5.74090119833713 3.195413040374961 0.07079097527943065 1619999.999999852
5.74090119833713 3.195413040374961 0.07079097527943065 1619999.999999852
5.74090119833713 3.195413040374961 0.07079097527943065 1619999.999999852
5.74090119833713 3.195413040374961 0.07079097527943065 1619999.999999852
5.74090119833713 3.195413040374961 0.07079097527943065 1619999.999999852
5.74090119833713 3.195413040374961 0.07079097527943065 1619999.999999852
5.74090119833713 3.195413040374961 0.07079097527943065 1619999.999999852
5.74090119833713 3.195413040374961 0.07079097527943065 1619999.999999852
5.74090119833713 3.195413040374961 0.07079097527943065 1619999.999999852
5.74090119833713 3.195413040374961 0.07079097527943065 1619999.999999852
5.74090119833713 3.195413040374961 0.07079097527943065 1619999.999999852
5.74090119833713 3.195413040374961 0.07079097527943065 1619999.999999852
5.74090119833713 3.195413040374961 0.07079097527943065 1619999.999999852
5.74090119833713 3.195413040374961 0.07079097527943065 1619999.999999852
5.74090119833713 3.195413040374961 0.07079097527943065 1619999.999999852
5.74090119833713 3.195413040374961 0.07079097527943065 1619999.999999852
5.74090119833713 3.195413040374961 0.07079097527943065 1619999.999999852
5.74090119833713 3.195413040374961 0.07079097527943065 1619999.999999852
5.74090119833713 3.195413040374961 0.07079097527943065 1619999.999999852
5.74090119833713 3.195413040374961 0.07079097527943065 1619999.999999852
5.74090119833713 3.195413040374961 0.07079097527943065 1619999.999999852
5.74090119833713 3.195413040374961 0.07079097527943065 1619999.999999852
5.74090119833713 3.195413040374961 0.07079097527943065 1619999.999999852
5.74090119833713 3.195413040374961 0.07079097527943065 1619999.999999852
5.74090119833713 3.195413040374961 0.07079097527943065 1619999.999999852
5.74090119833713 3.195413040374961 0.07079097527943065 1619999.999999852
5.74090119833713 3.195413040374961 0.07079097527943065 1619999.999999852
5.74090119833713 3.195413040374961 0.07079097527943065 1619999.999999852
5.74090119833713 3.195413040374961 0.07079097527943065 1619999.999999852
5.74090119833713 3.195413040374961 0.07079097527943065 1619999.999999852
5.74090119833713 3.195413040374961 0.07079097527943065 1619999.999999852
5.74090119833713 3.195413040374961 0.07079097527943065 1619999.999999852
5.74090119833713 3.195413040374961 0.07079097527943065 1619999.999999852
5.74090119833713 3.195413040374961 0.07079097527943065 1619999.999999852
5.74090119833713 3.195413040374961 0.07079097527943065 1619999.999999852
5.74090119833713 3.195413040374961 0.07079097527943065 1619999.999999852
5.81761259280793 3.213418050876095 0.08461781711693658 0.0 4,1,1 coil/filament1/filament2
