periods 0
begin filament
FOCUSADD Coils
2.1877053768117944 0.3397825925599831 -0.0809695474767027 1000000.0
2.1877053768117944 0.3397825925599831 -0.0809695474767027 1000000.0
2.1877053768117944 0.3397825925599831 -0.0809695474767027 1000000.0
2.1877053768117944 0.3397825925599831 -0.0809695474767027 1000000.0
2.1877053768117944 0.3397825925599831 -0.0809695474767027 1000000.0
2.1877053768117944 0.3397825925599831 -0.0809695474767027 1000000.0
2.1877053768117944 0.3397825925599831 -0.0809695474767027 1000000.0
2.1877053768117944 0.3397825925599831 -0.0809695474767027 1000000.0
2.1877053768117944 0.3397825925599831 -0.0809695474767027 1000000.0
2.1877053768117944 0.3397825925599831 -0.0809695474767027 1000000.0
2.1877053768117944 0.3397825925599831 -0.0809695474767027 1000000.0
2.1877053768117944 0.3397825925599831 -0.0809695474767027 1000000.0
2.1877053768117944 0.3397825925599831 -0.0809695474767027 1000000.0
2.1877053768117944 0.3397825925599831 -0.0809695474767027 1000000.0
2.1877053768117944 0.3397825925599831 -0.0809695474767027 1000000.0
2.1877053768117944 0.3397825925599831 -0.0809695474767027 1000000.0
2.1877053768117944 0.3397825925599831 -0.0809695474767027 1000000.0
2.1877053768117944 0.3397825925599831 -0.0809695474767027 1000000.0
2.1877053768117944 0.3397825925599831 -0.0809695474767027 1000000.0
2.1877053768117944 0.3397825925599831 -0.0809695474767027 1000000.0
2.1877053768117944 0.3397825925599831 -0.0809695474767027 1000000.0
2.1877053768117944 0.3397825925599831 -0.0809695474767027 1000000.0
2.1877053768117944 0.3397825925599831 -0.0809695474767027 1000000.0
2.1877053768117944 0.3397825925599831 -0.0809695474767027 1000000.0
2.1877053768117944 0.3397825925599831 -0.0809695474767027 1000000.0
2.1877053768117944 0.3397825925599831 -0.0809695474767027 1000000.0
2.1877053768117944 0.3397825925599831 -0.0809695474767027 1000000.0
2.1877053768117944 0.3397825925599831 -0.0809695474767027 1000000.0
2.1877053768117944 0.3397825925599831 -0.0809695474767027 1000000.0
2.1877053768117944 0.3397825925599831 -0.0809695474767027 1000000.0
2.1877053768117944 0.3397825925599831 -0.0809695474767027 1000000.0
2.1877053768117944 0.3397825925599831 -0.0809695474767027 1000000.0
2.1877053768117944 0.3397825925599831 -0.0809695474767027 1000000.0
2.1877053768117944 0.3397825925599831 -0.0809695474767027 1000000.0
2.1877053768117944 0.3397825925599831 -0.0809695474767027 1000000.0
2.1877053768117944 0.3397825925599831 -0.0809695474767027 1000000.0
2.1877053768117944 0.3397825925599831 -0.0809695474767027 1000000.0
2.1877053768117944 0.3397825925599831 -0.0809695474767027 1000000.0
2.1877053768117944 0.3397825925599831 -0.0809695474767027 1000000.0
2.1877053768117944 0.3397825925599831 -0.0809695474767027 1000000.0
2.1877053768117944 0.3397825925599831 -0.0809695474767027 1000000.0
2.1877053768117944 0.3397825925599831 -0.0809695474767027 1000000.0
2.1877053768117944 0.3397825925599831 -0.0809695474767027 1000000.0
2.1877053768117944 0.3397825925599831 -0.0809695474767027 1000000.0
2.1877053768117944 0.3397825925599831 -0.0809695474767027 1000000.0
2.1877053768117944 0.3397825925599831 -0.0809695474767027 1000000.0
2.1877053768117944 0.3397825925599831 -0.0809695474767027 1000000.0
2.1877053768117944 0.3397825925599831 -0.0809695474767027 1000000.0
2.1877053768117944 0.3397825925599831 -0.0809695474767027 1000000.0
2.1877053768117944 0.3397825925599831 -0.0809695474767027 1000000.0
2.1877053768117944 0.3397825925599831 -0.0809695474767027 1000000.0
2.1877053768117944 0.3397825925599831 -0.0809695474767027 1000000.0
2.1877053768117944 0.3397825925599831 -0.0809695474767027 1000000.0
2.1877053768117944 0.3397825925599831 -0.0809695474767027 1000000.0
2.1877053768117944 0.3397825925599831 -0.0809695474767027 1000000.0
2.1877053768117944 0.3397825925599831 -0.0809695474767027 1000000.0
2.1877053768117944 0.3397825925599831 -0.0809695474767027 1000000.0
2.1877053768117944 0.3397825925599831 -0.0809695474767027 1000000.0
2.1877053768117944 0.3397825925599831 -0.0809695474767027 1000000.0
2.1877053768117944 0.3397825925599831 -0.0809695474767027 1000000.0
2.1877053768117944 0.3397825925599831 -0.0809695474767027 1000000.0
2.1877053768117944 0.3397825925599831 -0.0809695474767027 1000000.0
2.1877053768117944 0.3397825925599831 -0.0809695474767027 1000000.0
2.1877053768117944 0.3397825925599831 -0.0809695474767027 1000000.0
2.1877053768117944 0.3397825925599831 -0.0809695474767027 1000000.0
2.1877053768117944 0.3397825925599831 -0.0809695474767027 1000000.0
2.1877053768117944 0.3397825925599831 -0.0809695474767027 1000000.0
2.1877053768117944 0.3397825925599831 -0.0809695474767027 1000000.0
2.1877053768117944 0.3397825925599831 -0.0809695474767027 1000000.0
2.1877053768117944 0.3397825925599831 -0.0809695474767027 1000000.0
2.1877053768117944 0.3397825925599831 -0.0809695474767027 1000000.0
2.1877053768117944 0.3397825925599831 -0.0809695474767027 1000000.0
2.1877053768117944 0.3397825925599831 -0.0809695474767027 1000000.0
2.1877053768117944 0.3397825925599831 -0.0809695474767027 1000000.0
2.1877053768117944 0.3397825925599831 -0.0809695474767027 1000000.0
2.1877053768117944 0.3397825925599831 -0.0809695474767027 1000000.0
2.1877053768117944 0.3397825925599831 -0.0809695474767027 1000000.0
2.1877053768117944 0.3397825925599831 -0.0809695474767027 1000000.0
2.1877053768117944 0.3397825925599831 -0.0809695474767027 1000000.0
2.1877053768117944 0.3397825925599831 -0.0809695474767027 1000000.0
2.1877053768117944 0.3397825925599831 -0.0809695474767027 1000000.0
2.1877053768117944 0.3397825925599831 -0.0809695474767027 1000000.0
2.1877053768117944 0.3397825925599831 -0.0809695474767027 1000000.0
2.1877053768117944 0.3397825925599831 -0.0809695474767027 1000000.0
2.1877053768117944 0.3397825925599831 -0.0809695474767027 1000000.0
2.1877053768117944 0.3397825925599831 -0.0809695474767027 1000000.0
2.1877053768117944 0.3397825925599831 -0.0809695474767027 1000000.0
2.1877053768117944 0.3397825925599831 -0.0809695474767027 1000000.0
2.1877053768117944 0.3397825925599831 -0.0809695474767027 1000000.0
2.1877053768117944 0.3397825925599831 -0.0809695474767027 1000000.0
2.1877053768117944 0.3397825925599831 -0.0809695474767027 1000000.0
2.1877053768117944 0.3397825925599831 -0.0809695474767027 1000000.0
2.1877053768117944 0.3397825925599831 -0.0809695474767027 1000000.0
2.1877053768117944 0.3397825925599831 -0.0809695474767027 1000000.0
2.1877053768117944 0.3397825925599831 -0.0809695474767027 1000000.0
2.1877053768117944 0.3397825925599831 -0.0809695474767027 1000000.0
2.1877053768117944 0.3397825925599831 -0.0809695474767027 1000000.0
2.1877053768117944 0.3397825925599831 -0.0809695474767027 1000000.0
2.1877053768117944 0.3397825925599831 -0.0809695474767027 1000000.0
2.1877053768117944 0.3397825925599831 -0.0809695474767027 1000000.0
2.1877053768117944 0.3397825925599831 -0.0809695474767027 1000000.0
2.1877053768117944 0.3397825925599831 -0.0809695474767027 1000000.0
2.1877053768117944 0.3397825925599831 -0.0809695474767027 1000000.0
2.1877053768117944 0.3397825925599831 -0.0809695474767027 1000000.0
2.1877053768117944 0.3397825925599831 -0.0809695474767027 1000000.0
2.1877053768117944 0.3397825925599831 -0.0809695474767027 1000000.0
2.1877053768117944 0.3397825925599831 -0.0809695474767027 1000000.0
2.1877053768117944 0.3397825925599831 -0.0809695474767027 1000000.0
2.1877053768117944 0.3397825925599831 -0.0809695474767027 1000000.0
2.1877053768117944 0.3397825925599831 -0.0809695474767027 1000000.0
2.1877053768117944 0.3397825925599831 -0.0809695474767027 1000000.0
2.1877053768117944 0.3397825925599831 -0.0809695474767027 1000000.0
2.1877053768117944 0.3397825925599831 -0.0809695474767027 1000000.0
2.1877053768117944 0.3397825925599831 -0.0809695474767027 1000000.0
2.1877053768117944 0.3397825925599831 -0.0809695474767027 1000000.0
2.1877053768117944 0.3397825925599831 -0.0809695474767027 1000000.0
2.1877053768117944 0.3397825925599831 -0.0809695474767027 1000000.0
2.1877053768117944 0.3397825925599831 -0.0809695474767027 1000000.0
2.1877053768117944 0.3397825925599831 -0.0809695474767027 1000000.0
2.1877053768117944 0.3397825925599831 -0.0809695474767027 1000000.0
2.1877053768117944 0.3397825925599831 -0.0809695474767027 1000000.0
2.1877053768117944 0.3397825925599831 -0.0809695474767027 1000000.0
2.1877053768117944 0.3397825925599831 -0.0809695474767027 1000000.0
2.1877053768117944 0.3397825925599831 -0.0809695474767027 1000000.0
2.1877053768117944 0.3397825925599831 -0.0809695474767027 1000000.0
2.1877053768117944 0.3397825925599831 -0.0809695474767027 1000000.0
2.1877053768117944 0.3397825925599831 -0.0809695474767027 1000000.0
2.1877053768117944 0.3397825925599831 -0.0809695474767027 1000000.0
2.1877053768117944 0.3397825925599831 -0.0809695474767027 0.0 0,0,0 coil/filament1/filament2
1.7833636929402206 1.1109078422927303 -0.1570428573741085 1000000.0
1.7833636929402206 1.1109078422927303 -0.1570428573741085 1000000.0
1.7833636929402206 1.1109078422927303 -0.1570428573741085 1000000.0
1.7833636929402206 1.1109078422927303 -0.1570428573741085 1000000.0
1.7833636929402206 1.1109078422927303 -0.1570428573741085 1000000.0
1.7833636929402206 1.1109078422927303 -0.1570428573741085 1000000.0
1.7833636929402206 1.1109078422927303 -0.1570428573741085 1000000.0
1.7833636929402206 1.1109078422927303 -0.1570428573741085 1000000.0
1.7833636929402206 1.1109078422927303 -0.1570428573741085 1000000.0
1.7833636929402206 1.1109078422927303 -0.1570428573741085 1000000.0
1.7833636929402206 1.1109078422927303 -0.1570428573741085 1000000.0
1.7833636929402206 1.1109078422927303 -0.1570428573741085 1000000.0
1.7833636929402206 1.1109078422927303 -0.1570428573741085 1000000.0
1.7833636929402206 1.1109078422927303 -0.1570428573741085 1000000.0
1.7833636929402206 1.1109078422927303 -0.1570428573741085 1000000.0
1.7833636929402206 1.1109078422927303 -0.1570428573741085 1000000.0
1.7833636929402206 1.1109078422927303 -0.1570428573741085 1000000.0
1.7833636929402206 1.1109078422927303 -0.1570428573741085 1000000.0
1.7833636929402206 1.1109078422927303 -0.1570428573741085 1000000.0
1.7833636929402206 1.1109078422927303 -0.1570428573741085 1000000.0
1.7833636929402206 1.1109078422927303 -0.1570428573741085 1000000.0
1.7833636929402206 1.1109078422927303 -0.1570428573741085 1000000.0
1.7833636929402206 1.1109078422927303 -0.1570428573741085 1000000.0
1.7833636929402206 1.1109078422927303 -0.1570428573741085 1000000.0
1.7833636929402206 1.1109078422927303 -0.1570428573741085 1000000.0
1.7833636929402206 1.1109078422927303 -0.1570428573741085 1000000.0
1.7833636929402206 1.1109078422927303 -0.1570428573741085 1000000.0
1.7833636929402206 1.1109078422927303 -0.1570428573741085 1000000.0
1.7833636929402206 1.1109078422927303 -0.1570428573741085 1000000.0
1.7833636929402206 1.1109078422927303 -0.1570428573741085 1000000.0
1.7833636929402206 1.1109078422927303 -0.1570428573741085 1000000.0
1.7833636929402206 1.1109078422927303 -0.1570428573741085 1000000.0
1.7833636929402206 1.1109078422927303 -0.1570428573741085 1000000.0
1.7833636929402206 1.1109078422927303 -0.1570428573741085 1000000.0
1.7833636929402206 1.1109078422927303 -0.1570428573741085 1000000.0
1.7833636929402206 1.1109078422927303 -0.1570428573741085 1000000.0
1.7833636929402206 1.1109078422927303 -0.1570428573741085 1000000.0
1.7833636929402206 1.1109078422927303 -0.1570428573741085 1000000.0
1.7833636929402206 1.1109078422927303 -0.1570428573741085 1000000.0
1.7833636929402206 1.1109078422927303 -0.1570428573741085 1000000.0
1.7833636929402206 1.1109078422927303 -0.1570428573741085 1000000.0
1.7833636929402206 1.1109078422927303 -0.1570428573741085 1000000.0
1.7833636929402206 1.1109078422927303 -0.1570428573741085 1000000.0
1.7833636929402206 1.1109078422927303 -0.1570428573741085 1000000.0
1.7833636929402206 1.1109078422927303 -0.1570428573741085 1000000.0
1.7833636929402206 1.1109078422927303 -0.1570428573741085 1000000.0
1.7833636929402206 1.1109078422927303 -0.1570428573741085 1000000.0
1.7833636929402206 1.1109078422927303 -0.1570428573741085 1000000.0
1.7833636929402206 1.1109078422927303 -0.1570428573741085 1000000.0
1.7833636929402206 1.1109078422927303 -0.1570428573741085 1000000.0
1.7833636929402206 1.1109078422927303 -0.1570428573741085 1000000.0
1.7833636929402206 1.1109078422927303 -0.1570428573741085 1000000.0
1.7833636929402206 1.1109078422927303 -0.1570428573741085 1000000.0
1.7833636929402206 1.1109078422927303 -0.1570428573741085 1000000.0
1.7833636929402206 1.1109078422927303 -0.1570428573741085 1000000.0
1.7833636929402206 1.1109078422927303 -0.1570428573741085 1000000.0
1.7833636929402206 1.1109078422927303 -0.1570428573741085 1000000.0
1.7833636929402206 1.1109078422927303 -0.1570428573741085 1000000.0
1.7833636929402206 1.1109078422927303 -0.1570428573741085 1000000.0
1.7833636929402206 1.1109078422927303 -0.1570428573741085 1000000.0
1.7833636929402206 1.1109078422927303 -0.1570428573741085 1000000.0
1.7833636929402206 1.1109078422927303 -0.1570428573741085 1000000.0
1.7833636929402206 1.1109078422927303 -0.1570428573741085 1000000.0
1.7833636929402206 1.1109078422927303 -0.1570428573741085 1000000.0
1.7833636929402206 1.1109078422927303 -0.1570428573741085 1000000.0
1.7833636929402206 1.1109078422927303 -0.1570428573741085 1000000.0
1.7833636929402206 1.1109078422927303 -0.1570428573741085 1000000.0
1.7833636929402206 1.1109078422927303 -0.1570428573741085 1000000.0
1.7833636929402206 1.1109078422927303 -0.1570428573741085 1000000.0
1.7833636929402206 1.1109078422927303 -0.1570428573741085 1000000.0
1.7833636929402206 1.1109078422927303 -0.1570428573741085 1000000.0
1.7833636929402206 1.1109078422927303 -0.1570428573741085 1000000.0
1.7833636929402206 1.1109078422927303 -0.1570428573741085 1000000.0
1.7833636929402206 1.1109078422927303 -0.1570428573741085 1000000.0
1.7833636929402206 1.1109078422927303 -0.1570428573741085 1000000.0
1.7833636929402206 1.1109078422927303 -0.1570428573741085 1000000.0
1.7833636929402206 1.1109078422927303 -0.1570428573741085 1000000.0
1.7833636929402206 1.1109078422927303 -0.1570428573741085 1000000.0
1.7833636929402206 1.1109078422927303 -0.1570428573741085 1000000.0
1.7833636929402206 1.1109078422927303 -0.1570428573741085 1000000.0
1.7833636929402206 1.1109078422927303 -0.1570428573741085 1000000.0
1.7833636929402206 1.1109078422927303 -0.1570428573741085 1000000.0
1.7833636929402206 1.1109078422927303 -0.1570428573741085 1000000.0
1.7833636929402206 1.1109078422927303 -0.1570428573741085 1000000.0
1.7833636929402206 1.1109078422927303 -0.1570428573741085 1000000.0
1.7833636929402206 1.1109078422927303 -0.1570428573741085 1000000.0
1.7833636929402206 1.1109078422927303 -0.1570428573741085 1000000.0
1.7833636929402206 1.1109078422927303 -0.1570428573741085 1000000.0
1.7833636929402206 1.1109078422927303 -0.1570428573741085 1000000.0
1.7833636929402206 1.1109078422927303 -0.1570428573741085 1000000.0
1.7833636929402206 1.1109078422927303 -0.1570428573741085 1000000.0
1.7833636929402206 1.1109078422927303 -0.1570428573741085 1000000.0
1.7833636929402206 1.1109078422927303 -0.1570428573741085 1000000.0
1.7833636929402206 1.1109078422927303 -0.1570428573741085 1000000.0
1.7833636929402206 1.1109078422927303 -0.1570428573741085 1000000.0
1.7833636929402206 1.1109078422927303 -0.1570428573741085 1000000.0
1.7833636929402206 1.1109078422927303 -0.1570428573741085 1000000.0
1.7833636929402206 1.1109078422927303 -0.1570428573741085 1000000.0
1.7833636929402206 1.1109078422927303 -0.1570428573741085 1000000.0
1.7833636929402206 1.1109078422927303 -0.1570428573741085 1000000.0
1.7833636929402206 1.1109078422927303 -0.1570428573741085 1000000.0
1.7833636929402206 1.1109078422927303 -0.1570428573741085 1000000.0
1.7833636929402206 1.1109078422927303 -0.1570428573741085 1000000.0
1.7833636929402206 1.1109078422927303 -0.1570428573741085 1000000.0
1.7833636929402206 1.1109078422927303 -0.1570428573741085 1000000.0
1.7833636929402206 1.1109078422927303 -0.1570428573741085 1000000.0
1.7833636929402206 1.1109078422927303 -0.1570428573741085 1000000.0
1.7833636929402206 1.1109078422927303 -0.1570428573741085 1000000.0
1.7833636929402206 1.1109078422927303 -0.1570428573741085 1000000.0
1.7833636929402206 1.1109078422927303 -0.1570428573741085 1000000.0
1.7833636929402206 1.1109078422927303 -0.1570428573741085 1000000.0
1.7833636929402206 1.1109078422927303 -0.1570428573741085 1000000.0
1.7833636929402206 1.1109078422927303 -0.1570428573741085 1000000.0
1.7833636929402206 1.1109078422927303 -0.1570428573741085 1000000.0
1.7833636929402206 1.1109078422927303 -0.1570428573741085 1000000.0
1.7833636929402206 1.1109078422927303 -0.1570428573741085 1000000.0
1.7833636929402206 1.1109078422927303 -0.1570428573741085 1000000.0
1.7833636929402206 1.1109078422927303 -0.1570428573741085 1000000.0
1.7833636929402206 1.1109078422927303 -0.1570428573741085 1000000.0
1.7833636929402206 1.1109078422927303 -0.1570428573741085 1000000.0
1.7833636929402206 1.1109078422927303 -0.1570428573741085 1000000.0
1.7833636929402206 1.1109078422927303 -0.1570428573741085 1000000.0
1.7833636929402206 1.1109078422927303 -0.1570428573741085 1000000.0
1.7833636929402206 1.1109078422927303 -0.1570428573741085 1000000.0
1.7833636929402206 1.1109078422927303 -0.1570428573741085 1000000.0
1.7833636929402206 1.1109078422927303 -0.1570428573741085 1000000.0
1.7833636929402206 1.1109078422927303 -0.1570428573741085 1000000.0
1.7833636929402206 1.1109078422927303 -0.1570428573741085 1000000.0
1.7833636929402206 1.1109078422927303 -0.1570428573741085 0.0 1,0,0 coil/filament1/filament2
1.236087115997164 1.5795012106463693 -0.13241956731609966 1000000.0
1.236087115997164 1.5795012106463693 -0.13241956731609966 1000000.0
1.236087115997164 1.5795012106463693 -0.13241956731609966 1000000.0
1.236087115997164 1.5795012106463693 -0.13241956731609966 1000000.0
1.236087115997164 1.5795012106463693 -0.13241956731609966 1000000.0
1.236087115997164 1.5795012106463693 -0.13241956731609966 1000000.0
1.236087115997164 1.5795012106463693 -0.13241956731609966 1000000.0
1.236087115997164 1.5795012106463693 -0.13241956731609966 1000000.0
1.236087115997164 1.5795012106463693 -0.13241956731609966 1000000.0
1.236087115997164 1.5795012106463693 -0.13241956731609966 1000000.0
1.236087115997164 1.5795012106463693 -0.13241956731609966 1000000.0
1.236087115997164 1.5795012106463693 -0.13241956731609966 1000000.0
1.236087115997164 1.5795012106463693 -0.13241956731609966 1000000.0
1.236087115997164 1.5795012106463693 -0.13241956731609966 1000000.0
1.236087115997164 1.5795012106463693 -0.13241956731609966 1000000.0
1.236087115997164 1.5795012106463693 -0.13241956731609966 1000000.0
1.236087115997164 1.5795012106463693 -0.13241956731609966 1000000.0
1.236087115997164 1.5795012106463693 -0.13241956731609966 1000000.0
1.236087115997164 1.5795012106463693 -0.13241956731609966 1000000.0
1.236087115997164 1.5795012106463693 -0.13241956731609966 1000000.0
1.236087115997164 1.5795012106463693 -0.13241956731609966 1000000.0
1.236087115997164 1.5795012106463693 -0.13241956731609966 1000000.0
1.236087115997164 1.5795012106463693 -0.13241956731609966 1000000.0
1.236087115997164 1.5795012106463693 -0.13241956731609966 1000000.0
1.236087115997164 1.5795012106463693 -0.13241956731609966 1000000.0
1.236087115997164 1.5795012106463693 -0.13241956731609966 1000000.0
1.236087115997164 1.5795012106463693 -0.13241956731609966 1000000.0
1.236087115997164 1.5795012106463693 -0.13241956731609966 1000000.0
1.236087115997164 1.5795012106463693 -0.13241956731609966 1000000.0
1.236087115997164 1.5795012106463693 -0.13241956731609966 1000000.0
1.236087115997164 1.5795012106463693 -0.13241956731609966 1000000.0
1.236087115997164 1.5795012106463693 -0.13241956731609966 1000000.0
1.236087115997164 1.5795012106463693 -0.13241956731609966 1000000.0
1.236087115997164 1.5795012106463693 -0.13241956731609966 1000000.0
1.236087115997164 1.5795012106463693 -0.13241956731609966 1000000.0
1.236087115997164 1.5795012106463693 -0.13241956731609966 1000000.0
1.236087115997164 1.5795012106463693 -0.13241956731609966 1000000.0
1.236087115997164 1.5795012106463693 -0.13241956731609966 1000000.0
1.236087115997164 1.5795012106463693 -0.13241956731609966 1000000.0
1.236087115997164 1.5795012106463693 -0.13241956731609966 1000000.0
1.236087115997164 1.5795012106463693 -0.13241956731609966 1000000.0
1.236087115997164 1.5795012106463693 -0.13241956731609966 1000000.0
1.236087115997164 1.5795012106463693 -0.13241956731609966 1000000.0
1.236087115997164 1.5795012106463693 -0.13241956731609966 1000000.0
1.236087115997164 1.5795012106463693 -0.13241956731609966 1000000.0
1.236087115997164 1.5795012106463693 -0.13241956731609966 1000000.0
1.236087115997164 1.5795012106463693 -0.13241956731609966 1000000.0
1.236087115997164 1.5795012106463693 -0.13241956731609966 1000000.0
1.236087115997164 1.5795012106463693 -0.13241956731609966 1000000.0
1.236087115997164 1.5795012106463693 -0.13241956731609966 1000000.0
1.236087115997164 1.5795012106463693 -0.13241956731609966 1000000.0
1.236087115997164 1.5795012106463693 -0.13241956731609966 1000000.0
1.236087115997164 1.5795012106463693 -0.13241956731609966 1000000.0
1.236087115997164 1.5795012106463693 -0.13241956731609966 1000000.0
1.236087115997164 1.5795012106463693 -0.13241956731609966 1000000.0
1.236087115997164 1.5795012106463693 -0.13241956731609966 1000000.0
1.236087115997164 1.5795012106463693 -0.13241956731609966 1000000.0
1.236087115997164 1.5795012106463693 -0.13241956731609966 1000000.0
1.236087115997164 1.5795012106463693 -0.13241956731609966 1000000.0
1.236087115997164 1.5795012106463693 -0.13241956731609966 1000000.0
1.236087115997164 1.5795012106463693 -0.13241956731609966 1000000.0
1.236087115997164 1.5795012106463693 -0.13241956731609966 1000000.0
1.236087115997164 1.5795012106463693 -0.13241956731609966 1000000.0
1.236087115997164 1.5795012106463693 -0.13241956731609966 1000000.0
1.236087115997164 1.5795012106463693 -0.13241956731609966 1000000.0
1.236087115997164 1.5795012106463693 -0.13241956731609966 1000000.0
1.236087115997164 1.5795012106463693 -0.13241956731609966 1000000.0
1.236087115997164 1.5795012106463693 -0.13241956731609966 1000000.0
1.236087115997164 1.5795012106463693 -0.13241956731609966 1000000.0
1.236087115997164 1.5795012106463693 -0.13241956731609966 1000000.0
1.236087115997164 1.5795012106463693 -0.13241956731609966 1000000.0
1.236087115997164 1.5795012106463693 -0.13241956731609966 1000000.0
1.236087115997164 1.5795012106463693 -0.13241956731609966 1000000.0
1.236087115997164 1.5795012106463693 -0.13241956731609966 1000000.0
1.236087115997164 1.5795012106463693 -0.13241956731609966 1000000.0
1.236087115997164 1.5795012106463693 -0.13241956731609966 1000000.0
1.236087115997164 1.5795012106463693 -0.13241956731609966 1000000.0
1.236087115997164 1.5795012106463693 -0.13241956731609966 1000000.0
1.236087115997164 1.5795012106463693 -0.13241956731609966 1000000.0
1.236087115997164 1.5795012106463693 -0.13241956731609966 1000000.0
1.236087115997164 1.5795012106463693 -0.13241956731609966 1000000.0
1.236087115997164 1.5795012106463693 -0.13241956731609966 1000000.0
1.236087115997164 1.5795012106463693 -0.13241956731609966 1000000.0
1.236087115997164 1.5795012106463693 -0.13241956731609966 1000000.0
1.236087115997164 1.5795012106463693 -0.13241956731609966 1000000.0
1.236087115997164 1.5795012106463693 -0.13241956731609966 1000000.0
1.236087115997164 1.5795012106463693 -0.13241956731609966 1000000.0
1.236087115997164 1.5795012106463693 -0.13241956731609966 1000000.0
1.236087115997164 1.5795012106463693 -0.13241956731609966 1000000.0
1.236087115997164 1.5795012106463693 -0.13241956731609966 1000000.0
1.236087115997164 1.5795012106463693 -0.13241956731609966 1000000.0
1.236087115997164 1.5795012106463693 -0.13241956731609966 1000000.0
1.236087115997164 1.5795012106463693 -0.13241956731609966 1000000.0
1.236087115997164 1.5795012106463693 -0.13241956731609966 1000000.0
1.236087115997164 1.5795012106463693 -0.13241956731609966 1000000.0
1.236087115997164 1.5795012106463693 -0.13241956731609966 1000000.0
1.236087115997164 1.5795012106463693 -0.13241956731609966 1000000.0
1.236087115997164 1.5795012106463693 -0.13241956731609966 1000000.0
1.236087115997164 1.5795012106463693 -0.13241956731609966 1000000.0
1.236087115997164 1.5795012106463693 -0.13241956731609966 1000000.0
1.236087115997164 1.5795012106463693 -0.13241956731609966 1000000.0
1.236087115997164 1.5795012106463693 -0.13241956731609966 1000000.0
1.236087115997164 1.5795012106463693 -0.13241956731609966 1000000.0
1.236087115997164 1.5795012106463693 -0.13241956731609966 1000000.0
1.236087115997164 1.5795012106463693 -0.13241956731609966 1000000.0
1.236087115997164 1.5795012106463693 -0.13241956731609966 1000000.0
1.236087115997164 1.5795012106463693 -0.13241956731609966 1000000.0
1.236087115997164 1.5795012106463693 -0.13241956731609966 1000000.0
1.236087115997164 1.5795012106463693 -0.13241956731609966 1000000.0
1.236087115997164 1.5795012106463693 -0.13241956731609966 1000000.0
1.236087115997164 1.5795012106463693 -0.13241956731609966 1000000.0
1.236087115997164 1.5795012106463693 -0.13241956731609966 1000000.0
1.236087115997164 1.5795012106463693 -0.13241956731609966 1000000.0
1.236087115997164 1.5795012106463693 -0.13241956731609966 1000000.0
1.236087115997164 1.5795012106463693 -0.13241956731609966 1000000.0
1.236087115997164 1.5795012106463693 -0.13241956731609966 1000000.0
1.236087115997164 1.5795012106463693 -0.13241956731609966 1000000.0
1.236087115997164 1.5795012106463693 -0.13241956731609966 1000000.0
1.236087115997164 1.5795012106463693 -0.13241956731609966 1000000.0
1.236087115997164 1.5795012106463693 -0.13241956731609966 1000000.0
1.236087115997164 1.5795012106463693 -0.13241956731609966 1000000.0
1.236087115997164 1.5795012106463693 -0.13241956731609966 1000000.0
1.236087115997164 1.5795012106463693 -0.13241956731609966 1000000.0
1.236087115997164 1.5795012106463693 -0.13241956731609966 1000000.0
1.236087115997164 1.5795012106463693 -0.13241956731609966 1000000.0
1.236087115997164 1.5795012106463693 -0.13241956731609966 1000000.0
1.236087115997164 1.5795012106463693 -0.13241956731609966 1000000.0
1.236087115997164 1.5795012106463693 -0.13241956731609966 1000000.0
1.236087115997164 1.5795012106463693 -0.13241956731609966 0.0 2,0,0 coil/filament1/filament2
0.4643232565650273 1.8727593057451972 -0.051661878048712 1000000.0
0.4643232565650273 1.8727593057451972 -0.051661878048712 1000000.0
0.4643232565650273 1.8727593057451972 -0.051661878048712 1000000.0
0.4643232565650273 1.8727593057451972 -0.051661878048712 1000000.0
0.4643232565650273 1.8727593057451972 -0.051661878048712 1000000.0
0.4643232565650273 1.8727593057451972 -0.051661878048712 1000000.0
0.4643232565650273 1.8727593057451972 -0.051661878048712 1000000.0
0.4643232565650273 1.8727593057451972 -0.051661878048712 1000000.0
0.4643232565650273 1.8727593057451972 -0.051661878048712 1000000.0
0.4643232565650273 1.8727593057451972 -0.051661878048712 1000000.0
0.4643232565650273 1.8727593057451972 -0.051661878048712 1000000.0
0.4643232565650273 1.8727593057451972 -0.051661878048712 1000000.0
0.4643232565650273 1.8727593057451972 -0.051661878048712 1000000.0
0.4643232565650273 1.8727593057451972 -0.051661878048712 1000000.0
0.4643232565650273 1.8727593057451972 -0.051661878048712 1000000.0
0.4643232565650273 1.8727593057451972 -0.051661878048712 1000000.0
0.4643232565650273 1.8727593057451972 -0.051661878048712 1000000.0
0.4643232565650273 1.8727593057451972 -0.051661878048712 1000000.0
0.4643232565650273 1.8727593057451972 -0.051661878048712 1000000.0
0.4643232565650273 1.8727593057451972 -0.051661878048712 1000000.0
0.4643232565650273 1.8727593057451972 -0.051661878048712 1000000.0
0.4643232565650273 1.8727593057451972 -0.051661878048712 1000000.0
0.4643232565650273 1.8727593057451972 -0.051661878048712 1000000.0
0.4643232565650273 1.8727593057451972 -0.051661878048712 1000000.0
0.4643232565650273 1.8727593057451972 -0.051661878048712 1000000.0
0.4643232565650273 1.8727593057451972 -0.051661878048712 1000000.0
0.4643232565650273 1.8727593057451972 -0.051661878048712 1000000.0
0.4643232565650273 1.8727593057451972 -0.051661878048712 1000000.0
0.4643232565650273 1.8727593057451972 -0.051661878048712 1000000.0
0.4643232565650273 1.8727593057451972 -0.051661878048712 1000000.0
0.4643232565650273 1.8727593057451972 -0.051661878048712 1000000.0
0.4643232565650273 1.8727593057451972 -0.051661878048712 1000000.0
0.4643232565650273 1.8727593057451972 -0.051661878048712 1000000.0
0.4643232565650273 1.8727593057451972 -0.051661878048712 1000000.0
0.4643232565650273 1.8727593057451972 -0.051661878048712 1000000.0
0.4643232565650273 1.8727593057451972 -0.051661878048712 1000000.0
0.4643232565650273 1.8727593057451972 -0.051661878048712 1000000.0
0.4643232565650273 1.8727593057451972 -0.051661878048712 1000000.0
0.4643232565650273 1.8727593057451972 -0.051661878048712 1000000.0
0.4643232565650273 1.8727593057451972 -0.051661878048712 1000000.0
0.4643232565650273 1.8727593057451972 -0.051661878048712 1000000.0
0.4643232565650273 1.8727593057451972 -0.051661878048712 1000000.0
0.4643232565650273 1.8727593057451972 -0.051661878048712 1000000.0
0.4643232565650273 1.8727593057451972 -0.051661878048712 1000000.0
0.4643232565650273 1.8727593057451972 -0.051661878048712 1000000.0
0.4643232565650273 1.8727593057451972 -0.051661878048712 1000000.0
0.4643232565650273 1.8727593057451972 -0.051661878048712 1000000.0
0.4643232565650273 1.8727593057451972 -0.051661878048712 1000000.0
0.4643232565650273 1.8727593057451972 -0.051661878048712 1000000.0
0.4643232565650273 1.8727593057451972 -0.051661878048712 1000000.0
0.4643232565650273 1.8727593057451972 -0.051661878048712 1000000.0
0.4643232565650273 1.8727593057451972 -0.051661878048712 1000000.0
0.4643232565650273 1.8727593057451972 -0.051661878048712 1000000.0
0.4643232565650273 1.8727593057451972 -0.051661878048712 1000000.0
0.4643232565650273 1.8727593057451972 -0.051661878048712 1000000.0
0.4643232565650273 1.8727593057451972 -0.051661878048712 1000000.0
0.4643232565650273 1.8727593057451972 -0.051661878048712 1000000.0
0.4643232565650273 1.8727593057451972 -0.051661878048712 1000000.0
0.4643232565650273 1.8727593057451972 -0.051661878048712 1000000.0
0.4643232565650273 1.8727593057451972 -0.051661878048712 1000000.0
0.4643232565650273 1.8727593057451972 -0.051661878048712 1000000.0
0.4643232565650273 1.8727593057451972 -0.051661878048712 1000000.0
0.4643232565650273 1.8727593057451972 -0.051661878048712 1000000.0
0.4643232565650273 1.8727593057451972 -0.051661878048712 1000000.0
0.4643232565650273 1.8727593057451972 -0.051661878048712 1000000.0
0.4643232565650273 1.8727593057451972 -0.051661878048712 1000000.0
0.4643232565650273 1.8727593057451972 -0.051661878048712 1000000.0
0.4643232565650273 1.8727593057451972 -0.051661878048712 1000000.0
0.4643232565650273 1.8727593057451972 -0.051661878048712 1000000.0
0.4643232565650273 1.8727593057451972 -0.051661878048712 1000000.0
0.4643232565650273 1.8727593057451972 -0.051661878048712 1000000.0
0.4643232565650273 1.8727593057451972 -0.051661878048712 1000000.0
0.4643232565650273 1.8727593057451972 -0.051661878048712 1000000.0
0.4643232565650273 1.8727593057451972 -0.051661878048712 1000000.0
0.4643232565650273 1.8727593057451972 -0.051661878048712 1000000.0
0.4643232565650273 1.8727593057451972 -0.051661878048712 1000000.0
0.4643232565650273 1.8727593057451972 -0.051661878048712 1000000.0
0.4643232565650273 1.8727593057451972 -0.051661878048712 1000000.0
0.4643232565650273 1.8727593057451972 -0.051661878048712 1000000.0
0.4643232565650273 1.8727593057451972 -0.051661878048712 1000000.0
0.4643232565650273 1.8727593057451972 -0.051661878048712 1000000.0
0.4643232565650273 1.8727593057451972 -0.051661878048712 1000000.0
0.4643232565650273 1.8727593057451972 -0.051661878048712 1000000.0
0.4643232565650273 1.8727593057451972 -0.051661878048712 1000000.0
0.4643232565650273 1.8727593057451972 -0.051661878048712 1000000.0
0.4643232565650273 1.8727593057451972 -0.051661878048712 1000000.0
0.4643232565650273 1.8727593057451972 -0.051661878048712 1000000.0
0.4643232565650273 1.8727593057451972 -0.051661878048712 1000000.0
0.4643232565650273 1.8727593057451972 -0.051661878048712 1000000.0
0.4643232565650273 1.8727593057451972 -0.051661878048712 1000000.0
0.4643232565650273 1.8727593057451972 -0.051661878048712 1000000.0
0.4643232565650273 1.8727593057451972 -0.051661878048712 1000000.0
0.4643232565650273 1.8727593057451972 -0.051661878048712 1000000.0
0.4643232565650273 1.8727593057451972 -0.051661878048712 1000000.0
0.4643232565650273 1.8727593057451972 -0.051661878048712 1000000.0
0.4643232565650273 1.8727593057451972 -0.051661878048712 1000000.0
0.4643232565650273 1.8727593057451972 -0.051661878048712 1000000.0
0.4643232565650273 1.8727593057451972 -0.051661878048712 1000000.0
0.4643232565650273 1.8727593057451972 -0.051661878048712 1000000.0
0.4643232565650273 1.8727593057451972 -0.051661878048712 1000000.0
0.4643232565650273 1.8727593057451972 -0.051661878048712 1000000.0
0.4643232565650273 1.8727593057451972 -0.051661878048712 1000000.0
0.4643232565650273 1.8727593057451972 -0.051661878048712 1000000.0
0.4643232565650273 1.8727593057451972 -0.051661878048712 1000000.0
0.4643232565650273 1.8727593057451972 -0.051661878048712 1000000.0
0.4643232565650273 1.8727593057451972 -0.051661878048712 1000000.0
0.4643232565650273 1.8727593057451972 -0.051661878048712 1000000.0
0.4643232565650273 1.8727593057451972 -0.051661878048712 1000000.0
0.4643232565650273 1.8727593057451972 -0.051661878048712 1000000.0
0.4643232565650273 1.8727593057451972 -0.051661878048712 1000000.0
0.4643232565650273 1.8727593057451972 -0.051661878048712 1000000.0
0.4643232565650273 1.8727593057451972 -0.051661878048712 1000000.0
0.4643232565650273 1.8727593057451972 -0.051661878048712 1000000.0
0.4643232565650273 1.8727593057451972 -0.051661878048712 1000000.0
0.4643232565650273 1.8727593057451972 -0.051661878048712 1000000.0
0.4643232565650273 1.8727593057451972 -0.051661878048712 1000000.0
0.4643232565650273 1.8727593057451972 -0.051661878048712 1000000.0
0.4643232565650273 1.8727593057451972 -0.051661878048712 1000000.0
0.4643232565650273 1.8727593057451972 -0.051661878048712 1000000.0
0.4643232565650273 1.8727593057451972 -0.051661878048712 1000000.0
0.4643232565650273 1.8727593057451972 -0.051661878048712 1000000.0
0.4643232565650273 1.8727593057451972 -0.051661878048712 1000000.0
0.4643232565650273 1.8727593057451972 -0.051661878048712 1000000.0
0.4643232565650273 1.8727593057451972 -0.051661878048712 1000000.0
0.4643232565650273 1.8727593057451972 -0.051661878048712 1000000.0
0.4643232565650273 1.8727593057451972 -0.051661878048712 1000000.0
0.4643232565650273 1.8727593057451972 -0.051661878048712 1000000.0
0.4643232565650273 1.8727593057451972 -0.051661878048712 1000000.0
0.4643232565650273 1.8727593057451972 -0.051661878048712 0.0 3,0,0 coil/filament1/filament2
