periods 0
begin filament
FOCUSADD Coils
6.934543963464234 0.45029876369227995 0.09000174230457017 1000000.0
6.934543963464234 0.45029876369227995 0.09000174230457017 1000000.0
6.934543963464234 0.45029876369227995 0.09000174230457017 1000000.0
6.934543963464234 0.45029876369227995 0.09000174230457017 1000000.0
6.934543963464234 0.45029876369227995 0.09000174230457017 1000000.0
6.934543963464234 0.45029876369227995 0.09000174230457017 1000000.0
6.934543963464234 0.45029876369227995 0.09000174230457017 1000000.0
6.934543963464234 0.45029876369227995 0.09000174230457017 1000000.0
6.934543963464234 0.45029876369227995 0.09000174230457017 1000000.0
6.934543963464234 0.45029876369227995 0.09000174230457017 1000000.0
6.934543963464234 0.45029876369227995 0.09000174230457017 1000000.0
6.934543963464234 0.45029876369227995 0.09000174230457017 1000000.0
6.934543963464234 0.45029876369227995 0.09000174230457017 1000000.0
6.934543963464234 0.45029876369227995 0.09000174230457017 1000000.0
6.934543963464234 0.45029876369227995 0.09000174230457017 1000000.0
6.934543963464234 0.45029876369227995 0.09000174230457017 1000000.0
6.934543963464234 0.45029876369227995 0.09000174230457017 1000000.0
6.934543963464234 0.45029876369227995 0.09000174230457017 1000000.0
6.934543963464234 0.45029876369227995 0.09000174230457017 1000000.0
6.934543963464234 0.45029876369227995 0.09000174230457017 1000000.0
6.934543963464234 0.45029876369227995 0.09000174230457017 1000000.0
6.934543963464234 0.45029876369227995 0.09000174230457017 1000000.0
6.934543963464234 0.45029876369227995 0.09000174230457017 1000000.0
6.934543963464234 0.45029876369227995 0.09000174230457017 1000000.0
6.934543963464234 0.45029876369227995 0.09000174230457017 1000000.0
6.934543963464234 0.45029876369227995 0.09000174230457017 1000000.0
6.934543963464234 0.45029876369227995 0.09000174230457017 1000000.0
6.934543963464234 0.45029876369227995 0.09000174230457017 1000000.0
6.934543963464234 0.45029876369227995 0.09000174230457017 1000000.0
6.934543963464234 0.45029876369227995 0.09000174230457017 1000000.0
6.934543963464234 0.45029876369227995 0.09000174230457017 1000000.0
6.934543963464234 0.45029876369227995 0.09000174230457017 1000000.0
6.934543963464234 0.45029876369227995 0.09000174230457017 1000000.0
6.934543963464234 0.45029876369227995 0.09000174230457017 1000000.0
6.934543963464234 0.45029876369227995 0.09000174230457017 1000000.0
6.934543963464234 0.45029876369227995 0.09000174230457017 1000000.0
6.934543963464234 0.45029876369227995 0.09000174230457017 1000000.0
6.934543963464234 0.45029876369227995 0.09000174230457017 1000000.0
6.934543963464234 0.45029876369227995 0.09000174230457017 1000000.0
6.934543963464234 0.45029876369227995 0.09000174230457017 1000000.0
6.934543963464234 0.45029876369227995 0.09000174230457017 1000000.0
6.934543963464234 0.45029876369227995 0.09000174230457017 1000000.0
6.934543963464234 0.45029876369227995 0.09000174230457017 1000000.0
6.934543963464234 0.45029876369227995 0.09000174230457017 1000000.0
6.934543963464234 0.45029876369227995 0.09000174230457017 1000000.0
6.934543963464234 0.45029876369227995 0.09000174230457017 1000000.0
6.934543963464234 0.45029876369227995 0.09000174230457017 1000000.0
6.934543963464234 0.45029876369227995 0.09000174230457017 1000000.0
6.934543963464234 0.45029876369227995 0.09000174230457017 1000000.0
6.934543963464234 0.45029876369227995 0.09000174230457017 1000000.0
6.934543963464234 0.45029876369227995 0.09000174230457017 1000000.0
6.934543963464234 0.45029876369227995 0.09000174230457017 1000000.0
6.934543963464234 0.45029876369227995 0.09000174230457017 1000000.0
6.934543963464234 0.45029876369227995 0.09000174230457017 1000000.0
6.934543963464234 0.45029876369227995 0.09000174230457017 1000000.0
6.934543963464234 0.45029876369227995 0.09000174230457017 1000000.0
6.934543963464234 0.45029876369227995 0.09000174230457017 1000000.0
6.934543963464234 0.45029876369227995 0.09000174230457017 1000000.0
6.934543963464234 0.45029876369227995 0.09000174230457017 1000000.0
6.934543963464234 0.45029876369227995 0.09000174230457017 1000000.0
6.934543963464234 0.45029876369227995 0.09000174230457017 1000000.0
6.934543963464234 0.45029876369227995 0.09000174230457017 1000000.0
6.934543963464234 0.45029876369227995 0.09000174230457017 1000000.0
6.934543963464234 0.45029876369227995 0.09000174230457017 1000000.0
6.934543963464234 0.45029876369227995 0.09000174230457017 0.0 0,0,0 coil/filament1/filament2
6.612663309844656 1.3275666431606112 0.2177906182066763 1000000.0
6.612663309844656 1.3275666431606112 0.2177906182066763 1000000.0
6.612663309844656 1.3275666431606112 0.2177906182066763 1000000.0
6.612663309844656 1.3275666431606112 0.2177906182066763 1000000.0
6.612663309844656 1.3275666431606112 0.2177906182066763 1000000.0
6.612663309844656 1.3275666431606112 0.2177906182066763 1000000.0
6.612663309844656 1.3275666431606112 0.2177906182066763 1000000.0
6.612663309844656 1.3275666431606112 0.2177906182066763 1000000.0
6.612663309844656 1.3275666431606112 0.2177906182066763 1000000.0
6.612663309844656 1.3275666431606112 0.2177906182066763 1000000.0
6.612663309844656 1.3275666431606112 0.2177906182066763 1000000.0
6.612663309844656 1.3275666431606112 0.2177906182066763 1000000.0
6.612663309844656 1.3275666431606112 0.2177906182066763 1000000.0
6.612663309844656 1.3275666431606112 0.2177906182066763 1000000.0
6.612663309844656 1.3275666431606112 0.2177906182066763 1000000.0
6.612663309844656 1.3275666431606112 0.2177906182066763 1000000.0
6.612663309844656 1.3275666431606112 0.2177906182066763 1000000.0
6.612663309844656 1.3275666431606112 0.2177906182066763 1000000.0
6.612663309844656 1.3275666431606112 0.2177906182066763 1000000.0
6.612663309844656 1.3275666431606112 0.2177906182066763 1000000.0
6.612663309844656 1.3275666431606112 0.2177906182066763 1000000.0
6.612663309844656 1.3275666431606112 0.2177906182066763 1000000.0
6.612663309844656 1.3275666431606112 0.2177906182066763 1000000.0
6.612663309844656 1.3275666431606112 0.2177906182066763 1000000.0
6.612663309844656 1.3275666431606112 0.2177906182066763 1000000.0
6.612663309844656 1.3275666431606112 0.2177906182066763 1000000.0
6.612663309844656 1.3275666431606112 0.2177906182066763 1000000.0
6.612663309844656 1.3275666431606112 0.2177906182066763 1000000.0
6.612663309844656 1.3275666431606112 0.2177906182066763 1000000.0
6.612663309844656 1.3275666431606112 0.2177906182066763 1000000.0
6.612663309844656 1.3275666431606112 0.2177906182066763 1000000.0
6.612663309844656 1.3275666431606112 0.2177906182066763 1000000.0
6.612663309844656 1.3275666431606112 0.2177906182066763 1000000.0
6.612663309844656 1.3275666431606112 0.2177906182066763 1000000.0
6.612663309844656 1.3275666431606112 0.2177906182066763 1000000.0
6.612663309844656 1.3275666431606112 0.2177906182066763 1000000.0
6.612663309844656 1.3275666431606112 0.2177906182066763 1000000.0
6.612663309844656 1.3275666431606112 0.2177906182066763 1000000.0
6.612663309844656 1.3275666431606112 0.2177906182066763 1000000.0
6.612663309844656 1.3275666431606112 0.2177906182066763 1000000.0
6.612663309844656 1.3275666431606112 0.2177906182066763 1000000.0
6.612663309844656 1.3275666431606112 0.2177906182066763 1000000.0
6.612663309844656 1.3275666431606112 0.2177906182066763 1000000.0
6.612663309844656 1.3275666431606112 0.2177906182066763 1000000.0
6.612663309844656 1.3275666431606112 0.2177906182066763 1000000.0
6.612663309844656 1.3275666431606112 0.2177906182066763 1000000.0
6.612663309844656 1.3275666431606112 0.2177906182066763 1000000.0
6.612663309844656 1.3275666431606112 0.2177906182066763 1000000.0
6.612663309844656 1.3275666431606112 0.2177906182066763 1000000.0
6.612663309844656 1.3275666431606112 0.2177906182066763 1000000.0
6.612663309844656 1.3275666431606112 0.2177906182066763 1000000.0
6.612663309844656 1.3275666431606112 0.2177906182066763 1000000.0
6.612663309844656 1.3275666431606112 0.2177906182066763 1000000.0
6.612663309844656 1.3275666431606112 0.2177906182066763 1000000.0
6.612663309844656 1.3275666431606112 0.2177906182066763 1000000.0
6.612663309844656 1.3275666431606112 0.2177906182066763 1000000.0
6.612663309844656 1.3275666431606112 0.2177906182066763 1000000.0
6.612663309844656 1.3275666431606112 0.2177906182066763 1000000.0
6.612663309844656 1.3275666431606112 0.2177906182066763 1000000.0
6.612663309844656 1.3275666431606112 0.2177906182066763 1000000.0
6.612663309844656 1.3275666431606112 0.2177906182066763 1000000.0
6.612663309844656 1.3275666431606112 0.2177906182066763 1000000.0
6.612663309844656 1.3275666431606112 0.2177906182066763 1000000.0
6.612663309844656 1.3275666431606112 0.2177906182066763 1000000.0
6.612663309844656 1.3275666431606112 0.2177906182066763 0.0 1,0,0 coil/filament1/filament2
6.126591113721203 2.077353630623004 0.2115586747949143 1000000.0
6.126591113721203 2.077353630623004 0.2115586747949143 1000000.0
6.126591113721203 2.077353630623004 0.2115586747949143 1000000.0
6.126591113721203 2.077353630623004 0.2115586747949143 1000000.0
6.126591113721203 2.077353630623004 0.2115586747949143 1000000.0
6.126591113721203 2.077353630623004 0.2115586747949143 1000000.0
6.126591113721203 2.077353630623004 0.2115586747949143 1000000.0
6.126591113721203 2.077353630623004 0.2115586747949143 1000000.0
6.126591113721203 2.077353630623004 0.2115586747949143 1000000.0
6.126591113721203 2.077353630623004 0.2115586747949143 1000000.0
6.126591113721203 2.077353630623004 0.2115586747949143 1000000.0
6.126591113721203 2.077353630623004 0.2115586747949143 1000000.0
6.126591113721203 2.077353630623004 0.2115586747949143 1000000.0
6.126591113721203 2.077353630623004 0.2115586747949143 1000000.0
6.126591113721203 2.077353630623004 0.2115586747949143 1000000.0
6.126591113721203 2.077353630623004 0.2115586747949143 1000000.0
6.126591113721203 2.077353630623004 0.2115586747949143 1000000.0
6.126591113721203 2.077353630623004 0.2115586747949143 1000000.0
6.126591113721203 2.077353630623004 0.2115586747949143 1000000.0
6.126591113721203 2.077353630623004 0.2115586747949143 1000000.0
6.126591113721203 2.077353630623004 0.2115586747949143 1000000.0
6.126591113721203 2.077353630623004 0.2115586747949143 1000000.0
6.126591113721203 2.077353630623004 0.2115586747949143 1000000.0
6.126591113721203 2.077353630623004 0.2115586747949143 1000000.0
6.126591113721203 2.077353630623004 0.2115586747949143 1000000.0
6.126591113721203 2.077353630623004 0.2115586747949143 1000000.0
6.126591113721203 2.077353630623004 0.2115586747949143 1000000.0
6.126591113721203 2.077353630623004 0.2115586747949143 1000000.0
6.126591113721203 2.077353630623004 0.2115586747949143 1000000.0
6.126591113721203 2.077353630623004 0.2115586747949143 1000000.0
6.126591113721203 2.077353630623004 0.2115586747949143 1000000.0
6.126591113721203 2.077353630623004 0.2115586747949143 1000000.0
6.126591113721203 2.077353630623004 0.2115586747949143 1000000.0
6.126591113721203 2.077353630623004 0.2115586747949143 1000000.0
6.126591113721203 2.077353630623004 0.2115586747949143 1000000.0
6.126591113721203 2.077353630623004 0.2115586747949143 1000000.0
6.126591113721203 2.077353630623004 0.2115586747949143 1000000.0
6.126591113721203 2.077353630623004 0.2115586747949143 1000000.0
6.126591113721203 2.077353630623004 0.2115586747949143 1000000.0
6.126591113721203 2.077353630623004 0.2115586747949143 1000000.0
6.126591113721203 2.077353630623004 0.2115586747949143 1000000.0
6.126591113721203 2.077353630623004 0.2115586747949143 1000000.0
6.126591113721203 2.077353630623004 0.2115586747949143 1000000.0
6.126591113721203 2.077353630623004 0.2115586747949143 1000000.0
6.126591113721203 2.077353630623004 0.2115586747949143 1000000.0
6.126591113721203 2.077353630623004 0.2115586747949143 1000000.0
6.126591113721203 2.077353630623004 0.2115586747949143 1000000.0
6.126591113721203 2.077353630623004 0.2115586747949143 1000000.0
6.126591113721203 2.077353630623004 0.2115586747949143 1000000.0
6.126591113721203 2.077353630623004 0.2115586747949143 1000000.0
6.126591113721203 2.077353630623004 0.2115586747949143 1000000.0
6.126591113721203 2.077353630623004 0.2115586747949143 1000000.0
6.126591113721203 2.077353630623004 0.2115586747949143 1000000.0
6.126591113721203 2.077353630623004 0.2115586747949143 1000000.0
6.126591113721203 2.077353630623004 0.2115586747949143 1000000.0
6.126591113721203 2.077353630623004 0.2115586747949143 1000000.0
6.126591113721203 2.077353630623004 0.2115586747949143 1000000.0
6.126591113721203 2.077353630623004 0.2115586747949143 1000000.0
6.126591113721203 2.077353630623004 0.2115586747949143 1000000.0
6.126591113721203 2.077353630623004 0.2115586747949143 1000000.0
6.126591113721203 2.077353630623004 0.2115586747949143 1000000.0
6.126591113721203 2.077353630623004 0.2115586747949143 1000000.0
6.126591113721203 2.077353630623004 0.2115586747949143 1000000.0
6.126591113721203 2.077353630623004 0.2115586747949143 1000000.0
6.126591113721203 2.077353630623004 0.2115586747949143 0.0 2,0,0 coil/filament1/filament2
5.741887067062778 2.6430536665912485 0.14797110513682213 1000000.0
5.741887067062778 2.6430536665912485 0.14797110513682213 1000000.0
5.741887067062778 2.6430536665912485 0.14797110513682213 1000000.0
5.741887067062778 2.6430536665912485 0.14797110513682213 1000000.0
5.741887067062778 2.6430536665912485 0.14797110513682213 1000000.0
5.741887067062778 2.6430536665912485 0.14797110513682213 1000000.0
5.741887067062778 2.6430536665912485 0.14797110513682213 1000000.0
5.741887067062778 2.6430536665912485 0.14797110513682213 1000000.0
5.741887067062778 2.6430536665912485 0.14797110513682213 1000000.0
5.741887067062778 2.6430536665912485 0.14797110513682213 1000000.0
5.741887067062778 2.6430536665912485 0.14797110513682213 1000000.0
5.741887067062778 2.6430536665912485 0.14797110513682213 1000000.0
5.741887067062778 2.6430536665912485 0.14797110513682213 1000000.0
5.741887067062778 2.6430536665912485 0.14797110513682213 1000000.0
5.741887067062778 2.6430536665912485 0.14797110513682213 1000000.0
5.741887067062778 2.6430536665912485 0.14797110513682213 1000000.0
5.741887067062778 2.6430536665912485 0.14797110513682213 1000000.0
5.741887067062778 2.6430536665912485 0.14797110513682213 1000000.0
5.741887067062778 2.6430536665912485 0.14797110513682213 1000000.0
5.741887067062778 2.6430536665912485 0.14797110513682213 1000000.0
5.741887067062778 2.6430536665912485 0.14797110513682213 1000000.0
5.741887067062778 2.6430536665912485 0.14797110513682213 1000000.0
5.741887067062778 2.6430536665912485 0.14797110513682213 1000000.0
5.741887067062778 2.6430536665912485 0.14797110513682213 1000000.0
5.741887067062778 2.6430536665912485 0.14797110513682213 1000000.0
5.741887067062778 2.6430536665912485 0.14797110513682213 1000000.0
5.741887067062778 2.6430536665912485 0.14797110513682213 1000000.0
5.741887067062778 2.6430536665912485 0.14797110513682213 1000000.0
5.741887067062778 2.6430536665912485 0.14797110513682213 1000000.0
5.741887067062778 2.6430536665912485 0.14797110513682213 1000000.0
5.741887067062778 2.6430536665912485 0.14797110513682213 1000000.0
5.741887067062778 2.6430536665912485 0.14797110513682213 1000000.0
5.741887067062778 2.6430536665912485 0.14797110513682213 1000000.0
5.741887067062778 2.6430536665912485 0.14797110513682213 1000000.0
5.741887067062778 2.6430536665912485 0.14797110513682213 1000000.0
5.741887067062778 2.6430536665912485 0.14797110513682213 1000000.0
5.741887067062778 2.6430536665912485 0.14797110513682213 1000000.0
5.741887067062778 2.6430536665912485 0.14797110513682213 1000000.0
5.741887067062778 2.6430536665912485 0.14797110513682213 1000000.0
5.741887067062778 2.6430536665912485 0.14797110513682213 1000000.0
5.741887067062778 2.6430536665912485 0.14797110513682213 1000000.0
5.741887067062778 2.6430536665912485 0.14797110513682213 1000000.0
5.741887067062778 2.6430536665912485 0.14797110513682213 1000000.0
5.741887067062778 2.6430536665912485 0.14797110513682213 1000000.0
5.741887067062778 2.6430536665912485 0.14797110513682213 1000000.0
5.741887067062778 2.6430536665912485 0.14797110513682213 1000000.0
5.741887067062778 2.6430536665912485 0.14797110513682213 1000000.0
5.741887067062778 2.6430536665912485 0.14797110513682213 1000000.0
5.741887067062778 2.6430536665912485 0.14797110513682213 1000000.0
5.741887067062778 2.6430536665912485 0.14797110513682213 1000000.0
5.741887067062778 2.6430536665912485 0.14797110513682213 1000000.0
5.741887067062778 2.6430536665912485 0.14797110513682213 1000000.0
5.741887067062778 2.6430536665912485 0.14797110513682213 1000000.0
5.741887067062778 2.6430536665912485 0.14797110513682213 1000000.0
5.741887067062778 2.6430536665912485 0.14797110513682213 1000000.0
5.741887067062778 2.6430536665912485 0.14797110513682213 1000000.0
5.741887067062778 2.6430536665912485 0.14797110513682213 1000000.0
5.741887067062778 2.6430536665912485 0.14797110513682213 1000000.0
5.741887067062778 2.6430536665912485 0.14797110513682213 1000000.0
5.741887067062778 2.6430536665912485 0.14797110513682213 1000000.0
5.741887067062778 2.6430536665912485 0.14797110513682213 1000000.0
5.741887067062778 2.6430536665912485 0.14797110513682213 1000000.0
5.741887067062778 2.6430536665912485 0.14797110513682213 1000000.0
5.741887067062778 2.6430536665912485 0.14797110513682213 1000000.0
5.741887067062778 2.6430536665912485 0.14797110513682213 0.0 3,0,0 coil/filament1/filament2
5.396107002663207 3.280863385246948 0.01689623212387788 1000000.0
5.396107002663207 3.280863385246948 0.01689623212387788 1000000.0
5.396107002663207 3.280863385246948 0.01689623212387788 1000000.0
5.396107002663207 3.280863385246948 0.01689623212387788 1000000.0
5.396107002663207 3.280863385246948 0.01689623212387788 1000000.0
5.396107002663207 3.280863385246948 0.01689623212387788 1000000.0
5.396107002663207 3.280863385246948 0.01689623212387788 1000000.0
5.396107002663207 3.280863385246948 0.01689623212387788 1000000.0
5.396107002663207 3.280863385246948 0.01689623212387788 1000000.0
5.396107002663207 3.280863385246948 0.01689623212387788 1000000.0
5.396107002663207 3.280863385246948 0.01689623212387788 1000000.0
5.396107002663207 3.280863385246948 0.01689623212387788 1000000.0
5.396107002663207 3.280863385246948 0.01689623212387788 1000000.0
5.396107002663207 3.280863385246948 0.01689623212387788 1000000.0
5.396107002663207 3.280863385246948 0.01689623212387788 1000000.0
5.396107002663207 3.280863385246948 0.01689623212387788 1000000.0
5.396107002663207 3.280863385246948 0.01689623212387788 1000000.0
5.396107002663207 3.280863385246948 0.01689623212387788 1000000.0
5.396107002663207 3.280863385246948 0.01689623212387788 1000000.0
5.396107002663207 3.280863385246948 0.01689623212387788 1000000.0
5.396107002663207 3.280863385246948 0.01689623212387788 1000000.0
5.396107002663207 3.280863385246948 0.01689623212387788 1000000.0
5.396107002663207 3.280863385246948 0.01689623212387788 1000000.0
5.396107002663207 3.280863385246948 0.01689623212387788 1000000.0
5.396107002663207 3.280863385246948 0.01689623212387788 1000000.0
5.396107002663207 3.280863385246948 0.01689623212387788 1000000.0
5.396107002663207 3.280863385246948 0.01689623212387788 1000000.0
5.396107002663207 3.280863385246948 0.01689623212387788 1000000.0
5.396107002663207 3.280863385246948 0.01689623212387788 1000000.0
5.396107002663207 3.280863385246948 0.01689623212387788 1000000.0
5.396107002663207 3.280863385246948 0.01689623212387788 1000000.0
5.396107002663207 3.280863385246948 0.01689623212387788 1000000.0
5.396107002663207 3.280863385246948 0.01689623212387788 1000000.0
5.396107002663207 3.280863385246948 0.01689623212387788 1000000.0
5.396107002663207 3.280863385246948 0.01689623212387788 1000000.0
5.396107002663207 3.280863385246948 0.01689623212387788 1000000.0
5.396107002663207 3.280863385246948 0.01689623212387788 1000000.0
5.396107002663207 3.280863385246948 0.01689623212387788 1000000.0
5.396107002663207 3.280863385246948 0.01689623212387788 1000000.0
5.396107002663207 3.280863385246948 0.01689623212387788 1000000.0
5.396107002663207 3.280863385246948 0.01689623212387788 1000000.0
5.396107002663207 3.280863385246948 0.01689623212387788 1000000.0
5.396107002663207 3.280863385246948 0.01689623212387788 1000000.0
5.396107002663207 3.280863385246948 0.01689623212387788 1000000.0
5.396107002663207 3.280863385246948 0.01689623212387788 1000000.0
5.396107002663207 3.280863385246948 0.01689623212387788 1000000.0
5.396107002663207 3.280863385246948 0.01689623212387788 1000000.0
5.396107002663207 3.280863385246948 0.01689623212387788 1000000.0
5.396107002663207 3.280863385246948 0.01689623212387788 1000000.0
5.396107002663207 3.280863385246948 0.01689623212387788 1000000.0
5.396107002663207 3.280863385246948 0.01689623212387788 1000000.0
5.396107002663207 3.280863385246948 0.01689623212387788 1000000.0
5.396107002663207 3.280863385246948 0.01689623212387788 1000000.0
5.396107002663207 3.280863385246948 0.01689623212387788 1000000.0
5.396107002663207 3.280863385246948 0.01689623212387788 1000000.0
5.396107002663207 3.280863385246948 0.01689623212387788 1000000.0
5.396107002663207 3.280863385246948 0.01689623212387788 1000000.0
5.396107002663207 3.280863385246948 0.01689623212387788 1000000.0
5.396107002663207 3.280863385246948 0.01689623212387788 1000000.0
5.396107002663207 3.280863385246948 0.01689623212387788 1000000.0
5.396107002663207 3.280863385246948 0.01689623212387788 1000000.0
5.396107002663207 3.280863385246948 0.01689623212387788 1000000.0
5.396107002663207 3.280863385246948 0.01689623212387788 1000000.0
5.396107002663207 3.280863385246948 0.01689623212387788 1000000.0
5.396107002663207 3.280863385246948 0.01689623212387788 0.0 4,0,0 coil/filament1/filament2
