periods 0
begin filament
FOCUSADD Coils
6.884275754327582 0.4522601870908378 0.08841001532951717 250000.0
6.834526690099799 0.4476819467196507 0.08639251103867604 250000.0
6.834526690099799 0.4476819467196507 0.08639251103867604 250000.0
6.834526690099799 0.4476819467196507 0.08639251103867604 250000.0
6.834526690099799 0.4476819467196507 0.08639251103867604 250000.0
6.834526690099799 0.4476819467196507 0.08639251103867604 250000.0
6.834526690099799 0.4476819467196507 0.08639251103867604 250000.0
6.834526690099799 0.4476819467196507 0.08639251103867604 250000.0
6.834526690099799 0.4476819467196507 0.08639251103867604 250000.0
6.834526690099799 0.4476819467196507 0.08639251103867604 250000.0
6.834526690099799 0.4476819467196507 0.08639251103867604 250000.0
6.834526690099799 0.4476819467196507 0.08639251103867604 250000.0
6.834526690099799 0.4476819467196507 0.08639251103867604 250000.0
6.834526690099799 0.4476819467196507 0.08639251103867604 250000.0
6.834526690099799 0.4476819467196507 0.08639251103867604 250000.0
6.834526690099799 0.4476819467196507 0.08639251103867604 250000.0
6.834526690099799 0.4476819467196507 0.08639251103867604 250000.0
6.834526690099799 0.4476819467196507 0.08639251103867604 250000.0
6.834526690099799 0.4476819467196507 0.08639251103867604 250000.0
6.834526690099799 0.4476819467196507 0.08639251103867604 250000.0
6.834526690099799 0.4476819467196507 0.08639251103867604 250000.0
6.834526690099799 0.4476819467196507 0.08639251103867604 250000.0
6.834526690099799 0.4476819467196507 0.08639251103867604 250000.0
6.834526690099799 0.4476819467196507 0.08639251103867604 250000.0
6.834526690099799 0.4476819467196507 0.08639251103867604 250000.0
6.834526690099799 0.4476819467196507 0.08639251103867604 250000.0
6.834526690099799 0.4476819467196507 0.08639251103867604 250000.0
6.834526690099799 0.4476819467196507 0.08639251103867604 250000.0
6.834526690099799 0.4476819467196507 0.08639251103867604 250000.0
6.834526690099799 0.4476819467196507 0.08639251103867604 250000.0
6.834526690099799 0.4476819467196507 0.08639251103867604 250000.0
6.834526690099799 0.4476819467196507 0.08639251103867604 250000.0
6.834526690099799 0.4476819467196507 0.08639251103867604 250000.0
6.834526690099799 0.4476819467196507 0.08639251103867604 250000.0
6.834526690099799 0.4476819467196507 0.08639251103867604 250000.0
6.834526690099799 0.4476819467196507 0.08639251103867604 250000.0
6.834526690099799 0.4476819467196507 0.08639251103867604 250000.0
6.834526690099799 0.4476819467196507 0.08639251103867604 250000.0
6.834526690099799 0.4476819467196507 0.08639251103867604 250000.0
6.834526690099799 0.4476819467196507 0.08639251103867604 250000.0
6.834526690099799 0.4476819467196507 0.08639251103867604 250000.0
6.834526690099799 0.4476819467196507 0.08639251103867604 250000.0
6.834526690099799 0.4476819467196507 0.08639251103867604 250000.0
6.834526690099799 0.4476819467196507 0.08639251103867604 250000.0
6.834526690099799 0.4476819467196507 0.08639251103867604 250000.0
6.834526690099799 0.4476819467196507 0.08639251103867604 250000.0
6.834526690099799 0.4476819467196507 0.08639251103867604 250000.0
6.834526690099799 0.4476819467196507 0.08639251103867604 250000.0
6.834526690099799 0.4476819467196507 0.08639251103867604 250000.0
6.834526690099799 0.4476819467196507 0.08639251103867604 250000.0
6.834526690099799 0.4476819467196507 0.08639251103867604 250000.0
6.834526690099799 0.4476819467196507 0.08639251103867604 250000.0
6.834526690099799 0.4476819467196507 0.08639251103867604 250000.0
6.834526690099799 0.4476819467196507 0.08639251103867604 250000.0
6.834526690099799 0.4476819467196507 0.08639251103867604 250000.0
6.834526690099799 0.4476819467196507 0.08639251103867604 250000.0
6.834526690099799 0.4476819467196507 0.08639251103867604 250000.0
6.834526690099799 0.4476819467196507 0.08639251103867604 250000.0
6.834526690099799 0.4476819467196507 0.08639251103867604 250000.0
6.834526690099799 0.4476819467196507 0.08639251103867604 250000.0
6.834526690099799 0.4476819467196507 0.08639251103867604 250000.0
6.834526690099799 0.4476819467196507 0.08639251103867604 250000.0
6.834526690099799 0.4476819467196507 0.08639251103867604 250000.0
6.834526690099799 0.4476819467196507 0.08639251103867604 250000.0
6.884275754327582 0.4522601870908378 0.08841001532951717 0.0 0,0,0 coil/filament1/filament2
6.8772053930938535 0.45279104656265196 0.1837518723965845 250000.0
6.827700233263748 0.4481810583920241 0.17846158324925226 250000.0
6.827700233263748 0.4481810583920241 0.17846158324925226 250000.0
6.827700233263748 0.4481810583920241 0.17846158324925226 250000.0
6.827700233263748 0.4481810583920241 0.17846158324925226 250000.0
6.827700233263748 0.4481810583920241 0.17846158324925226 250000.0
6.827700233263748 0.4481810583920241 0.17846158324925226 250000.0
6.827700233263748 0.4481810583920241 0.17846158324925226 250000.0
6.827700233263748 0.4481810583920241 0.17846158324925226 250000.0
6.827700233263748 0.4481810583920241 0.17846158324925226 250000.0
6.827700233263748 0.4481810583920241 0.17846158324925226 250000.0
6.827700233263748 0.4481810583920241 0.17846158324925226 250000.0
6.827700233263748 0.4481810583920241 0.17846158324925226 250000.0
6.827700233263748 0.4481810583920241 0.17846158324925226 250000.0
6.827700233263748 0.4481810583920241 0.17846158324925226 250000.0
6.827700233263748 0.4481810583920241 0.17846158324925226 250000.0
6.827700233263748 0.4481810583920241 0.17846158324925226 250000.0
6.827700233263748 0.4481810583920241 0.17846158324925226 250000.0
6.827700233263748 0.4481810583920241 0.17846158324925226 250000.0
6.827700233263748 0.4481810583920241 0.17846158324925226 250000.0
6.827700233263748 0.4481810583920241 0.17846158324925226 250000.0
6.827700233263748 0.4481810583920241 0.17846158324925226 250000.0
6.827700233263748 0.4481810583920241 0.17846158324925226 250000.0
6.827700233263748 0.4481810583920241 0.17846158324925226 250000.0
6.827700233263748 0.4481810583920241 0.17846158324925226 250000.0
6.827700233263748 0.4481810583920241 0.17846158324925226 250000.0
6.827700233263748 0.4481810583920241 0.17846158324925226 250000.0
6.827700233263748 0.4481810583920241 0.17846158324925226 250000.0
6.827700233263748 0.4481810583920241 0.17846158324925226 250000.0
6.827700233263748 0.4481810583920241 0.17846158324925226 250000.0
6.827700233263748 0.4481810583920241 0.17846158324925226 250000.0
6.827700233263748 0.4481810583920241 0.17846158324925226 250000.0
6.827700233263748 0.4481810583920241 0.17846158324925226 250000.0
6.827700233263748 0.4481810583920241 0.17846158324925226 250000.0
6.827700233263748 0.4481810583920241 0.17846158324925226 250000.0
6.827700233263748 0.4481810583920241 0.17846158324925226 250000.0
6.827700233263748 0.4481810583920241 0.17846158324925226 250000.0
6.827700233263748 0.4481810583920241 0.17846158324925226 250000.0
6.827700233263748 0.4481810583920241 0.17846158324925226 250000.0
6.827700233263748 0.4481810583920241 0.17846158324925226 250000.0
6.827700233263748 0.4481810583920241 0.17846158324925226 250000.0
6.827700233263748 0.4481810583920241 0.17846158324925226 250000.0
6.827700233263748 0.4481810583920241 0.17846158324925226 250000.0
6.827700233263748 0.4481810583920241 0.17846158324925226 250000.0
6.827700233263748 0.4481810583920241 0.17846158324925226 250000.0
6.827700233263748 0.4481810583920241 0.17846158324925226 250000.0
6.827700233263748 0.4481810583920241 0.17846158324925226 250000.0
6.827700233263748 0.4481810583920241 0.17846158324925226 250000.0
6.827700233263748 0.4481810583920241 0.17846158324925226 250000.0
6.827700233263748 0.4481810583920241 0.17846158324925226 250000.0
6.827700233263748 0.4481810583920241 0.17846158324925226 250000.0
6.827700233263748 0.4481810583920241 0.17846158324925226 250000.0
6.827700233263748 0.4481810583920241 0.17846158324925226 250000.0
6.827700233263748 0.4481810583920241 0.17846158324925226 250000.0
6.827700233263748 0.4481810583920241 0.17846158324925226 250000.0
6.827700233263748 0.4481810583920241 0.17846158324925226 250000.0
6.827700233263748 0.4481810583920241 0.17846158324925226 250000.0
6.827700233263748 0.4481810583920241 0.17846158324925226 250000.0
6.827700233263748 0.4481810583920241 0.17846158324925226 250000.0
6.827700233263748 0.4481810583920241 0.17846158324925226 250000.0
6.827700233263748 0.4481810583920241 0.17846158324925226 250000.0
6.827700233263748 0.4481810583920241 0.17846158324925226 250000.0
6.827700233263748 0.4481810583920241 0.17846158324925226 250000.0
6.827700233263748 0.4481810583920241 0.17846158324925226 250000.0
6.8772053930938535 0.45279104656265196 0.1837518723965845 0.0 0,0,1 coil/filament1/filament2
6.888844795104785 0.4024704094993085 0.08872925467907175 250000.0
6.839095730877002 0.3978921691281214 0.08671175038823062 250000.0
6.839095730877002 0.3978921691281214 0.08671175038823062 250000.0
6.839095730877002 0.3978921691281214 0.08671175038823062 250000.0
6.839095730877002 0.3978921691281214 0.08671175038823062 250000.0
6.839095730877002 0.3978921691281214 0.08671175038823062 250000.0
6.839095730877002 0.3978921691281214 0.08671175038823062 250000.0
6.839095730877002 0.3978921691281214 0.08671175038823062 250000.0
6.839095730877002 0.3978921691281214 0.08671175038823062 250000.0
6.839095730877002 0.3978921691281214 0.08671175038823062 250000.0
6.839095730877002 0.3978921691281214 0.08671175038823062 250000.0
6.839095730877002 0.3978921691281214 0.08671175038823062 250000.0
6.839095730877002 0.3978921691281214 0.08671175038823062 250000.0
6.839095730877002 0.3978921691281214 0.08671175038823062 250000.0
6.839095730877002 0.3978921691281214 0.08671175038823062 250000.0
6.839095730877002 0.3978921691281214 0.08671175038823062 250000.0
6.839095730877002 0.3978921691281214 0.08671175038823062 250000.0
6.839095730877002 0.3978921691281214 0.08671175038823062 250000.0
6.839095730877002 0.3978921691281214 0.08671175038823062 250000.0
6.839095730877002 0.3978921691281214 0.08671175038823062 250000.0
6.839095730877002 0.3978921691281214 0.08671175038823062 250000.0
6.839095730877002 0.3978921691281214 0.08671175038823062 250000.0
6.839095730877002 0.3978921691281214 0.08671175038823062 250000.0
6.839095730877002 0.3978921691281214 0.08671175038823062 250000.0
6.839095730877002 0.3978921691281214 0.08671175038823062 250000.0
6.839095730877002 0.3978921691281214 0.08671175038823062 250000.0
6.839095730877002 0.3978921691281214 0.08671175038823062 250000.0
6.839095730877002 0.3978921691281214 0.08671175038823062 250000.0
6.839095730877002 0.3978921691281214 0.08671175038823062 250000.0
6.839095730877002 0.3978921691281214 0.08671175038823062 250000.0
6.839095730877002 0.3978921691281214 0.08671175038823062 250000.0
6.839095730877002 0.3978921691281214 0.08671175038823062 250000.0
6.839095730877002 0.3978921691281214 0.08671175038823062 250000.0
6.839095730877002 0.3978921691281214 0.08671175038823062 250000.0
6.839095730877002 0.3978921691281214 0.08671175038823062 250000.0
6.839095730877002 0.3978921691281214 0.08671175038823062 250000.0
6.839095730877002 0.3978921691281214 0.08671175038823062 250000.0
6.839095730877002 0.3978921691281214 0.08671175038823062 250000.0
6.839095730877002 0.3978921691281214 0.08671175038823062 250000.0
6.839095730877002 0.3978921691281214 0.08671175038823062 250000.0
6.839095730877002 0.3978921691281214 0.08671175038823062 250000.0
6.839095730877002 0.3978921691281214 0.08671175038823062 250000.0
6.839095730877002 0.3978921691281214 0.08671175038823062 250000.0
6.839095730877002 0.3978921691281214 0.08671175038823062 250000.0
6.839095730877002 0.3978921691281214 0.08671175038823062 250000.0
6.839095730877002 0.3978921691281214 0.08671175038823062 250000.0
6.839095730877002 0.3978921691281214 0.08671175038823062 250000.0
6.839095730877002 0.3978921691281214 0.08671175038823062 250000.0
6.839095730877002 0.3978921691281214 0.08671175038823062 250000.0
6.839095730877002 0.3978921691281214 0.08671175038823062 250000.0
6.839095730877002 0.3978921691281214 0.08671175038823062 250000.0
6.839095730877002 0.3978921691281214 0.08671175038823062 250000.0
6.839095730877002 0.3978921691281214 0.08671175038823062 250000.0
6.839095730877002 0.3978921691281214 0.08671175038823062 250000.0
6.839095730877002 0.3978921691281214 0.08671175038823062 250000.0
6.839095730877002 0.3978921691281214 0.08671175038823062 250000.0
6.839095730877002 0.3978921691281214 0.08671175038823062 250000.0
6.839095730877002 0.3978921691281214 0.08671175038823062 250000.0
6.839095730877002 0.3978921691281214 0.08671175038823062 250000.0
6.839095730877002 0.3978921691281214 0.08671175038823062 250000.0
6.839095730877002 0.3978921691281214 0.08671175038823062 250000.0
6.839095730877002 0.3978921691281214 0.08671175038823062 250000.0
6.839095730877002 0.3978921691281214 0.08671175038823062 250000.0
6.839095730877002 0.3978921691281214 0.08671175038823062 250000.0
6.888844795104785 0.4024704094993085 0.08872925467907175 0.0 0,1,0 coil/filament1/filament2
6.8817520227443065 0.4030052370157908 0.18458932483421014 250000.0
6.832246862914201 0.3983952488451629 0.1792990356868779 250000.0
6.832246862914201 0.3983952488451629 0.1792990356868779 250000.0
6.832246862914201 0.3983952488451629 0.1792990356868779 250000.0
6.832246862914201 0.3983952488451629 0.1792990356868779 250000.0
6.832246862914201 0.3983952488451629 0.1792990356868779 250000.0
6.832246862914201 0.3983952488451629 0.1792990356868779 250000.0
6.832246862914201 0.3983952488451629 0.1792990356868779 250000.0
6.832246862914201 0.3983952488451629 0.1792990356868779 250000.0
6.832246862914201 0.3983952488451629 0.1792990356868779 250000.0
6.832246862914201 0.3983952488451629 0.1792990356868779 250000.0
6.832246862914201 0.3983952488451629 0.1792990356868779 250000.0
6.832246862914201 0.3983952488451629 0.1792990356868779 250000.0
6.832246862914201 0.3983952488451629 0.1792990356868779 250000.0
6.832246862914201 0.3983952488451629 0.1792990356868779 250000.0
6.832246862914201 0.3983952488451629 0.1792990356868779 250000.0
6.832246862914201 0.3983952488451629 0.1792990356868779 250000.0
6.832246862914201 0.3983952488451629 0.1792990356868779 250000.0
6.832246862914201 0.3983952488451629 0.1792990356868779 250000.0
6.832246862914201 0.3983952488451629 0.1792990356868779 250000.0
6.832246862914201 0.3983952488451629 0.1792990356868779 250000.0
6.832246862914201 0.3983952488451629 0.1792990356868779 250000.0
6.832246862914201 0.3983952488451629 0.1792990356868779 250000.0
6.832246862914201 0.3983952488451629 0.1792990356868779 250000.0
6.832246862914201 0.3983952488451629 0.1792990356868779 250000.0
6.832246862914201 0.3983952488451629 0.1792990356868779 250000.0
6.832246862914201 0.3983952488451629 0.1792990356868779 250000.0
6.832246862914201 0.3983952488451629 0.1792990356868779 250000.0
6.832246862914201 0.3983952488451629 0.1792990356868779 250000.0
6.832246862914201 0.3983952488451629 0.1792990356868779 250000.0
6.832246862914201 0.3983952488451629 0.1792990356868779 250000.0
6.832246862914201 0.3983952488451629 0.1792990356868779 250000.0
6.832246862914201 0.3983952488451629 0.1792990356868779 250000.0
6.832246862914201 0.3983952488451629 0.1792990356868779 250000.0
6.832246862914201 0.3983952488451629 0.1792990356868779 250000.0
6.832246862914201 0.3983952488451629 0.1792990356868779 250000.0
6.832246862914201 0.3983952488451629 0.1792990356868779 250000.0
6.832246862914201 0.3983952488451629 0.1792990356868779 250000.0
6.832246862914201 0.3983952488451629 0.1792990356868779 250000.0
6.832246862914201 0.3983952488451629 0.1792990356868779 250000.0
6.832246862914201 0.3983952488451629 0.1792990356868779 250000.0
6.832246862914201 0.3983952488451629 0.1792990356868779 250000.0
6.832246862914201 0.3983952488451629 0.1792990356868779 250000.0
6.832246862914201 0.3983952488451629 0.1792990356868779 250000.0
6.832246862914201 0.3983952488451629 0.1792990356868779 250000.0
6.832246862914201 0.3983952488451629 0.1792990356868779 250000.0
6.832246862914201 0.3983952488451629 0.1792990356868779 250000.0
6.832246862914201 0.3983952488451629 0.1792990356868779 250000.0
6.832246862914201 0.3983952488451629 0.1792990356868779 250000.0
6.832246862914201 0.3983952488451629 0.1792990356868779 250000.0
6.832246862914201 0.3983952488451629 0.1792990356868779 250000.0
6.832246862914201 0.3983952488451629 0.1792990356868779 250000.0
6.832246862914201 0.3983952488451629 0.1792990356868779 250000.0
6.832246862914201 0.3983952488451629 0.1792990356868779 250000.0
6.832246862914201 0.3983952488451629 0.1792990356868779 250000.0
6.832246862914201 0.3983952488451629 0.1792990356868779 250000.0
6.832246862914201 0.3983952488451629 0.1792990356868779 250000.0
6.832246862914201 0.3983952488451629 0.1792990356868779 250000.0
6.832246862914201 0.3983952488451629 0.1792990356868779 250000.0
6.832246862914201 0.3983952488451629 0.1792990356868779 250000.0
6.832246862914201 0.3983952488451629 0.1792990356868779 250000.0
6.832246862914201 0.3983952488451629 0.1792990356868779 250000.0
6.832246862914201 0.3983952488451629 0.1792990356868779 250000.0
6.832246862914201 0.3983952488451629 0.1792990356868779 250000.0
6.8817520227443065 0.4030052370157908 0.18458932483421014 0.0 0,1,1 coil/filament1/filament2
6.659831196343226 1.3629832696628352 0.217767097044414 250000.0
6.613212183372522 1.3473333997930677 0.20872557047548368 250000.0
6.613212183372522 1.3473333997930677 0.20872557047548368 250000.0
6.613212183372522 1.3473333997930677 0.20872557047548368 250000.0
6.613212183372522 1.3473333997930677 0.20872557047548368 250000.0
6.613212183372522 1.3473333997930677 0.20872557047548368 250000.0
6.613212183372522 1.3473333997930677 0.20872557047548368 250000.0
6.613212183372522 1.3473333997930677 0.20872557047548368 250000.0
6.613212183372522 1.3473333997930677 0.20872557047548368 250000.0
6.613212183372522 1.3473333997930677 0.20872557047548368 250000.0
6.613212183372522 1.3473333997930677 0.20872557047548368 250000.0
6.613212183372522 1.3473333997930677 0.20872557047548368 250000.0
6.613212183372522 1.3473333997930677 0.20872557047548368 250000.0
6.613212183372522 1.3473333997930677 0.20872557047548368 250000.0
6.613212183372522 1.3473333997930677 0.20872557047548368 250000.0
6.613212183372522 1.3473333997930677 0.20872557047548368 250000.0
6.613212183372522 1.3473333997930677 0.20872557047548368 250000.0
6.613212183372522 1.3473333997930677 0.20872557047548368 250000.0
6.613212183372522 1.3473333997930677 0.20872557047548368 250000.0
6.613212183372522 1.3473333997930677 0.20872557047548368 250000.0
6.613212183372522 1.3473333997930677 0.20872557047548368 250000.0
6.613212183372522 1.3473333997930677 0.20872557047548368 250000.0
6.613212183372522 1.3473333997930677 0.20872557047548368 250000.0
6.613212183372522 1.3473333997930677 0.20872557047548368 250000.0
6.613212183372522 1.3473333997930677 0.20872557047548368 250000.0
6.613212183372522 1.3473333997930677 0.20872557047548368 250000.0
6.613212183372522 1.3473333997930677 0.20872557047548368 250000.0
6.613212183372522 1.3473333997930677 0.20872557047548368 250000.0
6.613212183372522 1.3473333997930677 0.20872557047548368 250000.0
6.613212183372522 1.3473333997930677 0.20872557047548368 250000.0
6.613212183372522 1.3473333997930677 0.20872557047548368 250000.0
6.613212183372522 1.3473333997930677 0.20872557047548368 250000.0
6.613212183372522 1.3473333997930677 0.20872557047548368 250000.0
6.613212183372522 1.3473333997930677 0.20872557047548368 250000.0
6.613212183372522 1.3473333997930677 0.20872557047548368 250000.0
6.613212183372522 1.3473333997930677 0.20872557047548368 250000.0
6.613212183372522 1.3473333997930677 0.20872557047548368 250000.0
6.613212183372522 1.3473333997930677 0.20872557047548368 250000.0
6.613212183372522 1.3473333997930677 0.20872557047548368 250000.0
6.613212183372522 1.3473333997930677 0.20872557047548368 250000.0
6.613212183372522 1.3473333997930677 0.20872557047548368 250000.0
6.613212183372522 1.3473333997930677 0.20872557047548368 250000.0
6.613212183372522 1.3473333997930677 0.20872557047548368 250000.0
6.613212183372522 1.3473333997930677 0.20872557047548368 250000.0
6.613212183372522 1.3473333997930677 0.20872557047548368 250000.0
6.613212183372522 1.3473333997930677 0.20872557047548368 250000.0
6.613212183372522 1.3473333997930677 0.20872557047548368 250000.0
6.613212183372522 1.3473333997930677 0.20872557047548368 250000.0
6.613212183372522 1.3473333997930677 0.20872557047548368 250000.0
6.613212183372522 1.3473333997930677 0.20872557047548368 250000.0
6.613212183372522 1.3473333997930677 0.20872557047548368 250000.0
6.613212183372522 1.3473333997930677 0.20872557047548368 250000.0
6.613212183372522 1.3473333997930677 0.20872557047548368 250000.0
6.613212183372522 1.3473333997930677 0.20872557047548368 250000.0
6.613212183372522 1.3473333997930677 0.20872557047548368 250000.0
6.613212183372522 1.3473333997930677 0.20872557047548368 250000.0
6.613212183372522 1.3473333997930677 0.20872557047548368 250000.0
6.613212183372522 1.3473333997930677 0.20872557047548368 250000.0
6.613212183372522 1.3473333997930677 0.20872557047548368 250000.0
6.613212183372522 1.3473333997930677 0.20872557047548368 250000.0
6.613212183372522 1.3473333997930677 0.20872557047548368 250000.0
6.613212183372522 1.3473333997930677 0.20872557047548368 250000.0
6.613212183372522 1.3473333997930677 0.20872557047548368 250000.0
6.613212183372522 1.3473333997930677 0.20872557047548368 250000.0
6.659831196343226 1.3629832696628352 0.217767097044414 0.0 1,0,0 coil/filament1/filament2
6.641521165065149 1.3479495984397514 0.3195254988424697 250000.0
6.5955255386547575 1.3325124482832882 0.30743845014717175 250000.0
6.5955255386547575 1.3325124482832882 0.30743845014717175 250000.0
6.5955255386547575 1.3325124482832882 0.30743845014717175 250000.0
6.5955255386547575 1.3325124482832882 0.30743845014717175 250000.0
6.5955255386547575 1.3325124482832882 0.30743845014717175 250000.0
6.5955255386547575 1.3325124482832882 0.30743845014717175 250000.0
6.5955255386547575 1.3325124482832882 0.30743845014717175 250000.0
6.5955255386547575 1.3325124482832882 0.30743845014717175 250000.0
6.5955255386547575 1.3325124482832882 0.30743845014717175 250000.0
6.5955255386547575 1.3325124482832882 0.30743845014717175 250000.0
6.5955255386547575 1.3325124482832882 0.30743845014717175 250000.0
6.5955255386547575 1.3325124482832882 0.30743845014717175 250000.0
6.5955255386547575 1.3325124482832882 0.30743845014717175 250000.0
6.5955255386547575 1.3325124482832882 0.30743845014717175 250000.0
6.5955255386547575 1.3325124482832882 0.30743845014717175 250000.0
6.5955255386547575 1.3325124482832882 0.30743845014717175 250000.0
6.5955255386547575 1.3325124482832882 0.30743845014717175 250000.0
6.5955255386547575 1.3325124482832882 0.30743845014717175 250000.0
6.5955255386547575 1.3325124482832882 0.30743845014717175 250000.0
6.5955255386547575 1.3325124482832882 0.30743845014717175 250000.0
6.5955255386547575 1.3325124482832882 0.30743845014717175 250000.0
6.5955255386547575 1.3325124482832882 0.30743845014717175 250000.0
6.5955255386547575 1.3325124482832882 0.30743845014717175 250000.0
6.5955255386547575 1.3325124482832882 0.30743845014717175 250000.0
6.5955255386547575 1.3325124482832882 0.30743845014717175 250000.0
6.5955255386547575 1.3325124482832882 0.30743845014717175 250000.0
6.5955255386547575 1.3325124482832882 0.30743845014717175 250000.0
6.5955255386547575 1.3325124482832882 0.30743845014717175 250000.0
6.5955255386547575 1.3325124482832882 0.30743845014717175 250000.0
6.5955255386547575 1.3325124482832882 0.30743845014717175 250000.0
6.5955255386547575 1.3325124482832882 0.30743845014717175 250000.0
6.5955255386547575 1.3325124482832882 0.30743845014717175 250000.0
6.5955255386547575 1.3325124482832882 0.30743845014717175 250000.0
6.5955255386547575 1.3325124482832882 0.30743845014717175 250000.0
6.5955255386547575 1.3325124482832882 0.30743845014717175 250000.0
6.5955255386547575 1.3325124482832882 0.30743845014717175 250000.0
6.5955255386547575 1.3325124482832882 0.30743845014717175 250000.0
6.5955255386547575 1.3325124482832882 0.30743845014717175 250000.0
6.5955255386547575 1.3325124482832882 0.30743845014717175 250000.0
6.5955255386547575 1.3325124482832882 0.30743845014717175 250000.0
6.5955255386547575 1.3325124482832882 0.30743845014717175 250000.0
6.5955255386547575 1.3325124482832882 0.30743845014717175 250000.0
6.5955255386547575 1.3325124482832882 0.30743845014717175 250000.0
6.5955255386547575 1.3325124482832882 0.30743845014717175 250000.0
6.5955255386547575 1.3325124482832882 0.30743845014717175 250000.0
6.5955255386547575 1.3325124482832882 0.30743845014717175 250000.0
6.5955255386547575 1.3325124482832882 0.30743845014717175 250000.0
6.5955255386547575 1.3325124482832882 0.30743845014717175 250000.0
6.5955255386547575 1.3325124482832882 0.30743845014717175 250000.0
6.5955255386547575 1.3325124482832882 0.30743845014717175 250000.0
6.5955255386547575 1.3325124482832882 0.30743845014717175 250000.0
6.5955255386547575 1.3325124482832882 0.30743845014717175 250000.0
6.5955255386547575 1.3325124482832882 0.30743845014717175 250000.0
6.5955255386547575 1.3325124482832882 0.30743845014717175 250000.0
6.5955255386547575 1.3325124482832882 0.30743845014717175 250000.0
6.5955255386547575 1.3325124482832882 0.30743845014717175 250000.0
6.5955255386547575 1.3325124482832882 0.30743845014717175 250000.0
6.5955255386547575 1.3325124482832882 0.30743845014717175 250000.0
6.5955255386547575 1.3325124482832882 0.30743845014717175 250000.0
6.5955255386547575 1.3325124482832882 0.30743845014717175 250000.0
6.5955255386547575 1.3325124482832882 0.30743845014717175 250000.0
6.5955255386547575 1.3325124482832882 0.30743845014717175 250000.0
6.5955255386547575 1.3325124482832882 0.30743845014717175 250000.0
6.641521165065149 1.3479495984397514 0.3195254988424697 0.0 1,0,1 coil/filament1/filament2
6.676481323406839 1.3160659671754236 0.21312597691342616 250000.0
6.629862310436136 1.300416097305656 0.20408445034449585 250000.0
6.629862310436136 1.300416097305656 0.20408445034449585 250000.0
6.629862310436136 1.300416097305656 0.20408445034449585 250000.0
6.629862310436136 1.300416097305656 0.20408445034449585 250000.0
6.629862310436136 1.300416097305656 0.20408445034449585 250000.0
6.629862310436136 1.300416097305656 0.20408445034449585 250000.0
6.629862310436136 1.300416097305656 0.20408445034449585 250000.0
6.629862310436136 1.300416097305656 0.20408445034449585 250000.0
6.629862310436136 1.300416097305656 0.20408445034449585 250000.0
6.629862310436136 1.300416097305656 0.20408445034449585 250000.0
6.629862310436136 1.300416097305656 0.20408445034449585 250000.0
6.629862310436136 1.300416097305656 0.20408445034449585 250000.0
6.629862310436136 1.300416097305656 0.20408445034449585 250000.0
6.629862310436136 1.300416097305656 0.20408445034449585 250000.0
6.629862310436136 1.300416097305656 0.20408445034449585 250000.0
6.629862310436136 1.300416097305656 0.20408445034449585 250000.0
6.629862310436136 1.300416097305656 0.20408445034449585 250000.0
6.629862310436136 1.300416097305656 0.20408445034449585 250000.0
6.629862310436136 1.300416097305656 0.20408445034449585 250000.0
6.629862310436136 1.300416097305656 0.20408445034449585 250000.0
6.629862310436136 1.300416097305656 0.20408445034449585 250000.0
6.629862310436136 1.300416097305656 0.20408445034449585 250000.0
6.629862310436136 1.300416097305656 0.20408445034449585 250000.0
6.629862310436136 1.300416097305656 0.20408445034449585 250000.0
6.629862310436136 1.300416097305656 0.20408445034449585 250000.0
6.629862310436136 1.300416097305656 0.20408445034449585 250000.0
6.629862310436136 1.300416097305656 0.20408445034449585 250000.0
6.629862310436136 1.300416097305656 0.20408445034449585 250000.0
6.629862310436136 1.300416097305656 0.20408445034449585 250000.0
6.629862310436136 1.300416097305656 0.20408445034449585 250000.0
6.629862310436136 1.300416097305656 0.20408445034449585 250000.0
6.629862310436136 1.300416097305656 0.20408445034449585 250000.0
6.629862310436136 1.300416097305656 0.20408445034449585 250000.0
6.629862310436136 1.300416097305656 0.20408445034449585 250000.0
6.629862310436136 1.300416097305656 0.20408445034449585 250000.0
6.629862310436136 1.300416097305656 0.20408445034449585 250000.0
6.629862310436136 1.300416097305656 0.20408445034449585 250000.0
6.629862310436136 1.300416097305656 0.20408445034449585 250000.0
6.629862310436136 1.300416097305656 0.20408445034449585 250000.0
6.629862310436136 1.300416097305656 0.20408445034449585 250000.0
6.629862310436136 1.300416097305656 0.20408445034449585 250000.0
6.629862310436136 1.300416097305656 0.20408445034449585 250000.0
6.629862310436136 1.300416097305656 0.20408445034449585 250000.0
6.629862310436136 1.300416097305656 0.20408445034449585 250000.0
6.629862310436136 1.300416097305656 0.20408445034449585 250000.0
6.629862310436136 1.300416097305656 0.20408445034449585 250000.0
6.629862310436136 1.300416097305656 0.20408445034449585 250000.0
6.629862310436136 1.300416097305656 0.20408445034449585 250000.0
6.629862310436136 1.300416097305656 0.20408445034449585 250000.0
6.629862310436136 1.300416097305656 0.20408445034449585 250000.0
6.629862310436136 1.300416097305656 0.20408445034449585 250000.0
6.629862310436136 1.300416097305656 0.20408445034449585 250000.0
6.629862310436136 1.300416097305656 0.20408445034449585 250000.0
6.629862310436136 1.300416097305656 0.20408445034449585 250000.0
6.629862310436136 1.300416097305656 0.20408445034449585 250000.0
6.629862310436136 1.300416097305656 0.20408445034449585 250000.0
6.629862310436136 1.300416097305656 0.20408445034449585 250000.0
6.629862310436136 1.300416097305656 0.20408445034449585 250000.0
6.629862310436136 1.300416097305656 0.20408445034449585 250000.0
6.629862310436136 1.300416097305656 0.20408445034449585 250000.0
6.629862310436136 1.300416097305656 0.20408445034449585 250000.0
6.629862310436136 1.300416097305656 0.20408445034449585 250000.0
6.629862310436136 1.300416097305656 0.20408445034449585 250000.0
6.676481323406839 1.3160659671754236 0.21312597691342616 0.0 1,1,0 coil/filament1/filament2
6.65818408148573 1.3009272260138913 0.3161723349925383 250000.0
6.612188455075338 1.2854900758574281 0.3040852862972403 250000.0
6.612188455075338 1.2854900758574281 0.3040852862972403 250000.0
6.612188455075338 1.2854900758574281 0.3040852862972403 250000.0
6.612188455075338 1.2854900758574281 0.3040852862972403 250000.0
6.612188455075338 1.2854900758574281 0.3040852862972403 250000.0
6.612188455075338 1.2854900758574281 0.3040852862972403 250000.0
6.612188455075338 1.2854900758574281 0.3040852862972403 250000.0
6.612188455075338 1.2854900758574281 0.3040852862972403 250000.0
6.612188455075338 1.2854900758574281 0.3040852862972403 250000.0
6.612188455075338 1.2854900758574281 0.3040852862972403 250000.0
6.612188455075338 1.2854900758574281 0.3040852862972403 250000.0
6.612188455075338 1.2854900758574281 0.3040852862972403 250000.0
6.612188455075338 1.2854900758574281 0.3040852862972403 250000.0
6.612188455075338 1.2854900758574281 0.3040852862972403 250000.0
6.612188455075338 1.2854900758574281 0.3040852862972403 250000.0
6.612188455075338 1.2854900758574281 0.3040852862972403 250000.0
6.612188455075338 1.2854900758574281 0.3040852862972403 250000.0
6.612188455075338 1.2854900758574281 0.3040852862972403 250000.0
6.612188455075338 1.2854900758574281 0.3040852862972403 250000.0
6.612188455075338 1.2854900758574281 0.3040852862972403 250000.0
6.612188455075338 1.2854900758574281 0.3040852862972403 250000.0
6.612188455075338 1.2854900758574281 0.3040852862972403 250000.0
6.612188455075338 1.2854900758574281 0.3040852862972403 250000.0
6.612188455075338 1.2854900758574281 0.3040852862972403 250000.0
6.612188455075338 1.2854900758574281 0.3040852862972403 250000.0
6.612188455075338 1.2854900758574281 0.3040852862972403 250000.0
6.612188455075338 1.2854900758574281 0.3040852862972403 250000.0
6.612188455075338 1.2854900758574281 0.3040852862972403 250000.0
6.612188455075338 1.2854900758574281 0.3040852862972403 250000.0
6.612188455075338 1.2854900758574281 0.3040852862972403 250000.0
6.612188455075338 1.2854900758574281 0.3040852862972403 250000.0
6.612188455075338 1.2854900758574281 0.3040852862972403 250000.0
6.612188455075338 1.2854900758574281 0.3040852862972403 250000.0
6.612188455075338 1.2854900758574281 0.3040852862972403 250000.0
6.612188455075338 1.2854900758574281 0.3040852862972403 250000.0
6.612188455075338 1.2854900758574281 0.3040852862972403 250000.0
6.612188455075338 1.2854900758574281 0.3040852862972403 250000.0
6.612188455075338 1.2854900758574281 0.3040852862972403 250000.0
6.612188455075338 1.2854900758574281 0.3040852862972403 250000.0
6.612188455075338 1.2854900758574281 0.3040852862972403 250000.0
6.612188455075338 1.2854900758574281 0.3040852862972403 250000.0
6.612188455075338 1.2854900758574281 0.3040852862972403 250000.0
6.612188455075338 1.2854900758574281 0.3040852862972403 250000.0
6.612188455075338 1.2854900758574281 0.3040852862972403 250000.0
6.612188455075338 1.2854900758574281 0.3040852862972403 250000.0
6.612188455075338 1.2854900758574281 0.3040852862972403 250000.0
6.612188455075338 1.2854900758574281 0.3040852862972403 250000.0
6.612188455075338 1.2854900758574281 0.3040852862972403 250000.0
6.612188455075338 1.2854900758574281 0.3040852862972403 250000.0
6.612188455075338 1.2854900758574281 0.3040852862972403 250000.0
6.612188455075338 1.2854900758574281 0.3040852862972403 250000.0
6.612188455075338 1.2854900758574281 0.3040852862972403 250000.0
6.612188455075338 1.2854900758574281 0.3040852862972403 250000.0
6.612188455075338 1.2854900758574281 0.3040852862972403 250000.0
6.612188455075338 1.2854900758574281 0.3040852862972403 250000.0
6.612188455075338 1.2854900758574281 0.3040852862972403 250000.0
6.612188455075338 1.2854900758574281 0.3040852862972403 250000.0
6.612188455075338 1.2854900758574281 0.3040852862972403 250000.0
6.612188455075338 1.2854900758574281 0.3040852862972403 250000.0
6.612188455075338 1.2854900758574281 0.3040852862972403 250000.0
6.612188455075338 1.2854900758574281 0.3040852862972403 250000.0
6.612188455075338 1.2854900758574281 0.3040852862972403 250000.0
6.612188455075338 1.2854900758574281 0.3040852862972403 250000.0
6.65818408148573 1.3009272260138913 0.3161723349925383 0.0 1,1,1 coil/filament1/filament2
6.326688850199242 2.1554639971484155 0.22906017981162624 250000.0
6.286175455660628 2.128915311930243 0.21665726982465172 250000.0
6.286175455660628 2.128915311930243 0.21665726982465172 250000.0
6.286175455660628 2.128915311930243 0.21665726982465172 250000.0
6.286175455660628 2.128915311930243 0.21665726982465172 250000.0
6.286175455660628 2.128915311930243 0.21665726982465172 250000.0
6.286175455660628 2.128915311930243 0.21665726982465172 250000.0
6.286175455660628 2.128915311930243 0.21665726982465172 250000.0
6.286175455660628 2.128915311930243 0.21665726982465172 250000.0
6.286175455660628 2.128915311930243 0.21665726982465172 250000.0
6.286175455660628 2.128915311930243 0.21665726982465172 250000.0
6.286175455660628 2.128915311930243 0.21665726982465172 250000.0
6.286175455660628 2.128915311930243 0.21665726982465172 250000.0
6.286175455660628 2.128915311930243 0.21665726982465172 250000.0
6.286175455660628 2.128915311930243 0.21665726982465172 250000.0
6.286175455660628 2.128915311930243 0.21665726982465172 250000.0
6.286175455660628 2.128915311930243 0.21665726982465172 250000.0
6.286175455660628 2.128915311930243 0.21665726982465172 250000.0
6.286175455660628 2.128915311930243 0.21665726982465172 250000.0
6.286175455660628 2.128915311930243 0.21665726982465172 250000.0
6.286175455660628 2.128915311930243 0.21665726982465172 250000.0
6.286175455660628 2.128915311930243 0.21665726982465172 250000.0
6.286175455660628 2.128915311930243 0.21665726982465172 250000.0
6.286175455660628 2.128915311930243 0.21665726982465172 250000.0
6.286175455660628 2.128915311930243 0.21665726982465172 250000.0
6.286175455660628 2.128915311930243 0.21665726982465172 250000.0
6.286175455660628 2.128915311930243 0.21665726982465172 250000.0
6.286175455660628 2.128915311930243 0.21665726982465172 250000.0
6.286175455660628 2.128915311930243 0.21665726982465172 250000.0
6.286175455660628 2.128915311930243 0.21665726982465172 250000.0
6.286175455660628 2.128915311930243 0.21665726982465172 250000.0
6.286175455660628 2.128915311930243 0.21665726982465172 250000.0
6.286175455660628 2.128915311930243 0.21665726982465172 250000.0
6.286175455660628 2.128915311930243 0.21665726982465172 250000.0
6.286175455660628 2.128915311930243 0.21665726982465172 250000.0
6.286175455660628 2.128915311930243 0.21665726982465172 250000.0
6.286175455660628 2.128915311930243 0.21665726982465172 250000.0
6.286175455660628 2.128915311930243 0.21665726982465172 250000.0
6.286175455660628 2.128915311930243 0.21665726982465172 250000.0
6.286175455660628 2.128915311930243 0.21665726982465172 250000.0
6.286175455660628 2.128915311930243 0.21665726982465172 250000.0
6.286175455660628 2.128915311930243 0.21665726982465172 250000.0
6.286175455660628 2.128915311930243 0.21665726982465172 250000.0
6.286175455660628 2.128915311930243 0.21665726982465172 250000.0
6.286175455660628 2.128915311930243 0.21665726982465172 250000.0
6.286175455660628 2.128915311930243 0.21665726982465172 250000.0
6.286175455660628 2.128915311930243 0.21665726982465172 250000.0
6.286175455660628 2.128915311930243 0.21665726982465172 250000.0
6.286175455660628 2.128915311930243 0.21665726982465172 250000.0
6.286175455660628 2.128915311930243 0.21665726982465172 250000.0
6.286175455660628 2.128915311930243 0.21665726982465172 250000.0
6.286175455660628 2.128915311930243 0.21665726982465172 250000.0
6.286175455660628 2.128915311930243 0.21665726982465172 250000.0
6.286175455660628 2.128915311930243 0.21665726982465172 250000.0
6.286175455660628 2.128915311930243 0.21665726982465172 250000.0
6.286175455660628 2.128915311930243 0.21665726982465172 250000.0
6.286175455660628 2.128915311930243 0.21665726982465172 250000.0
6.286175455660628 2.128915311930243 0.21665726982465172 250000.0
6.286175455660628 2.128915311930243 0.21665726982465172 250000.0
6.286175455660628 2.128915311930243 0.21665726982465172 250000.0
6.286175455660628 2.128915311930243 0.21665726982465172 250000.0
6.286175455660628 2.128915311930243 0.21665726982465172 250000.0
6.286175455660628 2.128915311930243 0.21665726982465172 250000.0
6.286175455660628 2.128915311930243 0.21665726982465172 250000.0
6.326688850199242 2.1554639971484155 0.22906017981162624 0.0 2,0,0 coil/filament1/filament2
6.2784851908416535 2.169072689812201 0.33818751095106003 250000.0
6.2395380521983 2.141852063281853 0.3226260880472632 250000.0
6.2395380521983 2.141852063281853 0.3226260880472632 250000.0
6.2395380521983 2.141852063281853 0.3226260880472632 250000.0
6.2395380521983 2.141852063281853 0.3226260880472632 250000.0
6.2395380521983 2.141852063281853 0.3226260880472632 250000.0
6.2395380521983 2.141852063281853 0.3226260880472632 250000.0
6.2395380521983 2.141852063281853 0.3226260880472632 250000.0
6.2395380521983 2.141852063281853 0.3226260880472632 250000.0
6.2395380521983 2.141852063281853 0.3226260880472632 250000.0
6.2395380521983 2.141852063281853 0.3226260880472632 250000.0
6.2395380521983 2.141852063281853 0.3226260880472632 250000.0
6.2395380521983 2.141852063281853 0.3226260880472632 250000.0
6.2395380521983 2.141852063281853 0.3226260880472632 250000.0
6.2395380521983 2.141852063281853 0.3226260880472632 250000.0
6.2395380521983 2.141852063281853 0.3226260880472632 250000.0
6.2395380521983 2.141852063281853 0.3226260880472632 250000.0
6.2395380521983 2.141852063281853 0.3226260880472632 250000.0
6.2395380521983 2.141852063281853 0.3226260880472632 250000.0
6.2395380521983 2.141852063281853 0.3226260880472632 250000.0
6.2395380521983 2.141852063281853 0.3226260880472632 250000.0
6.2395380521983 2.141852063281853 0.3226260880472632 250000.0
6.2395380521983 2.141852063281853 0.3226260880472632 250000.0
6.2395380521983 2.141852063281853 0.3226260880472632 250000.0
6.2395380521983 2.141852063281853 0.3226260880472632 250000.0
6.2395380521983 2.141852063281853 0.3226260880472632 250000.0
6.2395380521983 2.141852063281853 0.3226260880472632 250000.0
6.2395380521983 2.141852063281853 0.3226260880472632 250000.0
6.2395380521983 2.141852063281853 0.3226260880472632 250000.0
6.2395380521983 2.141852063281853 0.3226260880472632 250000.0
6.2395380521983 2.141852063281853 0.3226260880472632 250000.0
6.2395380521983 2.141852063281853 0.3226260880472632 250000.0
6.2395380521983 2.141852063281853 0.3226260880472632 250000.0
6.2395380521983 2.141852063281853 0.3226260880472632 250000.0
6.2395380521983 2.141852063281853 0.3226260880472632 250000.0
6.2395380521983 2.141852063281853 0.3226260880472632 250000.0
6.2395380521983 2.141852063281853 0.3226260880472632 250000.0
6.2395380521983 2.141852063281853 0.3226260880472632 250000.0
6.2395380521983 2.141852063281853 0.3226260880472632 250000.0
6.2395380521983 2.141852063281853 0.3226260880472632 250000.0
6.2395380521983 2.141852063281853 0.3226260880472632 250000.0
6.2395380521983 2.141852063281853 0.3226260880472632 250000.0
6.2395380521983 2.141852063281853 0.3226260880472632 250000.0
6.2395380521983 2.141852063281853 0.3226260880472632 250000.0
6.2395380521983 2.141852063281853 0.3226260880472632 250000.0
6.2395380521983 2.141852063281853 0.3226260880472632 250000.0
6.2395380521983 2.141852063281853 0.3226260880472632 250000.0
6.2395380521983 2.141852063281853 0.3226260880472632 250000.0
6.2395380521983 2.141852063281853 0.3226260880472632 250000.0
6.2395380521983 2.141852063281853 0.3226260880472632 250000.0
6.2395380521983 2.141852063281853 0.3226260880472632 250000.0
6.2395380521983 2.141852063281853 0.3226260880472632 250000.0
6.2395380521983 2.141852063281853 0.3226260880472632 250000.0
6.2395380521983 2.141852063281853 0.3226260880472632 250000.0
6.2395380521983 2.141852063281853 0.3226260880472632 250000.0
6.2395380521983 2.141852063281853 0.3226260880472632 250000.0
6.2395380521983 2.141852063281853 0.3226260880472632 250000.0
6.2395380521983 2.141852063281853 0.3226260880472632 250000.0
6.2395380521983 2.141852063281853 0.3226260880472632 250000.0
6.2395380521983 2.141852063281853 0.3226260880472632 250000.0
6.2395380521983 2.141852063281853 0.3226260880472632 250000.0
6.2395380521983 2.141852063281853 0.3226260880472632 250000.0
6.2395380521983 2.141852063281853 0.3226260880472632 250000.0
6.2395380521983 2.141852063281853 0.3226260880472632 250000.0
6.2784851908416535 2.169072689812201 0.33818751095106003 0.0 2,0,1 coil/filament1/filament2
6.349801483709775 2.1135033241593457 0.24338177520153204 250000.0
6.309288089171161 2.0869546389411733 0.23097886521455752 250000.0
6.309288089171161 2.0869546389411733 0.23097886521455752 250000.0
6.309288089171161 2.0869546389411733 0.23097886521455752 250000.0
6.309288089171161 2.0869546389411733 0.23097886521455752 250000.0
6.309288089171161 2.0869546389411733 0.23097886521455752 250000.0
6.309288089171161 2.0869546389411733 0.23097886521455752 250000.0
6.309288089171161 2.0869546389411733 0.23097886521455752 250000.0
6.309288089171161 2.0869546389411733 0.23097886521455752 250000.0
6.309288089171161 2.0869546389411733 0.23097886521455752 250000.0
6.309288089171161 2.0869546389411733 0.23097886521455752 250000.0
6.309288089171161 2.0869546389411733 0.23097886521455752 250000.0
6.309288089171161 2.0869546389411733 0.23097886521455752 250000.0
6.309288089171161 2.0869546389411733 0.23097886521455752 250000.0
6.309288089171161 2.0869546389411733 0.23097886521455752 250000.0
6.309288089171161 2.0869546389411733 0.23097886521455752 250000.0
6.309288089171161 2.0869546389411733 0.23097886521455752 250000.0
6.309288089171161 2.0869546389411733 0.23097886521455752 250000.0
6.309288089171161 2.0869546389411733 0.23097886521455752 250000.0
6.309288089171161 2.0869546389411733 0.23097886521455752 250000.0
6.309288089171161 2.0869546389411733 0.23097886521455752 250000.0
6.309288089171161 2.0869546389411733 0.23097886521455752 250000.0
6.309288089171161 2.0869546389411733 0.23097886521455752 250000.0
6.309288089171161 2.0869546389411733 0.23097886521455752 250000.0
6.309288089171161 2.0869546389411733 0.23097886521455752 250000.0
6.309288089171161 2.0869546389411733 0.23097886521455752 250000.0
6.309288089171161 2.0869546389411733 0.23097886521455752 250000.0
6.309288089171161 2.0869546389411733 0.23097886521455752 250000.0
6.309288089171161 2.0869546389411733 0.23097886521455752 250000.0
6.309288089171161 2.0869546389411733 0.23097886521455752 250000.0
6.309288089171161 2.0869546389411733 0.23097886521455752 250000.0
6.309288089171161 2.0869546389411733 0.23097886521455752 250000.0
6.309288089171161 2.0869546389411733 0.23097886521455752 250000.0
6.309288089171161 2.0869546389411733 0.23097886521455752 250000.0
6.309288089171161 2.0869546389411733 0.23097886521455752 250000.0
6.309288089171161 2.0869546389411733 0.23097886521455752 250000.0
6.309288089171161 2.0869546389411733 0.23097886521455752 250000.0
6.309288089171161 2.0869546389411733 0.23097886521455752 250000.0
6.309288089171161 2.0869546389411733 0.23097886521455752 250000.0
6.309288089171161 2.0869546389411733 0.23097886521455752 250000.0
6.309288089171161 2.0869546389411733 0.23097886521455752 250000.0
6.309288089171161 2.0869546389411733 0.23097886521455752 250000.0
6.309288089171161 2.0869546389411733 0.23097886521455752 250000.0
6.309288089171161 2.0869546389411733 0.23097886521455752 250000.0
6.309288089171161 2.0869546389411733 0.23097886521455752 250000.0
6.309288089171161 2.0869546389411733 0.23097886521455752 250000.0
6.309288089171161 2.0869546389411733 0.23097886521455752 250000.0
6.309288089171161 2.0869546389411733 0.23097886521455752 250000.0
6.309288089171161 2.0869546389411733 0.23097886521455752 250000.0
6.309288089171161 2.0869546389411733 0.23097886521455752 250000.0
6.309288089171161 2.0869546389411733 0.23097886521455752 250000.0
6.309288089171161 2.0869546389411733 0.23097886521455752 250000.0
6.309288089171161 2.0869546389411733 0.23097886521455752 250000.0
6.309288089171161 2.0869546389411733 0.23097886521455752 250000.0
6.309288089171161 2.0869546389411733 0.23097886521455752 250000.0
6.309288089171161 2.0869546389411733 0.23097886521455752 250000.0
6.309288089171161 2.0869546389411733 0.23097886521455752 250000.0
6.309288089171161 2.0869546389411733 0.23097886521455752 250000.0
6.309288089171161 2.0869546389411733 0.23097886521455752 250000.0
6.309288089171161 2.0869546389411733 0.23097886521455752 250000.0
6.309288089171161 2.0869546389411733 0.23097886521455752 250000.0
6.309288089171161 2.0869546389411733 0.23097886521455752 250000.0
6.309288089171161 2.0869546389411733 0.23097886521455752 250000.0
6.309288089171161 2.0869546389411733 0.23097886521455752 250000.0
6.349801483709775 2.1135033241593457 0.24338177520153204 0.0 2,1,0 coil/filament1/filament2
6.301502943467918 2.1274008032894414 0.3534726978216981 250000.0
6.262555804824565 2.1001801767590935 0.3379112749179013 250000.0
6.262555804824565 2.1001801767590935 0.3379112749179013 250000.0
6.262555804824565 2.1001801767590935 0.3379112749179013 250000.0
6.262555804824565 2.1001801767590935 0.3379112749179013 250000.0
6.262555804824565 2.1001801767590935 0.3379112749179013 250000.0
6.262555804824565 2.1001801767590935 0.3379112749179013 250000.0
6.262555804824565 2.1001801767590935 0.3379112749179013 250000.0
6.262555804824565 2.1001801767590935 0.3379112749179013 250000.0
6.262555804824565 2.1001801767590935 0.3379112749179013 250000.0
6.262555804824565 2.1001801767590935 0.3379112749179013 250000.0
6.262555804824565 2.1001801767590935 0.3379112749179013 250000.0
6.262555804824565 2.1001801767590935 0.3379112749179013 250000.0
6.262555804824565 2.1001801767590935 0.3379112749179013 250000.0
6.262555804824565 2.1001801767590935 0.3379112749179013 250000.0
6.262555804824565 2.1001801767590935 0.3379112749179013 250000.0
6.262555804824565 2.1001801767590935 0.3379112749179013 250000.0
6.262555804824565 2.1001801767590935 0.3379112749179013 250000.0
6.262555804824565 2.1001801767590935 0.3379112749179013 250000.0
6.262555804824565 2.1001801767590935 0.3379112749179013 250000.0
6.262555804824565 2.1001801767590935 0.3379112749179013 250000.0
6.262555804824565 2.1001801767590935 0.3379112749179013 250000.0
6.262555804824565 2.1001801767590935 0.3379112749179013 250000.0
6.262555804824565 2.1001801767590935 0.3379112749179013 250000.0
6.262555804824565 2.1001801767590935 0.3379112749179013 250000.0
6.262555804824565 2.1001801767590935 0.3379112749179013 250000.0
6.262555804824565 2.1001801767590935 0.3379112749179013 250000.0
6.262555804824565 2.1001801767590935 0.3379112749179013 250000.0
6.262555804824565 2.1001801767590935 0.3379112749179013 250000.0
6.262555804824565 2.1001801767590935 0.3379112749179013 250000.0
6.262555804824565 2.1001801767590935 0.3379112749179013 250000.0
6.262555804824565 2.1001801767590935 0.3379112749179013 250000.0
6.262555804824565 2.1001801767590935 0.3379112749179013 250000.0
6.262555804824565 2.1001801767590935 0.3379112749179013 250000.0
6.262555804824565 2.1001801767590935 0.3379112749179013 250000.0
6.262555804824565 2.1001801767590935 0.3379112749179013 250000.0
6.262555804824565 2.1001801767590935 0.3379112749179013 250000.0
6.262555804824565 2.1001801767590935 0.3379112749179013 250000.0
6.262555804824565 2.1001801767590935 0.3379112749179013 250000.0
6.262555804824565 2.1001801767590935 0.3379112749179013 250000.0
6.262555804824565 2.1001801767590935 0.3379112749179013 250000.0
6.262555804824565 2.1001801767590935 0.3379112749179013 250000.0
6.262555804824565 2.1001801767590935 0.3379112749179013 250000.0
6.262555804824565 2.1001801767590935 0.3379112749179013 250000.0
6.262555804824565 2.1001801767590935 0.3379112749179013 250000.0
6.262555804824565 2.1001801767590935 0.3379112749179013 250000.0
6.262555804824565 2.1001801767590935 0.3379112749179013 250000.0
6.262555804824565 2.1001801767590935 0.3379112749179013 250000.0
6.262555804824565 2.1001801767590935 0.3379112749179013 250000.0
6.262555804824565 2.1001801767590935 0.3379112749179013 250000.0
6.262555804824565 2.1001801767590935 0.3379112749179013 250000.0
6.262555804824565 2.1001801767590935 0.3379112749179013 250000.0
6.262555804824565 2.1001801767590935 0.3379112749179013 250000.0
6.262555804824565 2.1001801767590935 0.3379112749179013 250000.0
6.262555804824565 2.1001801767590935 0.3379112749179013 250000.0
6.262555804824565 2.1001801767590935 0.3379112749179013 250000.0
6.262555804824565 2.1001801767590935 0.3379112749179013 250000.0
6.262555804824565 2.1001801767590935 0.3379112749179013 250000.0
6.262555804824565 2.1001801767590935 0.3379112749179013 250000.0
6.262555804824565 2.1001801767590935 0.3379112749179013 250000.0
6.262555804824565 2.1001801767590935 0.3379112749179013 250000.0
6.262555804824565 2.1001801767590935 0.3379112749179013 250000.0
6.262555804824565 2.1001801767590935 0.3379112749179013 250000.0
6.262555804824565 2.1001801767590935 0.3379112749179013 250000.0
6.301502943467918 2.1274008032894414 0.3534726978216981 0.0 2,1,1 coil/filament1/filament2
5.988082470662918 2.8010364488884667 0.19466115149351623 250000.0
5.947737272979618 2.774648407227779 0.18139705404177595 250000.0
5.947737272979618 2.774648407227779 0.18139705404177595 250000.0
5.947737272979618 2.774648407227779 0.18139705404177595 250000.0
5.947737272979618 2.774648407227779 0.18139705404177595 250000.0
5.947737272979618 2.774648407227779 0.18139705404177595 250000.0
5.947737272979618 2.774648407227779 0.18139705404177595 250000.0
5.947737272979618 2.774648407227779 0.18139705404177595 250000.0
5.947737272979618 2.774648407227779 0.18139705404177595 250000.0
5.947737272979618 2.774648407227779 0.18139705404177595 250000.0
5.947737272979618 2.774648407227779 0.18139705404177595 250000.0
5.947737272979618 2.774648407227779 0.18139705404177595 250000.0
5.947737272979618 2.774648407227779 0.18139705404177595 250000.0
5.947737272979618 2.774648407227779 0.18139705404177595 250000.0
5.947737272979618 2.774648407227779 0.18139705404177595 250000.0
5.947737272979618 2.774648407227779 0.18139705404177595 250000.0
5.947737272979618 2.774648407227779 0.18139705404177595 250000.0
5.947737272979618 2.774648407227779 0.18139705404177595 250000.0
5.947737272979618 2.774648407227779 0.18139705404177595 250000.0
5.947737272979618 2.774648407227779 0.18139705404177595 250000.0
5.947737272979618 2.774648407227779 0.18139705404177595 250000.0
5.947737272979618 2.774648407227779 0.18139705404177595 250000.0
5.947737272979618 2.774648407227779 0.18139705404177595 250000.0
5.947737272979618 2.774648407227779 0.18139705404177595 250000.0
5.947737272979618 2.774648407227779 0.18139705404177595 250000.0
5.947737272979618 2.774648407227779 0.18139705404177595 250000.0
5.947737272979618 2.774648407227779 0.18139705404177595 250000.0
5.947737272979618 2.774648407227779 0.18139705404177595 250000.0
5.947737272979618 2.774648407227779 0.18139705404177595 250000.0
5.947737272979618 2.774648407227779 0.18139705404177595 250000.0
5.947737272979618 2.774648407227779 0.18139705404177595 250000.0
5.947737272979618 2.774648407227779 0.18139705404177595 250000.0
5.947737272979618 2.774648407227779 0.18139705404177595 250000.0
5.947737272979618 2.774648407227779 0.18139705404177595 250000.0
5.947737272979618 2.774648407227779 0.18139705404177595 250000.0
5.947737272979618 2.774648407227779 0.18139705404177595 250000.0
5.947737272979618 2.774648407227779 0.18139705404177595 250000.0
5.947737272979618 2.774648407227779 0.18139705404177595 250000.0
5.947737272979618 2.774648407227779 0.18139705404177595 250000.0
5.947737272979618 2.774648407227779 0.18139705404177595 250000.0
5.947737272979618 2.774648407227779 0.18139705404177595 250000.0
5.947737272979618 2.774648407227779 0.18139705404177595 250000.0
5.947737272979618 2.774648407227779 0.18139705404177595 250000.0
5.947737272979618 2.774648407227779 0.18139705404177595 250000.0
5.947737272979618 2.774648407227779 0.18139705404177595 250000.0
5.947737272979618 2.774648407227779 0.18139705404177595 250000.0
5.947737272979618 2.774648407227779 0.18139705404177595 250000.0
5.947737272979618 2.774648407227779 0.18139705404177595 250000.0
5.947737272979618 2.774648407227779 0.18139705404177595 250000.0
5.947737272979618 2.774648407227779 0.18139705404177595 250000.0
5.947737272979618 2.774648407227779 0.18139705404177595 250000.0
5.947737272979618 2.774648407227779 0.18139705404177595 250000.0
5.947737272979618 2.774648407227779 0.18139705404177595 250000.0
5.947737272979618 2.774648407227779 0.18139705404177595 250000.0
5.947737272979618 2.774648407227779 0.18139705404177595 250000.0
5.947737272979618 2.774648407227779 0.18139705404177595 250000.0
5.947737272979618 2.774648407227779 0.18139705404177595 250000.0
5.947737272979618 2.774648407227779 0.18139705404177595 250000.0
5.947737272979618 2.774648407227779 0.18139705404177595 250000.0
5.947737272979618 2.774648407227779 0.18139705404177595 250000.0
5.947737272979618 2.774648407227779 0.18139705404177595 250000.0
5.947737272979618 2.774648407227779 0.18139705404177595 250000.0
5.947737272979618 2.774648407227779 0.18139705404177595 250000.0
5.947737272979618 2.774648407227779 0.18139705404177595 250000.0
5.988082470662918 2.8010364488884667 0.19466115149351623 0.0 3,0,0 coil/filament1/filament2
5.93695691583375 2.7854591501977497 0.3212869535912557 250000.0
5.89827479184578 2.7651732706146546 0.2969522792905898 250000.0
5.89827479184578 2.7651732706146546 0.2969522792905898 250000.0
5.89827479184578 2.7651732706146546 0.2969522792905898 250000.0
5.89827479184578 2.7651732706146546 0.2969522792905898 250000.0
5.89827479184578 2.7651732706146546 0.2969522792905898 250000.0
5.89827479184578 2.7651732706146546 0.2969522792905898 250000.0
5.89827479184578 2.7651732706146546 0.2969522792905898 250000.0
5.89827479184578 2.7651732706146546 0.2969522792905898 250000.0
5.89827479184578 2.7651732706146546 0.2969522792905898 250000.0
5.89827479184578 2.7651732706146546 0.2969522792905898 250000.0
5.89827479184578 2.7651732706146546 0.2969522792905898 250000.0
5.89827479184578 2.7651732706146546 0.2969522792905898 250000.0
5.89827479184578 2.7651732706146546 0.2969522792905898 250000.0
5.89827479184578 2.7651732706146546 0.2969522792905898 250000.0
5.89827479184578 2.7651732706146546 0.2969522792905898 250000.0
5.89827479184578 2.7651732706146546 0.2969522792905898 250000.0
5.89827479184578 2.7651732706146546 0.2969522792905898 250000.0
5.89827479184578 2.7651732706146546 0.2969522792905898 250000.0
5.89827479184578 2.7651732706146546 0.2969522792905898 250000.0
5.89827479184578 2.7651732706146546 0.2969522792905898 250000.0
5.89827479184578 2.7651732706146546 0.2969522792905898 250000.0
5.89827479184578 2.7651732706146546 0.2969522792905898 250000.0
5.89827479184578 2.7651732706146546 0.2969522792905898 250000.0
5.89827479184578 2.7651732706146546 0.2969522792905898 250000.0
5.89827479184578 2.7651732706146546 0.2969522792905898 250000.0
5.89827479184578 2.7651732706146546 0.2969522792905898 250000.0
5.89827479184578 2.7651732706146546 0.2969522792905898 250000.0
5.89827479184578 2.7651732706146546 0.2969522792905898 250000.0
5.89827479184578 2.7651732706146546 0.2969522792905898 250000.0
5.89827479184578 2.7651732706146546 0.2969522792905898 250000.0
5.89827479184578 2.7651732706146546 0.2969522792905898 250000.0
5.89827479184578 2.7651732706146546 0.2969522792905898 250000.0
5.89827479184578 2.7651732706146546 0.2969522792905898 250000.0
5.89827479184578 2.7651732706146546 0.2969522792905898 250000.0
5.89827479184578 2.7651732706146546 0.2969522792905898 250000.0
5.89827479184578 2.7651732706146546 0.2969522792905898 250000.0
5.89827479184578 2.7651732706146546 0.2969522792905898 250000.0
5.89827479184578 2.7651732706146546 0.2969522792905898 250000.0
5.89827479184578 2.7651732706146546 0.2969522792905898 250000.0
5.89827479184578 2.7651732706146546 0.2969522792905898 250000.0
5.89827479184578 2.7651732706146546 0.2969522792905898 250000.0
5.89827479184578 2.7651732706146546 0.2969522792905898 250000.0
5.89827479184578 2.7651732706146546 0.2969522792905898 250000.0
5.89827479184578 2.7651732706146546 0.2969522792905898 250000.0
5.89827479184578 2.7651732706146546 0.2969522792905898 250000.0
5.89827479184578 2.7651732706146546 0.2969522792905898 250000.0
5.89827479184578 2.7651732706146546 0.2969522792905898 250000.0
5.89827479184578 2.7651732706146546 0.2969522792905898 250000.0
5.89827479184578 2.7651732706146546 0.2969522792905898 250000.0
5.89827479184578 2.7651732706146546 0.2969522792905898 250000.0
5.89827479184578 2.7651732706146546 0.2969522792905898 250000.0
5.89827479184578 2.7651732706146546 0.2969522792905898 250000.0
5.89827479184578 2.7651732706146546 0.2969522792905898 250000.0
5.89827479184578 2.7651732706146546 0.2969522792905898 250000.0
5.89827479184578 2.7651732706146546 0.2969522792905898 250000.0
5.89827479184578 2.7651732706146546 0.2969522792905898 250000.0
5.89827479184578 2.7651732706146546 0.2969522792905898 250000.0
5.89827479184578 2.7651732706146546 0.2969522792905898 250000.0
5.89827479184578 2.7651732706146546 0.2969522792905898 250000.0
5.89827479184578 2.7651732706146546 0.2969522792905898 250000.0
5.89827479184578 2.7651732706146546 0.2969522792905898 250000.0
5.89827479184578 2.7651732706146546 0.2969522792905898 250000.0
5.89827479184578 2.7651732706146546 0.2969522792905898 250000.0
5.93695691583375 2.7854591501977497 0.3212869535912557 0.0 3,0,1 coil/filament1/filament2
6.010968551662433 2.7589094582536826 0.208857769278765 250000.0
5.970623353979133 2.732521416592995 0.19559367182702472 250000.0
5.970623353979133 2.732521416592995 0.19559367182702472 250000.0
5.970623353979133 2.732521416592995 0.19559367182702472 250000.0
5.970623353979133 2.732521416592995 0.19559367182702472 250000.0
5.970623353979133 2.732521416592995 0.19559367182702472 250000.0
5.970623353979133 2.732521416592995 0.19559367182702472 250000.0
5.970623353979133 2.732521416592995 0.19559367182702472 250000.0
5.970623353979133 2.732521416592995 0.19559367182702472 250000.0
5.970623353979133 2.732521416592995 0.19559367182702472 250000.0
5.970623353979133 2.732521416592995 0.19559367182702472 250000.0
5.970623353979133 2.732521416592995 0.19559367182702472 250000.0
5.970623353979133 2.732521416592995 0.19559367182702472 250000.0
5.970623353979133 2.732521416592995 0.19559367182702472 250000.0
5.970623353979133 2.732521416592995 0.19559367182702472 250000.0
5.970623353979133 2.732521416592995 0.19559367182702472 250000.0
5.970623353979133 2.732521416592995 0.19559367182702472 250000.0
5.970623353979133 2.732521416592995 0.19559367182702472 250000.0
5.970623353979133 2.732521416592995 0.19559367182702472 250000.0
5.970623353979133 2.732521416592995 0.19559367182702472 250000.0
5.970623353979133 2.732521416592995 0.19559367182702472 250000.0
5.970623353979133 2.732521416592995 0.19559367182702472 250000.0
5.970623353979133 2.732521416592995 0.19559367182702472 250000.0
5.970623353979133 2.732521416592995 0.19559367182702472 250000.0
5.970623353979133 2.732521416592995 0.19559367182702472 250000.0
5.970623353979133 2.732521416592995 0.19559367182702472 250000.0
5.970623353979133 2.732521416592995 0.19559367182702472 250000.0
5.970623353979133 2.732521416592995 0.19559367182702472 250000.0
5.970623353979133 2.732521416592995 0.19559367182702472 250000.0
5.970623353979133 2.732521416592995 0.19559367182702472 250000.0
5.970623353979133 2.732521416592995 0.19559367182702472 250000.0
5.970623353979133 2.732521416592995 0.19559367182702472 250000.0
5.970623353979133 2.732521416592995 0.19559367182702472 250000.0
5.970623353979133 2.732521416592995 0.19559367182702472 250000.0
5.970623353979133 2.732521416592995 0.19559367182702472 250000.0
5.970623353979133 2.732521416592995 0.19559367182702472 250000.0
5.970623353979133 2.732521416592995 0.19559367182702472 250000.0
5.970623353979133 2.732521416592995 0.19559367182702472 250000.0
5.970623353979133 2.732521416592995 0.19559367182702472 250000.0
5.970623353979133 2.732521416592995 0.19559367182702472 250000.0
5.970623353979133 2.732521416592995 0.19559367182702472 250000.0
5.970623353979133 2.732521416592995 0.19559367182702472 250000.0
5.970623353979133 2.732521416592995 0.19559367182702472 250000.0
5.970623353979133 2.732521416592995 0.19559367182702472 250000.0
5.970623353979133 2.732521416592995 0.19559367182702472 250000.0
5.970623353979133 2.732521416592995 0.19559367182702472 250000.0
5.970623353979133 2.732521416592995 0.19559367182702472 250000.0
5.970623353979133 2.732521416592995 0.19559367182702472 250000.0
5.970623353979133 2.732521416592995 0.19559367182702472 250000.0
5.970623353979133 2.732521416592995 0.19559367182702472 250000.0
5.970623353979133 2.732521416592995 0.19559367182702472 250000.0
5.970623353979133 2.732521416592995 0.19559367182702472 250000.0
5.970623353979133 2.732521416592995 0.19559367182702472 250000.0
5.970623353979133 2.732521416592995 0.19559367182702472 250000.0
5.970623353979133 2.732521416592995 0.19559367182702472 250000.0
5.970623353979133 2.732521416592995 0.19559367182702472 250000.0
5.970623353979133 2.732521416592995 0.19559367182702472 250000.0
5.970623353979133 2.732521416592995 0.19559367182702472 250000.0
5.970623353979133 2.732521416592995 0.19559367182702472 250000.0
5.970623353979133 2.732521416592995 0.19559367182702472 250000.0
5.970623353979133 2.732521416592995 0.19559367182702472 250000.0
5.970623353979133 2.732521416592995 0.19559367182702472 250000.0
5.970623353979133 2.732521416592995 0.19559367182702472 250000.0
5.970623353979133 2.732521416592995 0.19559367182702472 250000.0
6.010968551662433 2.7589094582536826 0.208857769278765 0.0 3,1,0 coil/filament1/filament2
5.960644970357147 2.741436867390044 0.3203305596896893 250000.0
5.921962846369177 2.721150987806949 0.29599588538902344 250000.0
5.921962846369177 2.721150987806949 0.29599588538902344 250000.0
5.921962846369177 2.721150987806949 0.29599588538902344 250000.0
5.921962846369177 2.721150987806949 0.29599588538902344 250000.0
5.921962846369177 2.721150987806949 0.29599588538902344 250000.0
5.921962846369177 2.721150987806949 0.29599588538902344 250000.0
5.921962846369177 2.721150987806949 0.29599588538902344 250000.0
5.921962846369177 2.721150987806949 0.29599588538902344 250000.0
5.921962846369177 2.721150987806949 0.29599588538902344 250000.0
5.921962846369177 2.721150987806949 0.29599588538902344 250000.0
5.921962846369177 2.721150987806949 0.29599588538902344 250000.0
5.921962846369177 2.721150987806949 0.29599588538902344 250000.0
5.921962846369177 2.721150987806949 0.29599588538902344 250000.0
5.921962846369177 2.721150987806949 0.29599588538902344 250000.0
5.921962846369177 2.721150987806949 0.29599588538902344 250000.0
5.921962846369177 2.721150987806949 0.29599588538902344 250000.0
5.921962846369177 2.721150987806949 0.29599588538902344 250000.0
5.921962846369177 2.721150987806949 0.29599588538902344 250000.0
5.921962846369177 2.721150987806949 0.29599588538902344 250000.0
5.921962846369177 2.721150987806949 0.29599588538902344 250000.0
5.921962846369177 2.721150987806949 0.29599588538902344 250000.0
5.921962846369177 2.721150987806949 0.29599588538902344 250000.0
5.921962846369177 2.721150987806949 0.29599588538902344 250000.0
5.921962846369177 2.721150987806949 0.29599588538902344 250000.0
5.921962846369177 2.721150987806949 0.29599588538902344 250000.0
5.921962846369177 2.721150987806949 0.29599588538902344 250000.0
5.921962846369177 2.721150987806949 0.29599588538902344 250000.0
5.921962846369177 2.721150987806949 0.29599588538902344 250000.0
5.921962846369177 2.721150987806949 0.29599588538902344 250000.0
5.921962846369177 2.721150987806949 0.29599588538902344 250000.0
5.921962846369177 2.721150987806949 0.29599588538902344 250000.0
5.921962846369177 2.721150987806949 0.29599588538902344 250000.0
5.921962846369177 2.721150987806949 0.29599588538902344 250000.0
5.921962846369177 2.721150987806949 0.29599588538902344 250000.0
5.921962846369177 2.721150987806949 0.29599588538902344 250000.0
5.921962846369177 2.721150987806949 0.29599588538902344 250000.0
5.921962846369177 2.721150987806949 0.29599588538902344 250000.0
5.921962846369177 2.721150987806949 0.29599588538902344 250000.0
5.921962846369177 2.721150987806949 0.29599588538902344 250000.0
5.921962846369177 2.721150987806949 0.29599588538902344 250000.0
5.921962846369177 2.721150987806949 0.29599588538902344 250000.0
5.921962846369177 2.721150987806949 0.29599588538902344 250000.0
5.921962846369177 2.721150987806949 0.29599588538902344 250000.0
5.921962846369177 2.721150987806949 0.29599588538902344 250000.0
5.921962846369177 2.721150987806949 0.29599588538902344 250000.0
5.921962846369177 2.721150987806949 0.29599588538902344 250000.0
5.921962846369177 2.721150987806949 0.29599588538902344 250000.0
5.921962846369177 2.721150987806949 0.29599588538902344 250000.0
5.921962846369177 2.721150987806949 0.29599588538902344 250000.0
5.921962846369177 2.721150987806949 0.29599588538902344 250000.0
5.921962846369177 2.721150987806949 0.29599588538902344 250000.0
5.921962846369177 2.721150987806949 0.29599588538902344 250000.0
5.921962846369177 2.721150987806949 0.29599588538902344 250000.0
5.921962846369177 2.721150987806949 0.29599588538902344 250000.0
5.921962846369177 2.721150987806949 0.29599588538902344 250000.0
5.921962846369177 2.721150987806949 0.29599588538902344 250000.0
5.921962846369177 2.721150987806949 0.29599588538902344 250000.0
5.921962846369177 2.721150987806949 0.29599588538902344 250000.0
5.921962846369177 2.721150987806949 0.29599588538902344 250000.0
5.921962846369177 2.721150987806949 0.29599588538902344 250000.0
5.921962846369177 2.721150987806949 0.29599588538902344 250000.0
5.921962846369177 2.721150987806949 0.29599588538902344 250000.0
5.921962846369177 2.721150987806949 0.29599588538902344 250000.0
5.960644970357147 2.741436867390044 0.3203305596896893 0.0 3,1,1 coil/filament1/filament2
5.719352062184217 3.2675361351137253 0.00986686996184178 250000.0
5.67084033636164 3.2561839481576134 0.005654945338985922 250000.0
5.67084033636164 3.2561839481576134 0.005654945338985922 250000.0
5.67084033636164 3.2561839481576134 0.005654945338985922 250000.0
5.67084033636164 3.2561839481576134 0.005654945338985922 250000.0
5.67084033636164 3.2561839481576134 0.005654945338985922 250000.0
5.67084033636164 3.2561839481576134 0.005654945338985922 250000.0
5.67084033636164 3.2561839481576134 0.005654945338985922 250000.0
5.67084033636164 3.2561839481576134 0.005654945338985922 250000.0
5.67084033636164 3.2561839481576134 0.005654945338985922 250000.0
5.67084033636164 3.2561839481576134 0.005654945338985922 250000.0
5.67084033636164 3.2561839481576134 0.005654945338985922 250000.0
5.67084033636164 3.2561839481576134 0.005654945338985922 250000.0
5.67084033636164 3.2561839481576134 0.005654945338985922 250000.0
5.67084033636164 3.2561839481576134 0.005654945338985922 250000.0
5.67084033636164 3.2561839481576134 0.005654945338985922 250000.0
5.67084033636164 3.2561839481576134 0.005654945338985922 250000.0
5.67084033636164 3.2561839481576134 0.005654945338985922 250000.0
5.67084033636164 3.2561839481576134 0.005654945338985922 250000.0
5.67084033636164 3.2561839481576134 0.005654945338985922 250000.0
5.67084033636164 3.2561839481576134 0.005654945338985922 250000.0
5.67084033636164 3.2561839481576134 0.005654945338985922 250000.0
5.67084033636164 3.2561839481576134 0.005654945338985922 250000.0
5.67084033636164 3.2561839481576134 0.005654945338985922 250000.0
5.67084033636164 3.2561839481576134 0.005654945338985922 250000.0
5.67084033636164 3.2561839481576134 0.005654945338985922 250000.0
5.67084033636164 3.2561839481576134 0.005654945338985922 250000.0
5.67084033636164 3.2561839481576134 0.005654945338985922 250000.0
5.67084033636164 3.2561839481576134 0.005654945338985922 250000.0
5.67084033636164 3.2561839481576134 0.005654945338985922 250000.0
5.67084033636164 3.2561839481576134 0.005654945338985922 250000.0
5.67084033636164 3.2561839481576134 0.005654945338985922 250000.0
5.67084033636164 3.2561839481576134 0.005654945338985922 250000.0
5.67084033636164 3.2561839481576134 0.005654945338985922 250000.0
5.67084033636164 3.2561839481576134 0.005654945338985922 250000.0
5.67084033636164 3.2561839481576134 0.005654945338985922 250000.0
5.67084033636164 3.2561839481576134 0.005654945338985922 250000.0
5.67084033636164 3.2561839481576134 0.005654945338985922 250000.0
5.67084033636164 3.2561839481576134 0.005654945338985922 250000.0
5.67084033636164 3.2561839481576134 0.005654945338985922 250000.0
5.67084033636164 3.2561839481576134 0.005654945338985922 250000.0
5.67084033636164 3.2561839481576134 0.005654945338985922 250000.0
5.67084033636164 3.2561839481576134 0.005654945338985922 250000.0
5.67084033636164 3.2561839481576134 0.005654945338985922 250000.0
5.67084033636164 3.2561839481576134 0.005654945338985922 250000.0
5.67084033636164 3.2561839481576134 0.005654945338985922 250000.0
5.67084033636164 3.2561839481576134 0.005654945338985922 250000.0
5.67084033636164 3.2561839481576134 0.005654945338985922 250000.0
5.67084033636164 3.2561839481576134 0.005654945338985922 250000.0
5.67084033636164 3.2561839481576134 0.005654945338985922 250000.0
5.67084033636164 3.2561839481576134 0.005654945338985922 250000.0
5.67084033636164 3.2561839481576134 0.005654945338985922 250000.0
5.67084033636164 3.2561839481576134 0.005654945338985922 250000.0
5.67084033636164 3.2561839481576134 0.005654945338985922 250000.0
5.67084033636164 3.2561839481576134 0.005654945338985922 250000.0
5.67084033636164 3.2561839481576134 0.005654945338985922 250000.0
5.67084033636164 3.2561839481576134 0.005654945338985922 250000.0
5.67084033636164 3.2561839481576134 0.005654945338985922 250000.0
5.67084033636164 3.2561839481576134 0.005654945338985922 250000.0
5.67084033636164 3.2561839481576134 0.005654945338985922 250000.0
5.67084033636164 3.2561839481576134 0.005654945338985922 250000.0
5.67084033636164 3.2561839481576134 0.005654945338985922 250000.0
5.67084033636164 3.2561839481576134 0.005654945338985922 250000.0
5.67084033636164 3.2561839481576134 0.005654945338985922 250000.0
5.719352062184217 3.2675361351137253 0.00986686996184178 0.0 4,0,0 coil/filament1/filament2
5.704519970886847 3.1856870869803715 0.18208770645389535 250000.0
5.6580547578636295 3.172473176375121 0.16918900321583596 250000.0
5.6580547578636295 3.172473176375121 0.16918900321583596 250000.0
5.6580547578636295 3.172473176375121 0.16918900321583596 250000.0
5.6580547578636295 3.172473176375121 0.16918900321583596 250000.0
5.6580547578636295 3.172473176375121 0.16918900321583596 250000.0
5.6580547578636295 3.172473176375121 0.16918900321583596 250000.0
5.6580547578636295 3.172473176375121 0.16918900321583596 250000.0
5.6580547578636295 3.172473176375121 0.16918900321583596 250000.0
5.6580547578636295 3.172473176375121 0.16918900321583596 250000.0
5.6580547578636295 3.172473176375121 0.16918900321583596 250000.0
5.6580547578636295 3.172473176375121 0.16918900321583596 250000.0
5.6580547578636295 3.172473176375121 0.16918900321583596 250000.0
5.6580547578636295 3.172473176375121 0.16918900321583596 250000.0
5.6580547578636295 3.172473176375121 0.16918900321583596 250000.0
5.6580547578636295 3.172473176375121 0.16918900321583596 250000.0
5.6580547578636295 3.172473176375121 0.16918900321583596 250000.0
5.6580547578636295 3.172473176375121 0.16918900321583596 250000.0
5.6580547578636295 3.172473176375121 0.16918900321583596 250000.0
5.6580547578636295 3.172473176375121 0.16918900321583596 250000.0
5.6580547578636295 3.172473176375121 0.16918900321583596 250000.0
5.6580547578636295 3.172473176375121 0.16918900321583596 250000.0
5.6580547578636295 3.172473176375121 0.16918900321583596 250000.0
5.6580547578636295 3.172473176375121 0.16918900321583596 250000.0
5.6580547578636295 3.172473176375121 0.16918900321583596 250000.0
5.6580547578636295 3.172473176375121 0.16918900321583596 250000.0
5.6580547578636295 3.172473176375121 0.16918900321583596 250000.0
5.6580547578636295 3.172473176375121 0.16918900321583596 250000.0
5.6580547578636295 3.172473176375121 0.16918900321583596 250000.0
5.6580547578636295 3.172473176375121 0.16918900321583596 250000.0
5.6580547578636295 3.172473176375121 0.16918900321583596 250000.0
5.6580547578636295 3.172473176375121 0.16918900321583596 250000.0
5.6580547578636295 3.172473176375121 0.16918900321583596 250000.0
5.6580547578636295 3.172473176375121 0.16918900321583596 250000.0
5.6580547578636295 3.172473176375121 0.16918900321583596 250000.0
5.6580547578636295 3.172473176375121 0.16918900321583596 250000.0
5.6580547578636295 3.172473176375121 0.16918900321583596 250000.0
5.6580547578636295 3.172473176375121 0.16918900321583596 250000.0
5.6580547578636295 3.172473176375121 0.16918900321583596 250000.0
5.6580547578636295 3.172473176375121 0.16918900321583596 250000.0
5.6580547578636295 3.172473176375121 0.16918900321583596 250000.0
5.6580547578636295 3.172473176375121 0.16918900321583596 250000.0
5.6580547578636295 3.172473176375121 0.16918900321583596 250000.0
5.6580547578636295 3.172473176375121 0.16918900321583596 250000.0
5.6580547578636295 3.172473176375121 0.16918900321583596 250000.0
5.6580547578636295 3.172473176375121 0.16918900321583596 250000.0
5.6580547578636295 3.172473176375121 0.16918900321583596 250000.0
5.6580547578636295 3.172473176375121 0.16918900321583596 250000.0
5.6580547578636295 3.172473176375121 0.16918900321583596 250000.0
5.6580547578636295 3.172473176375121 0.16918900321583596 250000.0
5.6580547578636295 3.172473176375121 0.16918900321583596 250000.0
5.6580547578636295 3.172473176375121 0.16918900321583596 250000.0
5.6580547578636295 3.172473176375121 0.16918900321583596 250000.0
5.6580547578636295 3.172473176375121 0.16918900321583596 250000.0
5.6580547578636295 3.172473176375121 0.16918900321583596 250000.0
5.6580547578636295 3.172473176375121 0.16918900321583596 250000.0
5.6580547578636295 3.172473176375121 0.16918900321583596 250000.0
5.6580547578636295 3.172473176375121 0.16918900321583596 250000.0
5.6580547578636295 3.172473176375121 0.16918900321583596 250000.0
5.6580547578636295 3.172473176375121 0.16918900321583596 250000.0
5.6580547578636295 3.172473176375121 0.16918900321583596 250000.0
5.6580547578636295 3.172473176375121 0.16918900321583596 250000.0
5.6580547578636295 3.172473176375121 0.16918900321583596 250000.0
5.6580547578636295 3.172473176375121 0.16918900321583596 250000.0
5.704519970886847 3.1856870869803715 0.18208770645389535 0.0 4,0,1 coil/filament1/filament2
5.730760639385982 3.230509682042474 -0.0217382900471473 250000.0
5.682248913563405 3.219157495086362 -0.025950214670003156 250000.0
5.682248913563405 3.219157495086362 -0.025950214670003156 250000.0
5.682248913563405 3.219157495086362 -0.025950214670003156 250000.0
5.682248913563405 3.219157495086362 -0.025950214670003156 250000.0
5.682248913563405 3.219157495086362 -0.025950214670003156 250000.0
5.682248913563405 3.219157495086362 -0.025950214670003156 250000.0
5.682248913563405 3.219157495086362 -0.025950214670003156 250000.0
5.682248913563405 3.219157495086362 -0.025950214670003156 250000.0
5.682248913563405 3.219157495086362 -0.025950214670003156 250000.0
5.682248913563405 3.219157495086362 -0.025950214670003156 250000.0
5.682248913563405 3.219157495086362 -0.025950214670003156 250000.0
5.682248913563405 3.219157495086362 -0.025950214670003156 250000.0
5.682248913563405 3.219157495086362 -0.025950214670003156 250000.0
5.682248913563405 3.219157495086362 -0.025950214670003156 250000.0
5.682248913563405 3.219157495086362 -0.025950214670003156 250000.0
5.682248913563405 3.219157495086362 -0.025950214670003156 250000.0
5.682248913563405 3.219157495086362 -0.025950214670003156 250000.0
5.682248913563405 3.219157495086362 -0.025950214670003156 250000.0
5.682248913563405 3.219157495086362 -0.025950214670003156 250000.0
5.682248913563405 3.219157495086362 -0.025950214670003156 250000.0
5.682248913563405 3.219157495086362 -0.025950214670003156 250000.0
5.682248913563405 3.219157495086362 -0.025950214670003156 250000.0
5.682248913563405 3.219157495086362 -0.025950214670003156 250000.0
5.682248913563405 3.219157495086362 -0.025950214670003156 250000.0
5.682248913563405 3.219157495086362 -0.025950214670003156 250000.0
5.682248913563405 3.219157495086362 -0.025950214670003156 250000.0
5.682248913563405 3.219157495086362 -0.025950214670003156 250000.0
5.682248913563405 3.219157495086362 -0.025950214670003156 250000.0
5.682248913563405 3.219157495086362 -0.025950214670003156 250000.0
5.682248913563405 3.219157495086362 -0.025950214670003156 250000.0
5.682248913563405 3.219157495086362 -0.025950214670003156 250000.0
5.682248913563405 3.219157495086362 -0.025950214670003156 250000.0
5.682248913563405 3.219157495086362 -0.025950214670003156 250000.0
5.682248913563405 3.219157495086362 -0.025950214670003156 250000.0
5.682248913563405 3.219157495086362 -0.025950214670003156 250000.0
5.682248913563405 3.219157495086362 -0.025950214670003156 250000.0
5.682248913563405 3.219157495086362 -0.025950214670003156 250000.0
5.682248913563405 3.219157495086362 -0.025950214670003156 250000.0
5.682248913563405 3.219157495086362 -0.025950214670003156 250000.0
5.682248913563405 3.219157495086362 -0.025950214670003156 250000.0
5.682248913563405 3.219157495086362 -0.025950214670003156 250000.0
5.682248913563405 3.219157495086362 -0.025950214670003156 250000.0
5.682248913563405 3.219157495086362 -0.025950214670003156 250000.0
5.682248913563405 3.219157495086362 -0.025950214670003156 250000.0
5.682248913563405 3.219157495086362 -0.025950214670003156 250000.0
5.682248913563405 3.219157495086362 -0.025950214670003156 250000.0
5.682248913563405 3.219157495086362 -0.025950214670003156 250000.0
5.682248913563405 3.219157495086362 -0.025950214670003156 250000.0
5.682248913563405 3.219157495086362 -0.025950214670003156 250000.0
5.682248913563405 3.219157495086362 -0.025950214670003156 250000.0
5.682248913563405 3.219157495086362 -0.025950214670003156 250000.0
5.682248913563405 3.219157495086362 -0.025950214670003156 250000.0
5.682248913563405 3.219157495086362 -0.025950214670003156 250000.0
5.682248913563405 3.219157495086362 -0.025950214670003156 250000.0
5.682248913563405 3.219157495086362 -0.025950214670003156 250000.0
5.682248913563405 3.219157495086362 -0.025950214670003156 250000.0
5.682248913563405 3.219157495086362 -0.025950214670003156 250000.0
5.682248913563405 3.219157495086362 -0.025950214670003156 250000.0
5.682248913563405 3.219157495086362 -0.025950214670003156 250000.0
5.682248913563405 3.219157495086362 -0.025950214670003156 250000.0
5.682248913563405 3.219157495086362 -0.025950214670003156 250000.0
5.682248913563405 3.219157495086362 -0.025950214670003156 250000.0
5.682248913563405 3.219157495086362 -0.025950214670003156 250000.0
5.730760639385982 3.230509682042474 -0.0217382900471473 0.0 4,1,0 coil/filament1/filament2
5.71982106249428 3.1385834450091004 0.17522304996844668 250000.0
5.673355849471062 3.1253695344038497 0.1623243467303873 250000.0
5.673355849471062 3.1253695344038497 0.1623243467303873 250000.0
5.673355849471062 3.1253695344038497 0.1623243467303873 250000.0
5.673355849471062 3.1253695344038497 0.1623243467303873 250000.0
5.673355849471062 3.1253695344038497 0.1623243467303873 250000.0
5.673355849471062 3.1253695344038497 0.1623243467303873 250000.0
5.673355849471062 3.1253695344038497 0.1623243467303873 250000.0
5.673355849471062 3.1253695344038497 0.1623243467303873 250000.0
5.673355849471062 3.1253695344038497 0.1623243467303873 250000.0
5.673355849471062 3.1253695344038497 0.1623243467303873 250000.0
5.673355849471062 3.1253695344038497 0.1623243467303873 250000.0
5.673355849471062 3.1253695344038497 0.1623243467303873 250000.0
5.673355849471062 3.1253695344038497 0.1623243467303873 250000.0
5.673355849471062 3.1253695344038497 0.1623243467303873 250000.0
5.673355849471062 3.1253695344038497 0.1623243467303873 250000.0
5.673355849471062 3.1253695344038497 0.1623243467303873 250000.0
5.673355849471062 3.1253695344038497 0.1623243467303873 250000.0
5.673355849471062 3.1253695344038497 0.1623243467303873 250000.0
5.673355849471062 3.1253695344038497 0.1623243467303873 250000.0
5.673355849471062 3.1253695344038497 0.1623243467303873 250000.0
5.673355849471062 3.1253695344038497 0.1623243467303873 250000.0
5.673355849471062 3.1253695344038497 0.1623243467303873 250000.0
5.673355849471062 3.1253695344038497 0.1623243467303873 250000.0
5.673355849471062 3.1253695344038497 0.1623243467303873 250000.0
5.673355849471062 3.1253695344038497 0.1623243467303873 250000.0
5.673355849471062 3.1253695344038497 0.1623243467303873 250000.0
5.673355849471062 3.1253695344038497 0.1623243467303873 250000.0
5.673355849471062 3.1253695344038497 0.1623243467303873 250000.0
5.673355849471062 3.1253695344038497 0.1623243467303873 250000.0
5.673355849471062 3.1253695344038497 0.1623243467303873 250000.0
5.673355849471062 3.1253695344038497 0.1623243467303873 250000.0
5.673355849471062 3.1253695344038497 0.1623243467303873 250000.0
5.673355849471062 3.1253695344038497 0.1623243467303873 250000.0
5.673355849471062 3.1253695344038497 0.1623243467303873 250000.0
5.673355849471062 3.1253695344038497 0.1623243467303873 250000.0
5.673355849471062 3.1253695344038497 0.1623243467303873 250000.0
5.673355849471062 3.1253695344038497 0.1623243467303873 250000.0
5.673355849471062 3.1253695344038497 0.1623243467303873 250000.0
5.673355849471062 3.1253695344038497 0.1623243467303873 250000.0
5.673355849471062 3.1253695344038497 0.1623243467303873 250000.0
5.673355849471062 3.1253695344038497 0.1623243467303873 250000.0
5.673355849471062 3.1253695344038497 0.1623243467303873 250000.0
5.673355849471062 3.1253695344038497 0.1623243467303873 250000.0
5.673355849471062 3.1253695344038497 0.1623243467303873 250000.0
5.673355849471062 3.1253695344038497 0.1623243467303873 250000.0
5.673355849471062 3.1253695344038497 0.1623243467303873 250000.0
5.673355849471062 3.1253695344038497 0.1623243467303873 250000.0
5.673355849471062 3.1253695344038497 0.1623243467303873 250000.0
5.673355849471062 3.1253695344038497 0.1623243467303873 250000.0
5.673355849471062 3.1253695344038497 0.1623243467303873 250000.0
5.673355849471062 3.1253695344038497 0.1623243467303873 250000.0
5.673355849471062 3.1253695344038497 0.1623243467303873 250000.0
5.673355849471062 3.1253695344038497 0.1623243467303873 250000.0
5.673355849471062 3.1253695344038497 0.1623243467303873 250000.0
5.673355849471062 3.1253695344038497 0.1623243467303873 250000.0
5.673355849471062 3.1253695344038497 0.1623243467303873 250000.0
5.673355849471062 3.1253695344038497 0.1623243467303873 250000.0
5.673355849471062 3.1253695344038497 0.1623243467303873 250000.0
5.673355849471062 3.1253695344038497 0.1623243467303873 250000.0
5.673355849471062 3.1253695344038497 0.1623243467303873 250000.0
5.673355849471062 3.1253695344038497 0.1623243467303873 250000.0
5.673355849471062 3.1253695344038497 0.1623243467303873 250000.0
5.673355849471062 3.1253695344038497 0.1623243467303873 250000.0
5.71982106249428 3.1385834450091004 0.17522304996844668 0.0 4,1,1 coil/filament1/filament2
