periods 0
begin filament
FOCUSADD Coils
6.888720116771594 0.4458730903027003 0.0884551774112736 250000.0
6.8389763860845685 0.44150594228708995 0.08590777176113176 250000.0
6.8389763860845685 0.44150594228708995 0.08590777176113176 250000.0
6.8389763860845685 0.44150594228708995 0.08590777176113176 250000.0
6.8389763860845685 0.44150594228708995 0.08590777176113176 250000.0
6.8389763860845685 0.44150594228708995 0.08590777176113176 250000.0
6.8389763860845685 0.44150594228708995 0.08590777176113176 250000.0
6.8389763860845685 0.44150594228708995 0.08590777176113176 250000.0
6.8389763860845685 0.44150594228708995 0.08590777176113176 250000.0
6.8389763860845685 0.44150594228708995 0.08590777176113176 250000.0
6.8389763860845685 0.44150594228708995 0.08590777176113176 250000.0
6.8389763860845685 0.44150594228708995 0.08590777176113176 250000.0
6.8389763860845685 0.44150594228708995 0.08590777176113176 250000.0
6.8389763860845685 0.44150594228708995 0.08590777176113176 250000.0
6.8389763860845685 0.44150594228708995 0.08590777176113176 250000.0
6.8389763860845685 0.44150594228708995 0.08590777176113176 250000.0
6.8389763860845685 0.44150594228708995 0.08590777176113176 250000.0
6.8389763860845685 0.44150594228708995 0.08590777176113176 250000.0
6.8389763860845685 0.44150594228708995 0.08590777176113176 250000.0
6.8389763860845685 0.44150594228708995 0.08590777176113176 250000.0
6.8389763860845685 0.44150594228708995 0.08590777176113176 250000.0
6.8389763860845685 0.44150594228708995 0.08590777176113176 250000.0
6.8389763860845685 0.44150594228708995 0.08590777176113176 250000.0
6.8389763860845685 0.44150594228708995 0.08590777176113176 250000.0
6.8389763860845685 0.44150594228708995 0.08590777176113176 250000.0
6.8389763860845685 0.44150594228708995 0.08590777176113176 250000.0
6.8389763860845685 0.44150594228708995 0.08590777176113176 250000.0
6.8389763860845685 0.44150594228708995 0.08590777176113176 250000.0
6.8389763860845685 0.44150594228708995 0.08590777176113176 250000.0
6.8389763860845685 0.44150594228708995 0.08590777176113176 250000.0
6.8389763860845685 0.44150594228708995 0.08590777176113176 250000.0
6.8389763860845685 0.44150594228708995 0.08590777176113176 250000.0
6.8389763860845685 0.44150594228708995 0.08590777176113176 250000.0
6.8389763860845685 0.44150594228708995 0.08590777176113176 250000.0
6.8389763860845685 0.44150594228708995 0.08590777176113176 250000.0
6.8389763860845685 0.44150594228708995 0.08590777176113176 250000.0
6.8389763860845685 0.44150594228708995 0.08590777176113176 250000.0
6.8389763860845685 0.44150594228708995 0.08590777176113176 250000.0
6.8389763860845685 0.44150594228708995 0.08590777176113176 250000.0
6.8389763860845685 0.44150594228708995 0.08590777176113176 250000.0
6.8389763860845685 0.44150594228708995 0.08590777176113176 250000.0
6.8389763860845685 0.44150594228708995 0.08590777176113176 250000.0
6.8389763860845685 0.44150594228708995 0.08590777176113176 250000.0
6.8389763860845685 0.44150594228708995 0.08590777176113176 250000.0
6.8389763860845685 0.44150594228708995 0.08590777176113176 250000.0
6.8389763860845685 0.44150594228708995 0.08590777176113176 250000.0
6.8389763860845685 0.44150594228708995 0.08590777176113176 250000.0
6.8389763860845685 0.44150594228708995 0.08590777176113176 250000.0
6.8389763860845685 0.44150594228708995 0.08590777176113176 250000.0
6.8389763860845685 0.44150594228708995 0.08590777176113176 250000.0
6.8389763860845685 0.44150594228708995 0.08590777176113176 250000.0
6.8389763860845685 0.44150594228708995 0.08590777176113176 250000.0
6.8389763860845685 0.44150594228708995 0.08590777176113176 250000.0
6.8389763860845685 0.44150594228708995 0.08590777176113176 250000.0
6.8389763860845685 0.44150594228708995 0.08590777176113176 250000.0
6.8389763860845685 0.44150594228708995 0.08590777176113176 250000.0
6.8389763860845685 0.44150594228708995 0.08590777176113176 250000.0
6.8389763860845685 0.44150594228708995 0.08590777176113176 250000.0
6.8389763860845685 0.44150594228708995 0.08590777176113176 250000.0
6.8389763860845685 0.44150594228708995 0.08590777176113176 250000.0
6.8389763860845685 0.44150594228708995 0.08590777176113176 250000.0
6.8389763860845685 0.44150594228708995 0.08590777176113176 250000.0
6.8389763860845685 0.44150594228708995 0.08590777176113176 250000.0
6.8389763860845685 0.44150594228708995 0.08590777176113176 250000.0
6.888720116771594 0.4458730903027003 0.0884551774112736 0.0 0,0,0 coil/filament1/filament2
6.88045312137402 0.4482525046715983 0.1841684313617334 250000.0
6.830990657691909 0.4437659127095541 0.1783947688272674 250000.0
6.830990657691909 0.4437659127095541 0.1783947688272674 250000.0
6.830990657691909 0.4437659127095541 0.1783947688272674 250000.0
6.830990657691909 0.4437659127095541 0.1783947688272674 250000.0
6.830990657691909 0.4437659127095541 0.1783947688272674 250000.0
6.830990657691909 0.4437659127095541 0.1783947688272674 250000.0
6.830990657691909 0.4437659127095541 0.1783947688272674 250000.0
6.830990657691909 0.4437659127095541 0.1783947688272674 250000.0
6.830990657691909 0.4437659127095541 0.1783947688272674 250000.0
6.830990657691909 0.4437659127095541 0.1783947688272674 250000.0
6.830990657691909 0.4437659127095541 0.1783947688272674 250000.0
6.830990657691909 0.4437659127095541 0.1783947688272674 250000.0
6.830990657691909 0.4437659127095541 0.1783947688272674 250000.0
6.830990657691909 0.4437659127095541 0.1783947688272674 250000.0
6.830990657691909 0.4437659127095541 0.1783947688272674 250000.0
6.830990657691909 0.4437659127095541 0.1783947688272674 250000.0
6.830990657691909 0.4437659127095541 0.1783947688272674 250000.0
6.830990657691909 0.4437659127095541 0.1783947688272674 250000.0
6.830990657691909 0.4437659127095541 0.1783947688272674 250000.0
6.830990657691909 0.4437659127095541 0.1783947688272674 250000.0
6.830990657691909 0.4437659127095541 0.1783947688272674 250000.0
6.830990657691909 0.4437659127095541 0.1783947688272674 250000.0
6.830990657691909 0.4437659127095541 0.1783947688272674 250000.0
6.830990657691909 0.4437659127095541 0.1783947688272674 250000.0
6.830990657691909 0.4437659127095541 0.1783947688272674 250000.0
6.830990657691909 0.4437659127095541 0.1783947688272674 250000.0
6.830990657691909 0.4437659127095541 0.1783947688272674 250000.0
6.830990657691909 0.4437659127095541 0.1783947688272674 250000.0
6.830990657691909 0.4437659127095541 0.1783947688272674 250000.0
6.830990657691909 0.4437659127095541 0.1783947688272674 250000.0
6.830990657691909 0.4437659127095541 0.1783947688272674 250000.0
6.830990657691909 0.4437659127095541 0.1783947688272674 250000.0
6.830990657691909 0.4437659127095541 0.1783947688272674 250000.0
6.830990657691909 0.4437659127095541 0.1783947688272674 250000.0
6.830990657691909 0.4437659127095541 0.1783947688272674 250000.0
6.830990657691909 0.4437659127095541 0.1783947688272674 250000.0
6.830990657691909 0.4437659127095541 0.1783947688272674 250000.0
6.830990657691909 0.4437659127095541 0.1783947688272674 250000.0
6.830990657691909 0.4437659127095541 0.1783947688272674 250000.0
6.830990657691909 0.4437659127095541 0.1783947688272674 250000.0
6.830990657691909 0.4437659127095541 0.1783947688272674 250000.0
6.830990657691909 0.4437659127095541 0.1783947688272674 250000.0
6.830990657691909 0.4437659127095541 0.1783947688272674 250000.0
6.830990657691909 0.4437659127095541 0.1783947688272674 250000.0
6.830990657691909 0.4437659127095541 0.1783947688272674 250000.0
6.830990657691909 0.4437659127095541 0.1783947688272674 250000.0
6.830990657691909 0.4437659127095541 0.1783947688272674 250000.0
6.830990657691909 0.4437659127095541 0.1783947688272674 250000.0
6.830990657691909 0.4437659127095541 0.1783947688272674 250000.0
6.830990657691909 0.4437659127095541 0.1783947688272674 250000.0
6.830990657691909 0.4437659127095541 0.1783947688272674 250000.0
6.830990657691909 0.4437659127095541 0.1783947688272674 250000.0
6.830990657691909 0.4437659127095541 0.1783947688272674 250000.0
6.830990657691909 0.4437659127095541 0.1783947688272674 250000.0
6.830990657691909 0.4437659127095541 0.1783947688272674 250000.0
6.830990657691909 0.4437659127095541 0.1783947688272674 250000.0
6.830990657691909 0.4437659127095541 0.1783947688272674 250000.0
6.830990657691909 0.4437659127095541 0.1783947688272674 250000.0
6.830990657691909 0.4437659127095541 0.1783947688272674 250000.0
6.830990657691909 0.4437659127095541 0.1783947688272674 250000.0
6.830990657691909 0.4437659127095541 0.1783947688272674 250000.0
6.830990657691909 0.4437659127095541 0.1783947688272674 250000.0
6.830990657691909 0.4437659127095541 0.1783947688272674 250000.0
6.88045312137402 0.4482525046715983 0.1841684313617334 0.0 0,0,1 coil/filament1/filament2
6.89302847459454 0.3960745409163752 0.08969716448334972 250000.0
6.843284743907514 0.39170739290076484 0.08714975883320789 250000.0
6.843284743907514 0.39170739290076484 0.08714975883320789 250000.0
6.843284743907514 0.39170739290076484 0.08714975883320789 250000.0
6.843284743907514 0.39170739290076484 0.08714975883320789 250000.0
6.843284743907514 0.39170739290076484 0.08714975883320789 250000.0
6.843284743907514 0.39170739290076484 0.08714975883320789 250000.0
6.843284743907514 0.39170739290076484 0.08714975883320789 250000.0
6.843284743907514 0.39170739290076484 0.08714975883320789 250000.0
6.843284743907514 0.39170739290076484 0.08714975883320789 250000.0
6.843284743907514 0.39170739290076484 0.08714975883320789 250000.0
6.843284743907514 0.39170739290076484 0.08714975883320789 250000.0
6.843284743907514 0.39170739290076484 0.08714975883320789 250000.0
6.843284743907514 0.39170739290076484 0.08714975883320789 250000.0
6.843284743907514 0.39170739290076484 0.08714975883320789 250000.0
6.843284743907514 0.39170739290076484 0.08714975883320789 250000.0
6.843284743907514 0.39170739290076484 0.08714975883320789 250000.0
6.843284743907514 0.39170739290076484 0.08714975883320789 250000.0
6.843284743907514 0.39170739290076484 0.08714975883320789 250000.0
6.843284743907514 0.39170739290076484 0.08714975883320789 250000.0
6.843284743907514 0.39170739290076484 0.08714975883320789 250000.0
6.843284743907514 0.39170739290076484 0.08714975883320789 250000.0
6.843284743907514 0.39170739290076484 0.08714975883320789 250000.0
6.843284743907514 0.39170739290076484 0.08714975883320789 250000.0
6.843284743907514 0.39170739290076484 0.08714975883320789 250000.0
6.843284743907514 0.39170739290076484 0.08714975883320789 250000.0
6.843284743907514 0.39170739290076484 0.08714975883320789 250000.0
6.843284743907514 0.39170739290076484 0.08714975883320789 250000.0
6.843284743907514 0.39170739290076484 0.08714975883320789 250000.0
6.843284743907514 0.39170739290076484 0.08714975883320789 250000.0
6.843284743907514 0.39170739290076484 0.08714975883320789 250000.0
6.843284743907514 0.39170739290076484 0.08714975883320789 250000.0
6.843284743907514 0.39170739290076484 0.08714975883320789 250000.0
6.843284743907514 0.39170739290076484 0.08714975883320789 250000.0
6.843284743907514 0.39170739290076484 0.08714975883320789 250000.0
6.843284743907514 0.39170739290076484 0.08714975883320789 250000.0
6.843284743907514 0.39170739290076484 0.08714975883320789 250000.0
6.843284743907514 0.39170739290076484 0.08714975883320789 250000.0
6.843284743907514 0.39170739290076484 0.08714975883320789 250000.0
6.843284743907514 0.39170739290076484 0.08714975883320789 250000.0
6.843284743907514 0.39170739290076484 0.08714975883320789 250000.0
6.843284743907514 0.39170739290076484 0.08714975883320789 250000.0
6.843284743907514 0.39170739290076484 0.08714975883320789 250000.0
6.843284743907514 0.39170739290076484 0.08714975883320789 250000.0
6.843284743907514 0.39170739290076484 0.08714975883320789 250000.0
6.843284743907514 0.39170739290076484 0.08714975883320789 250000.0
6.843284743907514 0.39170739290076484 0.08714975883320789 250000.0
6.843284743907514 0.39170739290076484 0.08714975883320789 250000.0
6.843284743907514 0.39170739290076484 0.08714975883320789 250000.0
6.843284743907514 0.39170739290076484 0.08714975883320789 250000.0
6.843284743907514 0.39170739290076484 0.08714975883320789 250000.0
6.843284743907514 0.39170739290076484 0.08714975883320789 250000.0
6.843284743907514 0.39170739290076484 0.08714975883320789 250000.0
6.843284743907514 0.39170739290076484 0.08714975883320789 250000.0
6.843284743907514 0.39170739290076484 0.08714975883320789 250000.0
6.843284743907514 0.39170739290076484 0.08714975883320789 250000.0
6.843284743907514 0.39170739290076484 0.08714975883320789 250000.0
6.843284743907514 0.39170739290076484 0.08714975883320789 250000.0
6.843284743907514 0.39170739290076484 0.08714975883320789 250000.0
6.843284743907514 0.39170739290076484 0.08714975883320789 250000.0
6.843284743907514 0.39170739290076484 0.08714975883320789 250000.0
6.843284743907514 0.39170739290076484 0.08714975883320789 250000.0
6.843284743907514 0.39170739290076484 0.08714975883320789 250000.0
6.843284743907514 0.39170739290076484 0.08714975883320789 250000.0
6.89302847459454 0.3960745409163752 0.08969716448334972 0.0 0,1,0 coil/filament1/filament2
6.8847478310063766 0.3984731608979316 0.18605851142269875 250000.0
6.835285367324265 0.39398656893588746 0.18028484888823276 250000.0
6.835285367324265 0.39398656893588746 0.18028484888823276 250000.0
6.835285367324265 0.39398656893588746 0.18028484888823276 250000.0
6.835285367324265 0.39398656893588746 0.18028484888823276 250000.0
6.835285367324265 0.39398656893588746 0.18028484888823276 250000.0
6.835285367324265 0.39398656893588746 0.18028484888823276 250000.0
6.835285367324265 0.39398656893588746 0.18028484888823276 250000.0
6.835285367324265 0.39398656893588746 0.18028484888823276 250000.0
6.835285367324265 0.39398656893588746 0.18028484888823276 250000.0
6.835285367324265 0.39398656893588746 0.18028484888823276 250000.0
6.835285367324265 0.39398656893588746 0.18028484888823276 250000.0
6.835285367324265 0.39398656893588746 0.18028484888823276 250000.0
6.835285367324265 0.39398656893588746 0.18028484888823276 250000.0
6.835285367324265 0.39398656893588746 0.18028484888823276 250000.0
6.835285367324265 0.39398656893588746 0.18028484888823276 250000.0
6.835285367324265 0.39398656893588746 0.18028484888823276 250000.0
6.835285367324265 0.39398656893588746 0.18028484888823276 250000.0
6.835285367324265 0.39398656893588746 0.18028484888823276 250000.0
6.835285367324265 0.39398656893588746 0.18028484888823276 250000.0
6.835285367324265 0.39398656893588746 0.18028484888823276 250000.0
6.835285367324265 0.39398656893588746 0.18028484888823276 250000.0
6.835285367324265 0.39398656893588746 0.18028484888823276 250000.0
6.835285367324265 0.39398656893588746 0.18028484888823276 250000.0
6.835285367324265 0.39398656893588746 0.18028484888823276 250000.0
6.835285367324265 0.39398656893588746 0.18028484888823276 250000.0
6.835285367324265 0.39398656893588746 0.18028484888823276 250000.0
6.835285367324265 0.39398656893588746 0.18028484888823276 250000.0
6.835285367324265 0.39398656893588746 0.18028484888823276 250000.0
6.835285367324265 0.39398656893588746 0.18028484888823276 250000.0
6.835285367324265 0.39398656893588746 0.18028484888823276 250000.0
6.835285367324265 0.39398656893588746 0.18028484888823276 250000.0
6.835285367324265 0.39398656893588746 0.18028484888823276 250000.0
6.835285367324265 0.39398656893588746 0.18028484888823276 250000.0
6.835285367324265 0.39398656893588746 0.18028484888823276 250000.0
6.835285367324265 0.39398656893588746 0.18028484888823276 250000.0
6.835285367324265 0.39398656893588746 0.18028484888823276 250000.0
6.835285367324265 0.39398656893588746 0.18028484888823276 250000.0
6.835285367324265 0.39398656893588746 0.18028484888823276 250000.0
6.835285367324265 0.39398656893588746 0.18028484888823276 250000.0
6.835285367324265 0.39398656893588746 0.18028484888823276 250000.0
6.835285367324265 0.39398656893588746 0.18028484888823276 250000.0
6.835285367324265 0.39398656893588746 0.18028484888823276 250000.0
6.835285367324265 0.39398656893588746 0.18028484888823276 250000.0
6.835285367324265 0.39398656893588746 0.18028484888823276 250000.0
6.835285367324265 0.39398656893588746 0.18028484888823276 250000.0
6.835285367324265 0.39398656893588746 0.18028484888823276 250000.0
6.835285367324265 0.39398656893588746 0.18028484888823276 250000.0
6.835285367324265 0.39398656893588746 0.18028484888823276 250000.0
6.835285367324265 0.39398656893588746 0.18028484888823276 250000.0
6.835285367324265 0.39398656893588746 0.18028484888823276 250000.0
6.835285367324265 0.39398656893588746 0.18028484888823276 250000.0
6.835285367324265 0.39398656893588746 0.18028484888823276 250000.0
6.835285367324265 0.39398656893588746 0.18028484888823276 250000.0
6.835285367324265 0.39398656893588746 0.18028484888823276 250000.0
6.835285367324265 0.39398656893588746 0.18028484888823276 250000.0
6.835285367324265 0.39398656893588746 0.18028484888823276 250000.0
6.835285367324265 0.39398656893588746 0.18028484888823276 250000.0
6.835285367324265 0.39398656893588746 0.18028484888823276 250000.0
6.835285367324265 0.39398656893588746 0.18028484888823276 250000.0
6.835285367324265 0.39398656893588746 0.18028484888823276 250000.0
6.835285367324265 0.39398656893588746 0.18028484888823276 250000.0
6.835285367324265 0.39398656893588746 0.18028484888823276 250000.0
6.835285367324265 0.39398656893588746 0.18028484888823276 250000.0
6.8847478310063766 0.3984731608979316 0.18605851142269875 0.0 0,1,1 coil/filament1/filament2
6.666465542598935 1.3532594533358322 0.21596764186075718 250000.0
6.619350361660463 1.3381233083413224 0.20882223495559993 250000.0
6.619350361660463 1.3381233083413224 0.20882223495559993 250000.0
6.619350361660463 1.3381233083413224 0.20882223495559993 250000.0
6.619350361660463 1.3381233083413224 0.20882223495559993 250000.0
6.619350361660463 1.3381233083413224 0.20882223495559993 250000.0
6.619350361660463 1.3381233083413224 0.20882223495559993 250000.0
6.619350361660463 1.3381233083413224 0.20882223495559993 250000.0
6.619350361660463 1.3381233083413224 0.20882223495559993 250000.0
6.619350361660463 1.3381233083413224 0.20882223495559993 250000.0
6.619350361660463 1.3381233083413224 0.20882223495559993 250000.0
6.619350361660463 1.3381233083413224 0.20882223495559993 250000.0
6.619350361660463 1.3381233083413224 0.20882223495559993 250000.0
6.619350361660463 1.3381233083413224 0.20882223495559993 250000.0
6.619350361660463 1.3381233083413224 0.20882223495559993 250000.0
6.619350361660463 1.3381233083413224 0.20882223495559993 250000.0
6.619350361660463 1.3381233083413224 0.20882223495559993 250000.0
6.619350361660463 1.3381233083413224 0.20882223495559993 250000.0
6.619350361660463 1.3381233083413224 0.20882223495559993 250000.0
6.619350361660463 1.3381233083413224 0.20882223495559993 250000.0
6.619350361660463 1.3381233083413224 0.20882223495559993 250000.0
6.619350361660463 1.3381233083413224 0.20882223495559993 250000.0
6.619350361660463 1.3381233083413224 0.20882223495559993 250000.0
6.619350361660463 1.3381233083413224 0.20882223495559993 250000.0
6.619350361660463 1.3381233083413224 0.20882223495559993 250000.0
6.619350361660463 1.3381233083413224 0.20882223495559993 250000.0
6.619350361660463 1.3381233083413224 0.20882223495559993 250000.0
6.619350361660463 1.3381233083413224 0.20882223495559993 250000.0
6.619350361660463 1.3381233083413224 0.20882223495559993 250000.0
6.619350361660463 1.3381233083413224 0.20882223495559993 250000.0
6.619350361660463 1.3381233083413224 0.20882223495559993 250000.0
6.619350361660463 1.3381233083413224 0.20882223495559993 250000.0
6.619350361660463 1.3381233083413224 0.20882223495559993 250000.0
6.619350361660463 1.3381233083413224 0.20882223495559993 250000.0
6.619350361660463 1.3381233083413224 0.20882223495559993 250000.0
6.619350361660463 1.3381233083413224 0.20882223495559993 250000.0
6.619350361660463 1.3381233083413224 0.20882223495559993 250000.0
6.619350361660463 1.3381233083413224 0.20882223495559993 250000.0
6.619350361660463 1.3381233083413224 0.20882223495559993 250000.0
6.619350361660463 1.3381233083413224 0.20882223495559993 250000.0
6.619350361660463 1.3381233083413224 0.20882223495559993 250000.0
6.619350361660463 1.3381233083413224 0.20882223495559993 250000.0
6.619350361660463 1.3381233083413224 0.20882223495559993 250000.0
6.619350361660463 1.3381233083413224 0.20882223495559993 250000.0
6.619350361660463 1.3381233083413224 0.20882223495559993 250000.0
6.619350361660463 1.3381233083413224 0.20882223495559993 250000.0
6.619350361660463 1.3381233083413224 0.20882223495559993 250000.0
6.619350361660463 1.3381233083413224 0.20882223495559993 250000.0
6.619350361660463 1.3381233083413224 0.20882223495559993 250000.0
6.619350361660463 1.3381233083413224 0.20882223495559993 250000.0
6.619350361660463 1.3381233083413224 0.20882223495559993 250000.0
6.619350361660463 1.3381233083413224 0.20882223495559993 250000.0
6.619350361660463 1.3381233083413224 0.20882223495559993 250000.0
6.619350361660463 1.3381233083413224 0.20882223495559993 250000.0
6.619350361660463 1.3381233083413224 0.20882223495559993 250000.0
6.619350361660463 1.3381233083413224 0.20882223495559993 250000.0
6.619350361660463 1.3381233083413224 0.20882223495559993 250000.0
6.619350361660463 1.3381233083413224 0.20882223495559993 250000.0
6.619350361660463 1.3381233083413224 0.20882223495559993 250000.0
6.619350361660463 1.3381233083413224 0.20882223495559993 250000.0
6.619350361660463 1.3381233083413224 0.20882223495559993 250000.0
6.619350361660463 1.3381233083413224 0.20882223495559993 250000.0
6.619350361660463 1.3381233083413224 0.20882223495559993 250000.0
6.619350361660463 1.3381233083413224 0.20882223495559993 250000.0
6.666465542598935 1.3532594533358322 0.21596764186075718 0.0 1,0,0 coil/filament1/filament2
6.651088427637477 1.33829715703797 0.3192613508494155 250000.0
6.604664974327588 1.3232924874277285 0.3083195560847507 250000.0
6.604664974327588 1.3232924874277285 0.3083195560847507 250000.0
6.604664974327588 1.3232924874277285 0.3083195560847507 250000.0
6.604664974327588 1.3232924874277285 0.3083195560847507 250000.0
6.604664974327588 1.3232924874277285 0.3083195560847507 250000.0
6.604664974327588 1.3232924874277285 0.3083195560847507 250000.0
6.604664974327588 1.3232924874277285 0.3083195560847507 250000.0
6.604664974327588 1.3232924874277285 0.3083195560847507 250000.0
6.604664974327588 1.3232924874277285 0.3083195560847507 250000.0
6.604664974327588 1.3232924874277285 0.3083195560847507 250000.0
6.604664974327588 1.3232924874277285 0.3083195560847507 250000.0
6.604664974327588 1.3232924874277285 0.3083195560847507 250000.0
6.604664974327588 1.3232924874277285 0.3083195560847507 250000.0
6.604664974327588 1.3232924874277285 0.3083195560847507 250000.0
6.604664974327588 1.3232924874277285 0.3083195560847507 250000.0
6.604664974327588 1.3232924874277285 0.3083195560847507 250000.0
6.604664974327588 1.3232924874277285 0.3083195560847507 250000.0
6.604664974327588 1.3232924874277285 0.3083195560847507 250000.0
6.604664974327588 1.3232924874277285 0.3083195560847507 250000.0
6.604664974327588 1.3232924874277285 0.3083195560847507 250000.0
6.604664974327588 1.3232924874277285 0.3083195560847507 250000.0
6.604664974327588 1.3232924874277285 0.3083195560847507 250000.0
6.604664974327588 1.3232924874277285 0.3083195560847507 250000.0
6.604664974327588 1.3232924874277285 0.3083195560847507 250000.0
6.604664974327588 1.3232924874277285 0.3083195560847507 250000.0
6.604664974327588 1.3232924874277285 0.3083195560847507 250000.0
6.604664974327588 1.3232924874277285 0.3083195560847507 250000.0
6.604664974327588 1.3232924874277285 0.3083195560847507 250000.0
6.604664974327588 1.3232924874277285 0.3083195560847507 250000.0
6.604664974327588 1.3232924874277285 0.3083195560847507 250000.0
6.604664974327588 1.3232924874277285 0.3083195560847507 250000.0
6.604664974327588 1.3232924874277285 0.3083195560847507 250000.0
6.604664974327588 1.3232924874277285 0.3083195560847507 250000.0
6.604664974327588 1.3232924874277285 0.3083195560847507 250000.0
6.604664974327588 1.3232924874277285 0.3083195560847507 250000.0
6.604664974327588 1.3232924874277285 0.3083195560847507 250000.0
6.604664974327588 1.3232924874277285 0.3083195560847507 250000.0
6.604664974327588 1.3232924874277285 0.3083195560847507 250000.0
6.604664974327588 1.3232924874277285 0.3083195560847507 250000.0
6.604664974327588 1.3232924874277285 0.3083195560847507 250000.0
6.604664974327588 1.3232924874277285 0.3083195560847507 250000.0
6.604664974327588 1.3232924874277285 0.3083195560847507 250000.0
6.604664974327588 1.3232924874277285 0.3083195560847507 250000.0
6.604664974327588 1.3232924874277285 0.3083195560847507 250000.0
6.604664974327588 1.3232924874277285 0.3083195560847507 250000.0
6.604664974327588 1.3232924874277285 0.3083195560847507 250000.0
6.604664974327588 1.3232924874277285 0.3083195560847507 250000.0
6.604664974327588 1.3232924874277285 0.3083195560847507 250000.0
6.604664974327588 1.3232924874277285 0.3083195560847507 250000.0
6.604664974327588 1.3232924874277285 0.3083195560847507 250000.0
6.604664974327588 1.3232924874277285 0.3083195560847507 250000.0
6.604664974327588 1.3232924874277285 0.3083195560847507 250000.0
6.604664974327588 1.3232924874277285 0.3083195560847507 250000.0
6.604664974327588 1.3232924874277285 0.3083195560847507 250000.0
6.604664974327588 1.3232924874277285 0.3083195560847507 250000.0
6.604664974327588 1.3232924874277285 0.3083195560847507 250000.0
6.604664974327588 1.3232924874277285 0.3083195560847507 250000.0
6.604664974327588 1.3232924874277285 0.3083195560847507 250000.0
6.604664974327588 1.3232924874277285 0.3083195560847507 250000.0
6.604664974327588 1.3232924874277285 0.3083195560847507 250000.0
6.604664974327588 1.3232924874277285 0.3083195560847507 250000.0
6.604664974327588 1.3232924874277285 0.3083195560847507 250000.0
6.604664974327588 1.3232924874277285 0.3083195560847507 250000.0
6.651088427637477 1.33829715703797 0.3192613508494155 0.0 1,0,1 coil/filament1/filament2
6.6824300766383 1.3062084870899249 0.2103694074754846 250000.0
6.635314895699828 1.291072342095415 0.20322400057032736 250000.0
6.635314895699828 1.291072342095415 0.20322400057032736 250000.0
6.635314895699828 1.291072342095415 0.20322400057032736 250000.0
6.635314895699828 1.291072342095415 0.20322400057032736 250000.0
6.635314895699828 1.291072342095415 0.20322400057032736 250000.0
6.635314895699828 1.291072342095415 0.20322400057032736 250000.0
6.635314895699828 1.291072342095415 0.20322400057032736 250000.0
6.635314895699828 1.291072342095415 0.20322400057032736 250000.0
6.635314895699828 1.291072342095415 0.20322400057032736 250000.0
6.635314895699828 1.291072342095415 0.20322400057032736 250000.0
6.635314895699828 1.291072342095415 0.20322400057032736 250000.0
6.635314895699828 1.291072342095415 0.20322400057032736 250000.0
6.635314895699828 1.291072342095415 0.20322400057032736 250000.0
6.635314895699828 1.291072342095415 0.20322400057032736 250000.0
6.635314895699828 1.291072342095415 0.20322400057032736 250000.0
6.635314895699828 1.291072342095415 0.20322400057032736 250000.0
6.635314895699828 1.291072342095415 0.20322400057032736 250000.0
6.635314895699828 1.291072342095415 0.20322400057032736 250000.0
6.635314895699828 1.291072342095415 0.20322400057032736 250000.0
6.635314895699828 1.291072342095415 0.20322400057032736 250000.0
6.635314895699828 1.291072342095415 0.20322400057032736 250000.0
6.635314895699828 1.291072342095415 0.20322400057032736 250000.0
6.635314895699828 1.291072342095415 0.20322400057032736 250000.0
6.635314895699828 1.291072342095415 0.20322400057032736 250000.0
6.635314895699828 1.291072342095415 0.20322400057032736 250000.0
6.635314895699828 1.291072342095415 0.20322400057032736 250000.0
6.635314895699828 1.291072342095415 0.20322400057032736 250000.0
6.635314895699828 1.291072342095415 0.20322400057032736 250000.0
6.635314895699828 1.291072342095415 0.20322400057032736 250000.0
6.635314895699828 1.291072342095415 0.20322400057032736 250000.0
6.635314895699828 1.291072342095415 0.20322400057032736 250000.0
6.635314895699828 1.291072342095415 0.20322400057032736 250000.0
6.635314895699828 1.291072342095415 0.20322400057032736 250000.0
6.635314895699828 1.291072342095415 0.20322400057032736 250000.0
6.635314895699828 1.291072342095415 0.20322400057032736 250000.0
6.635314895699828 1.291072342095415 0.20322400057032736 250000.0
6.635314895699828 1.291072342095415 0.20322400057032736 250000.0
6.635314895699828 1.291072342095415 0.20322400057032736 250000.0
6.635314895699828 1.291072342095415 0.20322400057032736 250000.0
6.635314895699828 1.291072342095415 0.20322400057032736 250000.0
6.635314895699828 1.291072342095415 0.20322400057032736 250000.0
6.635314895699828 1.291072342095415 0.20322400057032736 250000.0
6.635314895699828 1.291072342095415 0.20322400057032736 250000.0
6.635314895699828 1.291072342095415 0.20322400057032736 250000.0
6.635314895699828 1.291072342095415 0.20322400057032736 250000.0
6.635314895699828 1.291072342095415 0.20322400057032736 250000.0
6.635314895699828 1.291072342095415 0.20322400057032736 250000.0
6.635314895699828 1.291072342095415 0.20322400057032736 250000.0
6.635314895699828 1.291072342095415 0.20322400057032736 250000.0
6.635314895699828 1.291072342095415 0.20322400057032736 250000.0
6.635314895699828 1.291072342095415 0.20322400057032736 250000.0
6.635314895699828 1.291072342095415 0.20322400057032736 250000.0
6.635314895699828 1.291072342095415 0.20322400057032736 250000.0
6.635314895699828 1.291072342095415 0.20322400057032736 250000.0
6.635314895699828 1.291072342095415 0.20322400057032736 250000.0
6.635314895699828 1.291072342095415 0.20322400057032736 250000.0
6.635314895699828 1.291072342095415 0.20322400057032736 250000.0
6.635314895699828 1.291072342095415 0.20322400057032736 250000.0
6.635314895699828 1.291072342095415 0.20322400057032736 250000.0
6.635314895699828 1.291072342095415 0.20322400057032736 250000.0
6.635314895699828 1.291072342095415 0.20322400057032736 250000.0
6.635314895699828 1.291072342095415 0.20322400057032736 250000.0
6.635314895699828 1.291072342095415 0.20322400057032736 250000.0
6.6824300766383 1.3062084870899249 0.2103694074754846 0.0 1,1,0 coil/filament1/filament2
6.66718987336223 1.2910968457203078 0.31567330721972275 250000.0
6.620766420052341 1.2760921761100663 0.304731512455058 250000.0
6.620766420052341 1.2760921761100663 0.304731512455058 250000.0
6.620766420052341 1.2760921761100663 0.304731512455058 250000.0
6.620766420052341 1.2760921761100663 0.304731512455058 250000.0
6.620766420052341 1.2760921761100663 0.304731512455058 250000.0
6.620766420052341 1.2760921761100663 0.304731512455058 250000.0
6.620766420052341 1.2760921761100663 0.304731512455058 250000.0
6.620766420052341 1.2760921761100663 0.304731512455058 250000.0
6.620766420052341 1.2760921761100663 0.304731512455058 250000.0
6.620766420052341 1.2760921761100663 0.304731512455058 250000.0
6.620766420052341 1.2760921761100663 0.304731512455058 250000.0
6.620766420052341 1.2760921761100663 0.304731512455058 250000.0
6.620766420052341 1.2760921761100663 0.304731512455058 250000.0
6.620766420052341 1.2760921761100663 0.304731512455058 250000.0
6.620766420052341 1.2760921761100663 0.304731512455058 250000.0
6.620766420052341 1.2760921761100663 0.304731512455058 250000.0
6.620766420052341 1.2760921761100663 0.304731512455058 250000.0
6.620766420052341 1.2760921761100663 0.304731512455058 250000.0
6.620766420052341 1.2760921761100663 0.304731512455058 250000.0
6.620766420052341 1.2760921761100663 0.304731512455058 250000.0
6.620766420052341 1.2760921761100663 0.304731512455058 250000.0
6.620766420052341 1.2760921761100663 0.304731512455058 250000.0
6.620766420052341 1.2760921761100663 0.304731512455058 250000.0
6.620766420052341 1.2760921761100663 0.304731512455058 250000.0
6.620766420052341 1.2760921761100663 0.304731512455058 250000.0
6.620766420052341 1.2760921761100663 0.304731512455058 250000.0
6.620766420052341 1.2760921761100663 0.304731512455058 250000.0
6.620766420052341 1.2760921761100663 0.304731512455058 250000.0
6.620766420052341 1.2760921761100663 0.304731512455058 250000.0
6.620766420052341 1.2760921761100663 0.304731512455058 250000.0
6.620766420052341 1.2760921761100663 0.304731512455058 250000.0
6.620766420052341 1.2760921761100663 0.304731512455058 250000.0
6.620766420052341 1.2760921761100663 0.304731512455058 250000.0
6.620766420052341 1.2760921761100663 0.304731512455058 250000.0
6.620766420052341 1.2760921761100663 0.304731512455058 250000.0
6.620766420052341 1.2760921761100663 0.304731512455058 250000.0
6.620766420052341 1.2760921761100663 0.304731512455058 250000.0
6.620766420052341 1.2760921761100663 0.304731512455058 250000.0
6.620766420052341 1.2760921761100663 0.304731512455058 250000.0
6.620766420052341 1.2760921761100663 0.304731512455058 250000.0
6.620766420052341 1.2760921761100663 0.304731512455058 250000.0
6.620766420052341 1.2760921761100663 0.304731512455058 250000.0
6.620766420052341 1.2760921761100663 0.304731512455058 250000.0
6.620766420052341 1.2760921761100663 0.304731512455058 250000.0
6.620766420052341 1.2760921761100663 0.304731512455058 250000.0
6.620766420052341 1.2760921761100663 0.304731512455058 250000.0
6.620766420052341 1.2760921761100663 0.304731512455058 250000.0
6.620766420052341 1.2760921761100663 0.304731512455058 250000.0
6.620766420052341 1.2760921761100663 0.304731512455058 250000.0
6.620766420052341 1.2760921761100663 0.304731512455058 250000.0
6.620766420052341 1.2760921761100663 0.304731512455058 250000.0
6.620766420052341 1.2760921761100663 0.304731512455058 250000.0
6.620766420052341 1.2760921761100663 0.304731512455058 250000.0
6.620766420052341 1.2760921761100663 0.304731512455058 250000.0
6.620766420052341 1.2760921761100663 0.304731512455058 250000.0
6.620766420052341 1.2760921761100663 0.304731512455058 250000.0
6.620766420052341 1.2760921761100663 0.304731512455058 250000.0
6.620766420052341 1.2760921761100663 0.304731512455058 250000.0
6.620766420052341 1.2760921761100663 0.304731512455058 250000.0
6.620766420052341 1.2760921761100663 0.304731512455058 250000.0
6.620766420052341 1.2760921761100663 0.304731512455058 250000.0
6.620766420052341 1.2760921761100663 0.304731512455058 250000.0
6.620766420052341 1.2760921761100663 0.304731512455058 250000.0
6.66718987336223 1.2910968457203078 0.31567330721972275 0.0 1,1,1 coil/filament1/filament2
6.316090767022467 2.157983043061977 0.22313934258801948 250000.0
6.275603278496844 2.1318791812366253 0.20974711832576481 250000.0
6.275603278496844 2.1318791812366253 0.20974711832576481 250000.0
6.275603278496844 2.1318791812366253 0.20974711832576481 250000.0
6.275603278496844 2.1318791812366253 0.20974711832576481 250000.0
6.275603278496844 2.1318791812366253 0.20974711832576481 250000.0
6.275603278496844 2.1318791812366253 0.20974711832576481 250000.0
6.275603278496844 2.1318791812366253 0.20974711832576481 250000.0
6.275603278496844 2.1318791812366253 0.20974711832576481 250000.0
6.275603278496844 2.1318791812366253 0.20974711832576481 250000.0
6.275603278496844 2.1318791812366253 0.20974711832576481 250000.0
6.275603278496844 2.1318791812366253 0.20974711832576481 250000.0
6.275603278496844 2.1318791812366253 0.20974711832576481 250000.0
6.275603278496844 2.1318791812366253 0.20974711832576481 250000.0
6.275603278496844 2.1318791812366253 0.20974711832576481 250000.0
6.275603278496844 2.1318791812366253 0.20974711832576481 250000.0
6.275603278496844 2.1318791812366253 0.20974711832576481 250000.0
6.275603278496844 2.1318791812366253 0.20974711832576481 250000.0
6.275603278496844 2.1318791812366253 0.20974711832576481 250000.0
6.275603278496844 2.1318791812366253 0.20974711832576481 250000.0
6.275603278496844 2.1318791812366253 0.20974711832576481 250000.0
6.275603278496844 2.1318791812366253 0.20974711832576481 250000.0
6.275603278496844 2.1318791812366253 0.20974711832576481 250000.0
6.275603278496844 2.1318791812366253 0.20974711832576481 250000.0
6.275603278496844 2.1318791812366253 0.20974711832576481 250000.0
6.275603278496844 2.1318791812366253 0.20974711832576481 250000.0
6.275603278496844 2.1318791812366253 0.20974711832576481 250000.0
6.275603278496844 2.1318791812366253 0.20974711832576481 250000.0
6.275603278496844 2.1318791812366253 0.20974711832576481 250000.0
6.275603278496844 2.1318791812366253 0.20974711832576481 250000.0
6.275603278496844 2.1318791812366253 0.20974711832576481 250000.0
6.275603278496844 2.1318791812366253 0.20974711832576481 250000.0
6.275603278496844 2.1318791812366253 0.20974711832576481 250000.0
6.275603278496844 2.1318791812366253 0.20974711832576481 250000.0
6.275603278496844 2.1318791812366253 0.20974711832576481 250000.0
6.275603278496844 2.1318791812366253 0.20974711832576481 250000.0
6.275603278496844 2.1318791812366253 0.20974711832576481 250000.0
6.275603278496844 2.1318791812366253 0.20974711832576481 250000.0
6.275603278496844 2.1318791812366253 0.20974711832576481 250000.0
6.275603278496844 2.1318791812366253 0.20974711832576481 250000.0
6.275603278496844 2.1318791812366253 0.20974711832576481 250000.0
6.275603278496844 2.1318791812366253 0.20974711832576481 250000.0
6.275603278496844 2.1318791812366253 0.20974711832576481 250000.0
6.275603278496844 2.1318791812366253 0.20974711832576481 250000.0
6.275603278496844 2.1318791812366253 0.20974711832576481 250000.0
6.275603278496844 2.1318791812366253 0.20974711832576481 250000.0
6.275603278496844 2.1318791812366253 0.20974711832576481 250000.0
6.275603278496844 2.1318791812366253 0.20974711832576481 250000.0
6.275603278496844 2.1318791812366253 0.20974711832576481 250000.0
6.275603278496844 2.1318791812366253 0.20974711832576481 250000.0
6.275603278496844 2.1318791812366253 0.20974711832576481 250000.0
6.275603278496844 2.1318791812366253 0.20974711832576481 250000.0
6.275603278496844 2.1318791812366253 0.20974711832576481 250000.0
6.275603278496844 2.1318791812366253 0.20974711832576481 250000.0
6.275603278496844 2.1318791812366253 0.20974711832576481 250000.0
6.275603278496844 2.1318791812366253 0.20974711832576481 250000.0
6.275603278496844 2.1318791812366253 0.20974711832576481 250000.0
6.275603278496844 2.1318791812366253 0.20974711832576481 250000.0
6.275603278496844 2.1318791812366253 0.20974711832576481 250000.0
6.275603278496844 2.1318791812366253 0.20974711832576481 250000.0
6.275603278496844 2.1318791812366253 0.20974711832576481 250000.0
6.275603278496844 2.1318791812366253 0.20974711832576481 250000.0
6.275603278496844 2.1318791812366253 0.20974711832576481 250000.0
6.275603278496844 2.1318791812366253 0.20974711832576481 250000.0
6.316090767022467 2.157983043061977 0.22313934258801948 0.0 2,0,0 coil/filament1/filament2
6.272556103110252 2.163927850614535 0.33485280519889354 250000.0
6.2326471921485425 2.1376889162353367 0.320061011916994 250000.0
6.2326471921485425 2.1376889162353367 0.320061011916994 250000.0
6.2326471921485425 2.1376889162353367 0.320061011916994 250000.0
6.2326471921485425 2.1376889162353367 0.320061011916994 250000.0
6.2326471921485425 2.1376889162353367 0.320061011916994 250000.0
6.2326471921485425 2.1376889162353367 0.320061011916994 250000.0
6.2326471921485425 2.1376889162353367 0.320061011916994 250000.0
6.2326471921485425 2.1376889162353367 0.320061011916994 250000.0
6.2326471921485425 2.1376889162353367 0.320061011916994 250000.0
6.2326471921485425 2.1376889162353367 0.320061011916994 250000.0
6.2326471921485425 2.1376889162353367 0.320061011916994 250000.0
6.2326471921485425 2.1376889162353367 0.320061011916994 250000.0
6.2326471921485425 2.1376889162353367 0.320061011916994 250000.0
6.2326471921485425 2.1376889162353367 0.320061011916994 250000.0
6.2326471921485425 2.1376889162353367 0.320061011916994 250000.0
6.2326471921485425 2.1376889162353367 0.320061011916994 250000.0
6.2326471921485425 2.1376889162353367 0.320061011916994 250000.0
6.2326471921485425 2.1376889162353367 0.320061011916994 250000.0
6.2326471921485425 2.1376889162353367 0.320061011916994 250000.0
6.2326471921485425 2.1376889162353367 0.320061011916994 250000.0
6.2326471921485425 2.1376889162353367 0.320061011916994 250000.0
6.2326471921485425 2.1376889162353367 0.320061011916994 250000.0
6.2326471921485425 2.1376889162353367 0.320061011916994 250000.0
6.2326471921485425 2.1376889162353367 0.320061011916994 250000.0
6.2326471921485425 2.1376889162353367 0.320061011916994 250000.0
6.2326471921485425 2.1376889162353367 0.320061011916994 250000.0
6.2326471921485425 2.1376889162353367 0.320061011916994 250000.0
6.2326471921485425 2.1376889162353367 0.320061011916994 250000.0
6.2326471921485425 2.1376889162353367 0.320061011916994 250000.0
6.2326471921485425 2.1376889162353367 0.320061011916994 250000.0
6.2326471921485425 2.1376889162353367 0.320061011916994 250000.0
6.2326471921485425 2.1376889162353367 0.320061011916994 250000.0
6.2326471921485425 2.1376889162353367 0.320061011916994 250000.0
6.2326471921485425 2.1376889162353367 0.320061011916994 250000.0
6.2326471921485425 2.1376889162353367 0.320061011916994 250000.0
6.2326471921485425 2.1376889162353367 0.320061011916994 250000.0
6.2326471921485425 2.1376889162353367 0.320061011916994 250000.0
6.2326471921485425 2.1376889162353367 0.320061011916994 250000.0
6.2326471921485425 2.1376889162353367 0.320061011916994 250000.0
6.2326471921485425 2.1376889162353367 0.320061011916994 250000.0
6.2326471921485425 2.1376889162353367 0.320061011916994 250000.0
6.2326471921485425 2.1376889162353367 0.320061011916994 250000.0
6.2326471921485425 2.1376889162353367 0.320061011916994 250000.0
6.2326471921485425 2.1376889162353367 0.320061011916994 250000.0
6.2326471921485425 2.1376889162353367 0.320061011916994 250000.0
6.2326471921485425 2.1376889162353367 0.320061011916994 250000.0
6.2326471921485425 2.1376889162353367 0.320061011916994 250000.0
6.2326471921485425 2.1376889162353367 0.320061011916994 250000.0
6.2326471921485425 2.1376889162353367 0.320061011916994 250000.0
6.2326471921485425 2.1376889162353367 0.320061011916994 250000.0
6.2326471921485425 2.1376889162353367 0.320061011916994 250000.0
6.2326471921485425 2.1376889162353367 0.320061011916994 250000.0
6.2326471921485425 2.1376889162353367 0.320061011916994 250000.0
6.2326471921485425 2.1376889162353367 0.320061011916994 250000.0
6.2326471921485425 2.1376889162353367 0.320061011916994 250000.0
6.2326471921485425 2.1376889162353367 0.320061011916994 250000.0
6.2326471921485425 2.1376889162353367 0.320061011916994 250000.0
6.2326471921485425 2.1376889162353367 0.320061011916994 250000.0
6.2326471921485425 2.1376889162353367 0.320061011916994 250000.0
6.2326471921485425 2.1376889162353367 0.320061011916994 250000.0
6.2326471921485425 2.1376889162353367 0.320061011916994 250000.0
6.2326471921485425 2.1376889162353367 0.320061011916994 250000.0
6.2326471921485425 2.1376889162353367 0.320061011916994 250000.0
6.272556103110252 2.163927850614535 0.33485280519889354 0.0 2,0,1 coil/filament1/filament2
6.339786073446561 2.115430721394217 0.23444564057417655 250000.0
6.299298584920938 2.0893268595688657 0.22105341631192188 250000.0
6.299298584920938 2.0893268595688657 0.22105341631192188 250000.0
6.299298584920938 2.0893268595688657 0.22105341631192188 250000.0
6.299298584920938 2.0893268595688657 0.22105341631192188 250000.0
6.299298584920938 2.0893268595688657 0.22105341631192188 250000.0
6.299298584920938 2.0893268595688657 0.22105341631192188 250000.0
6.299298584920938 2.0893268595688657 0.22105341631192188 250000.0
6.299298584920938 2.0893268595688657 0.22105341631192188 250000.0
6.299298584920938 2.0893268595688657 0.22105341631192188 250000.0
6.299298584920938 2.0893268595688657 0.22105341631192188 250000.0
6.299298584920938 2.0893268595688657 0.22105341631192188 250000.0
6.299298584920938 2.0893268595688657 0.22105341631192188 250000.0
6.299298584920938 2.0893268595688657 0.22105341631192188 250000.0
6.299298584920938 2.0893268595688657 0.22105341631192188 250000.0
6.299298584920938 2.0893268595688657 0.22105341631192188 250000.0
6.299298584920938 2.0893268595688657 0.22105341631192188 250000.0
6.299298584920938 2.0893268595688657 0.22105341631192188 250000.0
6.299298584920938 2.0893268595688657 0.22105341631192188 250000.0
6.299298584920938 2.0893268595688657 0.22105341631192188 250000.0
6.299298584920938 2.0893268595688657 0.22105341631192188 250000.0
6.299298584920938 2.0893268595688657 0.22105341631192188 250000.0
6.299298584920938 2.0893268595688657 0.22105341631192188 250000.0
6.299298584920938 2.0893268595688657 0.22105341631192188 250000.0
6.299298584920938 2.0893268595688657 0.22105341631192188 250000.0
6.299298584920938 2.0893268595688657 0.22105341631192188 250000.0
6.299298584920938 2.0893268595688657 0.22105341631192188 250000.0
6.299298584920938 2.0893268595688657 0.22105341631192188 250000.0
6.299298584920938 2.0893268595688657 0.22105341631192188 250000.0
6.299298584920938 2.0893268595688657 0.22105341631192188 250000.0
6.299298584920938 2.0893268595688657 0.22105341631192188 250000.0
6.299298584920938 2.0893268595688657 0.22105341631192188 250000.0
6.299298584920938 2.0893268595688657 0.22105341631192188 250000.0
6.299298584920938 2.0893268595688657 0.22105341631192188 250000.0
6.299298584920938 2.0893268595688657 0.22105341631192188 250000.0
6.299298584920938 2.0893268595688657 0.22105341631192188 250000.0
6.299298584920938 2.0893268595688657 0.22105341631192188 250000.0
6.299298584920938 2.0893268595688657 0.22105341631192188 250000.0
6.299298584920938 2.0893268595688657 0.22105341631192188 250000.0
6.299298584920938 2.0893268595688657 0.22105341631192188 250000.0
6.299298584920938 2.0893268595688657 0.22105341631192188 250000.0
6.299298584920938 2.0893268595688657 0.22105341631192188 250000.0
6.299298584920938 2.0893268595688657 0.22105341631192188 250000.0
6.299298584920938 2.0893268595688657 0.22105341631192188 250000.0
6.299298584920938 2.0893268595688657 0.22105341631192188 250000.0
6.299298584920938 2.0893268595688657 0.22105341631192188 250000.0
6.299298584920938 2.0893268595688657 0.22105341631192188 250000.0
6.299298584920938 2.0893268595688657 0.22105341631192188 250000.0
6.299298584920938 2.0893268595688657 0.22105341631192188 250000.0
6.299298584920938 2.0893268595688657 0.22105341631192188 250000.0
6.299298584920938 2.0893268595688657 0.22105341631192188 250000.0
6.299298584920938 2.0893268595688657 0.22105341631192188 250000.0
6.299298584920938 2.0893268595688657 0.22105341631192188 250000.0
6.299298584920938 2.0893268595688657 0.22105341631192188 250000.0
6.299298584920938 2.0893268595688657 0.22105341631192188 250000.0
6.299298584920938 2.0893268595688657 0.22105341631192188 250000.0
6.299298584920938 2.0893268595688657 0.22105341631192188 250000.0
6.299298584920938 2.0893268595688657 0.22105341631192188 250000.0
6.299298584920938 2.0893268595688657 0.22105341631192188 250000.0
6.299298584920938 2.0893268595688657 0.22105341631192188 250000.0
6.299298584920938 2.0893268595688657 0.22105341631192188 250000.0
6.299298584920938 2.0893268595688657 0.22105341631192188 250000.0
6.299298584920938 2.0893268595688657 0.22105341631192188 250000.0
6.299298584920938 2.0893268595688657 0.22105341631192188 250000.0
6.339786073446561 2.115430721394217 0.23444564057417655 0.0 2,1,0 coil/filament1/filament2
6.2962257939637265 2.121423119361977 0.34638942324963795 250000.0
6.256316883002017 2.0951841849827786 0.3315976299677384 250000.0
6.256316883002017 2.0951841849827786 0.3315976299677384 250000.0
6.256316883002017 2.0951841849827786 0.3315976299677384 250000.0
6.256316883002017 2.0951841849827786 0.3315976299677384 250000.0
6.256316883002017 2.0951841849827786 0.3315976299677384 250000.0
6.256316883002017 2.0951841849827786 0.3315976299677384 250000.0
6.256316883002017 2.0951841849827786 0.3315976299677384 250000.0
6.256316883002017 2.0951841849827786 0.3315976299677384 250000.0
6.256316883002017 2.0951841849827786 0.3315976299677384 250000.0
6.256316883002017 2.0951841849827786 0.3315976299677384 250000.0
6.256316883002017 2.0951841849827786 0.3315976299677384 250000.0
6.256316883002017 2.0951841849827786 0.3315976299677384 250000.0
6.256316883002017 2.0951841849827786 0.3315976299677384 250000.0
6.256316883002017 2.0951841849827786 0.3315976299677384 250000.0
6.256316883002017 2.0951841849827786 0.3315976299677384 250000.0
6.256316883002017 2.0951841849827786 0.3315976299677384 250000.0
6.256316883002017 2.0951841849827786 0.3315976299677384 250000.0
6.256316883002017 2.0951841849827786 0.3315976299677384 250000.0
6.256316883002017 2.0951841849827786 0.3315976299677384 250000.0
6.256316883002017 2.0951841849827786 0.3315976299677384 250000.0
6.256316883002017 2.0951841849827786 0.3315976299677384 250000.0
6.256316883002017 2.0951841849827786 0.3315976299677384 250000.0
6.256316883002017 2.0951841849827786 0.3315976299677384 250000.0
6.256316883002017 2.0951841849827786 0.3315976299677384 250000.0
6.256316883002017 2.0951841849827786 0.3315976299677384 250000.0
6.256316883002017 2.0951841849827786 0.3315976299677384 250000.0
6.256316883002017 2.0951841849827786 0.3315976299677384 250000.0
6.256316883002017 2.0951841849827786 0.3315976299677384 250000.0
6.256316883002017 2.0951841849827786 0.3315976299677384 250000.0
6.256316883002017 2.0951841849827786 0.3315976299677384 250000.0
6.256316883002017 2.0951841849827786 0.3315976299677384 250000.0
6.256316883002017 2.0951841849827786 0.3315976299677384 250000.0
6.256316883002017 2.0951841849827786 0.3315976299677384 250000.0
6.256316883002017 2.0951841849827786 0.3315976299677384 250000.0
6.256316883002017 2.0951841849827786 0.3315976299677384 250000.0
6.256316883002017 2.0951841849827786 0.3315976299677384 250000.0
6.256316883002017 2.0951841849827786 0.3315976299677384 250000.0
6.256316883002017 2.0951841849827786 0.3315976299677384 250000.0
6.256316883002017 2.0951841849827786 0.3315976299677384 250000.0
6.256316883002017 2.0951841849827786 0.3315976299677384 250000.0
6.256316883002017 2.0951841849827786 0.3315976299677384 250000.0
6.256316883002017 2.0951841849827786 0.3315976299677384 250000.0
6.256316883002017 2.0951841849827786 0.3315976299677384 250000.0
6.256316883002017 2.0951841849827786 0.3315976299677384 250000.0
6.256316883002017 2.0951841849827786 0.3315976299677384 250000.0
6.256316883002017 2.0951841849827786 0.3315976299677384 250000.0
6.256316883002017 2.0951841849827786 0.3315976299677384 250000.0
6.256316883002017 2.0951841849827786 0.3315976299677384 250000.0
6.256316883002017 2.0951841849827786 0.3315976299677384 250000.0
6.256316883002017 2.0951841849827786 0.3315976299677384 250000.0
6.256316883002017 2.0951841849827786 0.3315976299677384 250000.0
6.256316883002017 2.0951841849827786 0.3315976299677384 250000.0
6.256316883002017 2.0951841849827786 0.3315976299677384 250000.0
6.256316883002017 2.0951841849827786 0.3315976299677384 250000.0
6.256316883002017 2.0951841849827786 0.3315976299677384 250000.0
6.256316883002017 2.0951841849827786 0.3315976299677384 250000.0
6.256316883002017 2.0951841849827786 0.3315976299677384 250000.0
6.256316883002017 2.0951841849827786 0.3315976299677384 250000.0
6.256316883002017 2.0951841849827786 0.3315976299677384 250000.0
6.256316883002017 2.0951841849827786 0.3315976299677384 250000.0
6.256316883002017 2.0951841849827786 0.3315976299677384 250000.0
6.256316883002017 2.0951841849827786 0.3315976299677384 250000.0
6.256316883002017 2.0951841849827786 0.3315976299677384 250000.0
6.2962257939637265 2.121423119361977 0.34638942324963795 0.0 2,1,1 coil/filament1/filament2
5.987304524026884 2.7746095347880675 0.1911965153364363 250000.0
5.946513696821622 2.747544561004435 0.1810183224712081 250000.0
5.946513696821622 2.747544561004435 0.1810183224712081 250000.0
5.946513696821622 2.747544561004435 0.1810183224712081 250000.0
5.946513696821622 2.747544561004435 0.1810183224712081 250000.0
5.946513696821622 2.747544561004435 0.1810183224712081 250000.0
5.946513696821622 2.747544561004435 0.1810183224712081 250000.0
5.946513696821622 2.747544561004435 0.1810183224712081 250000.0
5.946513696821622 2.747544561004435 0.1810183224712081 250000.0
5.946513696821622 2.747544561004435 0.1810183224712081 250000.0
5.946513696821622 2.747544561004435 0.1810183224712081 250000.0
5.946513696821622 2.747544561004435 0.1810183224712081 250000.0
5.946513696821622 2.747544561004435 0.1810183224712081 250000.0
5.946513696821622 2.747544561004435 0.1810183224712081 250000.0
5.946513696821622 2.747544561004435 0.1810183224712081 250000.0
5.946513696821622 2.747544561004435 0.1810183224712081 250000.0
5.946513696821622 2.747544561004435 0.1810183224712081 250000.0
5.946513696821622 2.747544561004435 0.1810183224712081 250000.0
5.946513696821622 2.747544561004435 0.1810183224712081 250000.0
5.946513696821622 2.747544561004435 0.1810183224712081 250000.0
5.946513696821622 2.747544561004435 0.1810183224712081 250000.0
5.946513696821622 2.747544561004435 0.1810183224712081 250000.0
5.946513696821622 2.747544561004435 0.1810183224712081 250000.0
5.946513696821622 2.747544561004435 0.1810183224712081 250000.0
5.946513696821622 2.747544561004435 0.1810183224712081 250000.0
5.946513696821622 2.747544561004435 0.1810183224712081 250000.0
5.946513696821622 2.747544561004435 0.1810183224712081 250000.0
5.946513696821622 2.747544561004435 0.1810183224712081 250000.0
5.946513696821622 2.747544561004435 0.1810183224712081 250000.0
5.946513696821622 2.747544561004435 0.1810183224712081 250000.0
5.946513696821622 2.747544561004435 0.1810183224712081 250000.0
5.946513696821622 2.747544561004435 0.1810183224712081 250000.0
5.946513696821622 2.747544561004435 0.1810183224712081 250000.0
5.946513696821622 2.747544561004435 0.1810183224712081 250000.0
5.946513696821622 2.747544561004435 0.1810183224712081 250000.0
5.946513696821622 2.747544561004435 0.1810183224712081 250000.0
5.946513696821622 2.747544561004435 0.1810183224712081 250000.0
5.946513696821622 2.747544561004435 0.1810183224712081 250000.0
5.946513696821622 2.747544561004435 0.1810183224712081 250000.0
5.946513696821622 2.747544561004435 0.1810183224712081 250000.0
5.946513696821622 2.747544561004435 0.1810183224712081 250000.0
5.946513696821622 2.747544561004435 0.1810183224712081 250000.0
5.946513696821622 2.747544561004435 0.1810183224712081 250000.0
5.946513696821622 2.747544561004435 0.1810183224712081 250000.0
5.946513696821622 2.747544561004435 0.1810183224712081 250000.0
5.946513696821622 2.747544561004435 0.1810183224712081 250000.0
5.946513696821622 2.747544561004435 0.1810183224712081 250000.0
5.946513696821622 2.747544561004435 0.1810183224712081 250000.0
5.946513696821622 2.747544561004435 0.1810183224712081 250000.0
5.946513696821622 2.747544561004435 0.1810183224712081 250000.0
5.946513696821622 2.747544561004435 0.1810183224712081 250000.0
5.946513696821622 2.747544561004435 0.1810183224712081 250000.0
5.946513696821622 2.747544561004435 0.1810183224712081 250000.0
5.946513696821622 2.747544561004435 0.1810183224712081 250000.0
5.946513696821622 2.747544561004435 0.1810183224712081 250000.0
5.946513696821622 2.747544561004435 0.1810183224712081 250000.0
5.946513696821622 2.747544561004435 0.1810183224712081 250000.0
5.946513696821622 2.747544561004435 0.1810183224712081 250000.0
5.946513696821622 2.747544561004435 0.1810183224712081 250000.0
5.946513696821622 2.747544561004435 0.1810183224712081 250000.0
5.946513696821622 2.747544561004435 0.1810183224712081 250000.0
5.946513696821622 2.747544561004435 0.1810183224712081 250000.0
5.946513696821622 2.747544561004435 0.1810183224712081 250000.0
5.946513696821622 2.747544561004435 0.1810183224712081 250000.0
5.987304524026884 2.7746095347880675 0.1911965153364363 0.0 3,0,0 coil/filament1/filament2
5.932745829789749 2.7883743878878198 0.31656567503052213 250000.0
5.894285931451382 2.7637678613034504 0.29618541327422293 250000.0
5.894285931451382 2.7637678613034504 0.29618541327422293 250000.0
5.894285931451382 2.7637678613034504 0.29618541327422293 250000.0
5.894285931451382 2.7637678613034504 0.29618541327422293 250000.0
5.894285931451382 2.7637678613034504 0.29618541327422293 250000.0
5.894285931451382 2.7637678613034504 0.29618541327422293 250000.0
5.894285931451382 2.7637678613034504 0.29618541327422293 250000.0
5.894285931451382 2.7637678613034504 0.29618541327422293 250000.0
5.894285931451382 2.7637678613034504 0.29618541327422293 250000.0
5.894285931451382 2.7637678613034504 0.29618541327422293 250000.0
5.894285931451382 2.7637678613034504 0.29618541327422293 250000.0
5.894285931451382 2.7637678613034504 0.29618541327422293 250000.0
5.894285931451382 2.7637678613034504 0.29618541327422293 250000.0
5.894285931451382 2.7637678613034504 0.29618541327422293 250000.0
5.894285931451382 2.7637678613034504 0.29618541327422293 250000.0
5.894285931451382 2.7637678613034504 0.29618541327422293 250000.0
5.894285931451382 2.7637678613034504 0.29618541327422293 250000.0
5.894285931451382 2.7637678613034504 0.29618541327422293 250000.0
5.894285931451382 2.7637678613034504 0.29618541327422293 250000.0
5.894285931451382 2.7637678613034504 0.29618541327422293 250000.0
5.894285931451382 2.7637678613034504 0.29618541327422293 250000.0
5.894285931451382 2.7637678613034504 0.29618541327422293 250000.0
5.894285931451382 2.7637678613034504 0.29618541327422293 250000.0
5.894285931451382 2.7637678613034504 0.29618541327422293 250000.0
5.894285931451382 2.7637678613034504 0.29618541327422293 250000.0
5.894285931451382 2.7637678613034504 0.29618541327422293 250000.0
5.894285931451382 2.7637678613034504 0.29618541327422293 250000.0
5.894285931451382 2.7637678613034504 0.29618541327422293 250000.0
5.894285931451382 2.7637678613034504 0.29618541327422293 250000.0
5.894285931451382 2.7637678613034504 0.29618541327422293 250000.0
5.894285931451382 2.7637678613034504 0.29618541327422293 250000.0
5.894285931451382 2.7637678613034504 0.29618541327422293 250000.0
5.894285931451382 2.7637678613034504 0.29618541327422293 250000.0
5.894285931451382 2.7637678613034504 0.29618541327422293 250000.0
5.894285931451382 2.7637678613034504 0.29618541327422293 250000.0
5.894285931451382 2.7637678613034504 0.29618541327422293 250000.0
5.894285931451382 2.7637678613034504 0.29618541327422293 250000.0
5.894285931451382 2.7637678613034504 0.29618541327422293 250000.0
5.894285931451382 2.7637678613034504 0.29618541327422293 250000.0
5.894285931451382 2.7637678613034504 0.29618541327422293 250000.0
5.894285931451382 2.7637678613034504 0.29618541327422293 250000.0
5.894285931451382 2.7637678613034504 0.29618541327422293 250000.0
5.894285931451382 2.7637678613034504 0.29618541327422293 250000.0
5.894285931451382 2.7637678613034504 0.29618541327422293 250000.0
5.894285931451382 2.7637678613034504 0.29618541327422293 250000.0
5.894285931451382 2.7637678613034504 0.29618541327422293 250000.0
5.894285931451382 2.7637678613034504 0.29618541327422293 250000.0
5.894285931451382 2.7637678613034504 0.29618541327422293 250000.0
5.894285931451382 2.7637678613034504 0.29618541327422293 250000.0
5.894285931451382 2.7637678613034504 0.29618541327422293 250000.0
5.894285931451382 2.7637678613034504 0.29618541327422293 250000.0
5.894285931451382 2.7637678613034504 0.29618541327422293 250000.0
5.894285931451382 2.7637678613034504 0.29618541327422293 250000.0
5.894285931451382 2.7637678613034504 0.29618541327422293 250000.0
5.894285931451382 2.7637678613034504 0.29618541327422293 250000.0
5.894285931451382 2.7637678613034504 0.29618541327422293 250000.0
5.894285931451382 2.7637678613034504 0.29618541327422293 250000.0
5.894285931451382 2.7637678613034504 0.29618541327422293 250000.0
5.894285931451382 2.7637678613034504 0.29618541327422293 250000.0
5.894285931451382 2.7637678613034504 0.29618541327422293 250000.0
5.894285931451382 2.7637678613034504 0.29618541327422293 250000.0
5.894285931451382 2.7637678613034504 0.29618541327422293 250000.0
5.894285931451382 2.7637678613034504 0.29618541327422293 250000.0
5.932745829789749 2.7883743878878198 0.31656567503052213 0.0 3,0,1 coil/filament1/filament2
6.008497577544912 2.7346528279734454 0.21251120658712888 250000.0
5.96770675033965 2.707587854189813 0.20233301372190068 250000.0
5.96770675033965 2.707587854189813 0.20233301372190068 250000.0
5.96770675033965 2.707587854189813 0.20233301372190068 250000.0
5.96770675033965 2.707587854189813 0.20233301372190068 250000.0
5.96770675033965 2.707587854189813 0.20233301372190068 250000.0
5.96770675033965 2.707587854189813 0.20233301372190068 250000.0
5.96770675033965 2.707587854189813 0.20233301372190068 250000.0
5.96770675033965 2.707587854189813 0.20233301372190068 250000.0
5.96770675033965 2.707587854189813 0.20233301372190068 250000.0
5.96770675033965 2.707587854189813 0.20233301372190068 250000.0
5.96770675033965 2.707587854189813 0.20233301372190068 250000.0
5.96770675033965 2.707587854189813 0.20233301372190068 250000.0
5.96770675033965 2.707587854189813 0.20233301372190068 250000.0
5.96770675033965 2.707587854189813 0.20233301372190068 250000.0
5.96770675033965 2.707587854189813 0.20233301372190068 250000.0
5.96770675033965 2.707587854189813 0.20233301372190068 250000.0
5.96770675033965 2.707587854189813 0.20233301372190068 250000.0
5.96770675033965 2.707587854189813 0.20233301372190068 250000.0
5.96770675033965 2.707587854189813 0.20233301372190068 250000.0
5.96770675033965 2.707587854189813 0.20233301372190068 250000.0
5.96770675033965 2.707587854189813 0.20233301372190068 250000.0
5.96770675033965 2.707587854189813 0.20233301372190068 250000.0
5.96770675033965 2.707587854189813 0.20233301372190068 250000.0
5.96770675033965 2.707587854189813 0.20233301372190068 250000.0
5.96770675033965 2.707587854189813 0.20233301372190068 250000.0
5.96770675033965 2.707587854189813 0.20233301372190068 250000.0
5.96770675033965 2.707587854189813 0.20233301372190068 250000.0
5.96770675033965 2.707587854189813 0.20233301372190068 250000.0
5.96770675033965 2.707587854189813 0.20233301372190068 250000.0
5.96770675033965 2.707587854189813 0.20233301372190068 250000.0
5.96770675033965 2.707587854189813 0.20233301372190068 250000.0
5.96770675033965 2.707587854189813 0.20233301372190068 250000.0
5.96770675033965 2.707587854189813 0.20233301372190068 250000.0
5.96770675033965 2.707587854189813 0.20233301372190068 250000.0
5.96770675033965 2.707587854189813 0.20233301372190068 250000.0
5.96770675033965 2.707587854189813 0.20233301372190068 250000.0
5.96770675033965 2.707587854189813 0.20233301372190068 250000.0
5.96770675033965 2.707587854189813 0.20233301372190068 250000.0
5.96770675033965 2.707587854189813 0.20233301372190068 250000.0
5.96770675033965 2.707587854189813 0.20233301372190068 250000.0
5.96770675033965 2.707587854189813 0.20233301372190068 250000.0
5.96770675033965 2.707587854189813 0.20233301372190068 250000.0
5.96770675033965 2.707587854189813 0.20233301372190068 250000.0
5.96770675033965 2.707587854189813 0.20233301372190068 250000.0
5.96770675033965 2.707587854189813 0.20233301372190068 250000.0
5.96770675033965 2.707587854189813 0.20233301372190068 250000.0
5.96770675033965 2.707587854189813 0.20233301372190068 250000.0
5.96770675033965 2.707587854189813 0.20233301372190068 250000.0
5.96770675033965 2.707587854189813 0.20233301372190068 250000.0
5.96770675033965 2.707587854189813 0.20233301372190068 250000.0
5.96770675033965 2.707587854189813 0.20233301372190068 250000.0
5.96770675033965 2.707587854189813 0.20233301372190068 250000.0
5.96770675033965 2.707587854189813 0.20233301372190068 250000.0
5.96770675033965 2.707587854189813 0.20233301372190068 250000.0
5.96770675033965 2.707587854189813 0.20233301372190068 250000.0
5.96770675033965 2.707587854189813 0.20233301372190068 250000.0
5.96770675033965 2.707587854189813 0.20233301372190068 250000.0
5.96770675033965 2.707587854189813 0.20233301372190068 250000.0
5.96770675033965 2.707587854189813 0.20233301372190068 250000.0
5.96770675033965 2.707587854189813 0.20233301372190068 250000.0
5.96770675033965 2.707587854189813 0.20233301372190068 250000.0
5.96770675033965 2.707587854189813 0.20233301372190068 250000.0
5.96770675033965 2.707587854189813 0.20233301372190068 250000.0
6.008497577544912 2.7346528279734454 0.21251120658712888 0.0 3,1,0 coil/filament1/filament2
5.955758419741468 2.744915872100073 0.3256088000014689 250000.0
5.917298521403101 2.7203093455157035 0.3052285382451697 250000.0
5.917298521403101 2.7203093455157035 0.3052285382451697 250000.0
5.917298521403101 2.7203093455157035 0.3052285382451697 250000.0
5.917298521403101 2.7203093455157035 0.3052285382451697 250000.0
5.917298521403101 2.7203093455157035 0.3052285382451697 250000.0
5.917298521403101 2.7203093455157035 0.3052285382451697 250000.0
5.917298521403101 2.7203093455157035 0.3052285382451697 250000.0
5.917298521403101 2.7203093455157035 0.3052285382451697 250000.0
5.917298521403101 2.7203093455157035 0.3052285382451697 250000.0
5.917298521403101 2.7203093455157035 0.3052285382451697 250000.0
5.917298521403101 2.7203093455157035 0.3052285382451697 250000.0
5.917298521403101 2.7203093455157035 0.3052285382451697 250000.0
5.917298521403101 2.7203093455157035 0.3052285382451697 250000.0
5.917298521403101 2.7203093455157035 0.3052285382451697 250000.0
5.917298521403101 2.7203093455157035 0.3052285382451697 250000.0
5.917298521403101 2.7203093455157035 0.3052285382451697 250000.0
5.917298521403101 2.7203093455157035 0.3052285382451697 250000.0
5.917298521403101 2.7203093455157035 0.3052285382451697 250000.0
5.917298521403101 2.7203093455157035 0.3052285382451697 250000.0
5.917298521403101 2.7203093455157035 0.3052285382451697 250000.0
5.917298521403101 2.7203093455157035 0.3052285382451697 250000.0
5.917298521403101 2.7203093455157035 0.3052285382451697 250000.0
5.917298521403101 2.7203093455157035 0.3052285382451697 250000.0
5.917298521403101 2.7203093455157035 0.3052285382451697 250000.0
5.917298521403101 2.7203093455157035 0.3052285382451697 250000.0
5.917298521403101 2.7203093455157035 0.3052285382451697 250000.0
5.917298521403101 2.7203093455157035 0.3052285382451697 250000.0
5.917298521403101 2.7203093455157035 0.3052285382451697 250000.0
5.917298521403101 2.7203093455157035 0.3052285382451697 250000.0
5.917298521403101 2.7203093455157035 0.3052285382451697 250000.0
5.917298521403101 2.7203093455157035 0.3052285382451697 250000.0
5.917298521403101 2.7203093455157035 0.3052285382451697 250000.0
5.917298521403101 2.7203093455157035 0.3052285382451697 250000.0
5.917298521403101 2.7203093455157035 0.3052285382451697 250000.0
5.917298521403101 2.7203093455157035 0.3052285382451697 250000.0
5.917298521403101 2.7203093455157035 0.3052285382451697 250000.0
5.917298521403101 2.7203093455157035 0.3052285382451697 250000.0
5.917298521403101 2.7203093455157035 0.3052285382451697 250000.0
5.917298521403101 2.7203093455157035 0.3052285382451697 250000.0
5.917298521403101 2.7203093455157035 0.3052285382451697 250000.0
5.917298521403101 2.7203093455157035 0.3052285382451697 250000.0
5.917298521403101 2.7203093455157035 0.3052285382451697 250000.0
5.917298521403101 2.7203093455157035 0.3052285382451697 250000.0
5.917298521403101 2.7203093455157035 0.3052285382451697 250000.0
5.917298521403101 2.7203093455157035 0.3052285382451697 250000.0
5.917298521403101 2.7203093455157035 0.3052285382451697 250000.0
5.917298521403101 2.7203093455157035 0.3052285382451697 250000.0
5.917298521403101 2.7203093455157035 0.3052285382451697 250000.0
5.917298521403101 2.7203093455157035 0.3052285382451697 250000.0
5.917298521403101 2.7203093455157035 0.3052285382451697 250000.0
5.917298521403101 2.7203093455157035 0.3052285382451697 250000.0
5.917298521403101 2.7203093455157035 0.3052285382451697 250000.0
5.917298521403101 2.7203093455157035 0.3052285382451697 250000.0
5.917298521403101 2.7203093455157035 0.3052285382451697 250000.0
5.917298521403101 2.7203093455157035 0.3052285382451697 250000.0
5.917298521403101 2.7203093455157035 0.3052285382451697 250000.0
5.917298521403101 2.7203093455157035 0.3052285382451697 250000.0
5.917298521403101 2.7203093455157035 0.3052285382451697 250000.0
5.917298521403101 2.7203093455157035 0.3052285382451697 250000.0
5.917298521403101 2.7203093455157035 0.3052285382451697 250000.0
5.917298521403101 2.7203093455157035 0.3052285382451697 250000.0
5.917298521403101 2.7203093455157035 0.3052285382451697 250000.0
5.917298521403101 2.7203093455157035 0.3052285382451697 250000.0
5.955758419741468 2.744915872100073 0.3256088000014689 0.0 3,1,1 coil/filament1/filament2
5.721872483092657 3.2717608763011263 0.014544491462386781 250000.0
5.673477001762578 3.259671301271543 0.011121106816445158 250000.0
5.673477001762578 3.259671301271543 0.011121106816445158 250000.0
5.673477001762578 3.259671301271543 0.011121106816445158 250000.0
5.673477001762578 3.259671301271543 0.011121106816445158 250000.0
5.673477001762578 3.259671301271543 0.011121106816445158 250000.0
5.673477001762578 3.259671301271543 0.011121106816445158 250000.0
5.673477001762578 3.259671301271543 0.011121106816445158 250000.0
5.673477001762578 3.259671301271543 0.011121106816445158 250000.0
5.673477001762578 3.259671301271543 0.011121106816445158 250000.0
5.673477001762578 3.259671301271543 0.011121106816445158 250000.0
5.673477001762578 3.259671301271543 0.011121106816445158 250000.0
5.673477001762578 3.259671301271543 0.011121106816445158 250000.0
5.673477001762578 3.259671301271543 0.011121106816445158 250000.0
5.673477001762578 3.259671301271543 0.011121106816445158 250000.0
5.673477001762578 3.259671301271543 0.011121106816445158 250000.0
5.673477001762578 3.259671301271543 0.011121106816445158 250000.0
5.673477001762578 3.259671301271543 0.011121106816445158 250000.0
5.673477001762578 3.259671301271543 0.011121106816445158 250000.0
5.673477001762578 3.259671301271543 0.011121106816445158 250000.0
5.673477001762578 3.259671301271543 0.011121106816445158 250000.0
5.673477001762578 3.259671301271543 0.011121106816445158 250000.0
5.673477001762578 3.259671301271543 0.011121106816445158 250000.0
5.673477001762578 3.259671301271543 0.011121106816445158 250000.0
5.673477001762578 3.259671301271543 0.011121106816445158 250000.0
5.673477001762578 3.259671301271543 0.011121106816445158 250000.0
5.673477001762578 3.259671301271543 0.011121106816445158 250000.0
5.673477001762578 3.259671301271543 0.011121106816445158 250000.0
5.673477001762578 3.259671301271543 0.011121106816445158 250000.0
5.673477001762578 3.259671301271543 0.011121106816445158 250000.0
5.673477001762578 3.259671301271543 0.011121106816445158 250000.0
5.673477001762578 3.259671301271543 0.011121106816445158 250000.0
5.673477001762578 3.259671301271543 0.011121106816445158 250000.0
5.673477001762578 3.259671301271543 0.011121106816445158 250000.0
5.673477001762578 3.259671301271543 0.011121106816445158 250000.0
5.673477001762578 3.259671301271543 0.011121106816445158 250000.0
5.673477001762578 3.259671301271543 0.011121106816445158 250000.0
5.673477001762578 3.259671301271543 0.011121106816445158 250000.0
5.673477001762578 3.259671301271543 0.011121106816445158 250000.0
5.673477001762578 3.259671301271543 0.011121106816445158 250000.0
5.673477001762578 3.259671301271543 0.011121106816445158 250000.0
5.673477001762578 3.259671301271543 0.011121106816445158 250000.0
5.673477001762578 3.259671301271543 0.011121106816445158 250000.0
5.673477001762578 3.259671301271543 0.011121106816445158 250000.0
5.673477001762578 3.259671301271543 0.011121106816445158 250000.0
5.673477001762578 3.259671301271543 0.011121106816445158 250000.0
5.673477001762578 3.259671301271543 0.011121106816445158 250000.0
5.673477001762578 3.259671301271543 0.011121106816445158 250000.0
5.673477001762578 3.259671301271543 0.011121106816445158 250000.0
5.673477001762578 3.259671301271543 0.011121106816445158 250000.0
5.673477001762578 3.259671301271543 0.011121106816445158 250000.0
5.673477001762578 3.259671301271543 0.011121106816445158 250000.0
5.673477001762578 3.259671301271543 0.011121106816445158 250000.0
5.673477001762578 3.259671301271543 0.011121106816445158 250000.0
5.673477001762578 3.259671301271543 0.011121106816445158 250000.0
5.673477001762578 3.259671301271543 0.011121106816445158 250000.0
5.673477001762578 3.259671301271543 0.011121106816445158 250000.0
5.673477001762578 3.259671301271543 0.011121106816445158 250000.0
5.673477001762578 3.259671301271543 0.011121106816445158 250000.0
5.673477001762578 3.259671301271543 0.011121106816445158 250000.0
5.673477001762578 3.259671301271543 0.011121106816445158 250000.0
5.673477001762578 3.259671301271543 0.011121106816445158 250000.0
5.673477001762578 3.259671301271543 0.011121106816445158 250000.0
5.673477001762578 3.259671301271543 0.011121106816445158 250000.0
5.721872483092657 3.2717608763011263 0.014544491462386781 0.0 4,0,0 coil/filament1/filament2
5.708072224472421 3.188548601917746 0.18720589081695888 250000.0
5.661868368562724 3.175333532498461 0.17340133941825567 250000.0
5.661868368562724 3.175333532498461 0.17340133941825567 250000.0
5.661868368562724 3.175333532498461 0.17340133941825567 250000.0
5.661868368562724 3.175333532498461 0.17340133941825567 250000.0
5.661868368562724 3.175333532498461 0.17340133941825567 250000.0
5.661868368562724 3.175333532498461 0.17340133941825567 250000.0
5.661868368562724 3.175333532498461 0.17340133941825567 250000.0
5.661868368562724 3.175333532498461 0.17340133941825567 250000.0
5.661868368562724 3.175333532498461 0.17340133941825567 250000.0
5.661868368562724 3.175333532498461 0.17340133941825567 250000.0
5.661868368562724 3.175333532498461 0.17340133941825567 250000.0
5.661868368562724 3.175333532498461 0.17340133941825567 250000.0
5.661868368562724 3.175333532498461 0.17340133941825567 250000.0
5.661868368562724 3.175333532498461 0.17340133941825567 250000.0
5.661868368562724 3.175333532498461 0.17340133941825567 250000.0
5.661868368562724 3.175333532498461 0.17340133941825567 250000.0
5.661868368562724 3.175333532498461 0.17340133941825567 250000.0
5.661868368562724 3.175333532498461 0.17340133941825567 250000.0
5.661868368562724 3.175333532498461 0.17340133941825567 250000.0
5.661868368562724 3.175333532498461 0.17340133941825567 250000.0
5.661868368562724 3.175333532498461 0.17340133941825567 250000.0
5.661868368562724 3.175333532498461 0.17340133941825567 250000.0
5.661868368562724 3.175333532498461 0.17340133941825567 250000.0
5.661868368562724 3.175333532498461 0.17340133941825567 250000.0
5.661868368562724 3.175333532498461 0.17340133941825567 250000.0
5.661868368562724 3.175333532498461 0.17340133941825567 250000.0
5.661868368562724 3.175333532498461 0.17340133941825567 250000.0
5.661868368562724 3.175333532498461 0.17340133941825567 250000.0
5.661868368562724 3.175333532498461 0.17340133941825567 250000.0
5.661868368562724 3.175333532498461 0.17340133941825567 250000.0
5.661868368562724 3.175333532498461 0.17340133941825567 250000.0
5.661868368562724 3.175333532498461 0.17340133941825567 250000.0
5.661868368562724 3.175333532498461 0.17340133941825567 250000.0
5.661868368562724 3.175333532498461 0.17340133941825567 250000.0
5.661868368562724 3.175333532498461 0.17340133941825567 250000.0
5.661868368562724 3.175333532498461 0.17340133941825567 250000.0
5.661868368562724 3.175333532498461 0.17340133941825567 250000.0
5.661868368562724 3.175333532498461 0.17340133941825567 250000.0
5.661868368562724 3.175333532498461 0.17340133941825567 250000.0
5.661868368562724 3.175333532498461 0.17340133941825567 250000.0
5.661868368562724 3.175333532498461 0.17340133941825567 250000.0
5.661868368562724 3.175333532498461 0.17340133941825567 250000.0
5.661868368562724 3.175333532498461 0.17340133941825567 250000.0
5.661868368562724 3.175333532498461 0.17340133941825567 250000.0
5.661868368562724 3.175333532498461 0.17340133941825567 250000.0
5.661868368562724 3.175333532498461 0.17340133941825567 250000.0
5.661868368562724 3.175333532498461 0.17340133941825567 250000.0
5.661868368562724 3.175333532498461 0.17340133941825567 250000.0
5.661868368562724 3.175333532498461 0.17340133941825567 250000.0
5.661868368562724 3.175333532498461 0.17340133941825567 250000.0
5.661868368562724 3.175333532498461 0.17340133941825567 250000.0
5.661868368562724 3.175333532498461 0.17340133941825567 250000.0
5.661868368562724 3.175333532498461 0.17340133941825567 250000.0
5.661868368562724 3.175333532498461 0.17340133941825567 250000.0
5.661868368562724 3.175333532498461 0.17340133941825567 250000.0
5.661868368562724 3.175333532498461 0.17340133941825567 250000.0
5.661868368562724 3.175333532498461 0.17340133941825567 250000.0
5.661868368562724 3.175333532498461 0.17340133941825567 250000.0
5.661868368562724 3.175333532498461 0.17340133941825567 250000.0
5.661868368562724 3.175333532498461 0.17340133941825567 250000.0
5.661868368562724 3.175333532498461 0.17340133941825567 250000.0
5.661868368562724 3.175333532498461 0.17340133941825567 250000.0
5.661868368562724 3.175333532498461 0.17340133941825567 250000.0
5.708072224472421 3.188548601917746 0.18720589081695888 0.0 4,0,1 coil/filament1/filament2
5.733288416499381 3.235145461466198 -0.017533349189991103 250000.0
5.684892935169302 3.2230558864366143 -0.020956733835932724 250000.0
5.684892935169302 3.2230558864366143 -0.020956733835932724 250000.0
5.684892935169302 3.2230558864366143 -0.020956733835932724 250000.0
5.684892935169302 3.2230558864366143 -0.020956733835932724 250000.0
5.684892935169302 3.2230558864366143 -0.020956733835932724 250000.0
5.684892935169302 3.2230558864366143 -0.020956733835932724 250000.0
5.684892935169302 3.2230558864366143 -0.020956733835932724 250000.0
5.684892935169302 3.2230558864366143 -0.020956733835932724 250000.0
5.684892935169302 3.2230558864366143 -0.020956733835932724 250000.0
5.684892935169302 3.2230558864366143 -0.020956733835932724 250000.0
5.684892935169302 3.2230558864366143 -0.020956733835932724 250000.0
5.684892935169302 3.2230558864366143 -0.020956733835932724 250000.0
5.684892935169302 3.2230558864366143 -0.020956733835932724 250000.0
5.684892935169302 3.2230558864366143 -0.020956733835932724 250000.0
5.684892935169302 3.2230558864366143 -0.020956733835932724 250000.0
5.684892935169302 3.2230558864366143 -0.020956733835932724 250000.0
5.684892935169302 3.2230558864366143 -0.020956733835932724 250000.0
5.684892935169302 3.2230558864366143 -0.020956733835932724 250000.0
5.684892935169302 3.2230558864366143 -0.020956733835932724 250000.0
5.684892935169302 3.2230558864366143 -0.020956733835932724 250000.0
5.684892935169302 3.2230558864366143 -0.020956733835932724 250000.0
5.684892935169302 3.2230558864366143 -0.020956733835932724 250000.0
5.684892935169302 3.2230558864366143 -0.020956733835932724 250000.0
5.684892935169302 3.2230558864366143 -0.020956733835932724 250000.0
5.684892935169302 3.2230558864366143 -0.020956733835932724 250000.0
5.684892935169302 3.2230558864366143 -0.020956733835932724 250000.0
5.684892935169302 3.2230558864366143 -0.020956733835932724 250000.0
5.684892935169302 3.2230558864366143 -0.020956733835932724 250000.0
5.684892935169302 3.2230558864366143 -0.020956733835932724 250000.0
5.684892935169302 3.2230558864366143 -0.020956733835932724 250000.0
5.684892935169302 3.2230558864366143 -0.020956733835932724 250000.0
5.684892935169302 3.2230558864366143 -0.020956733835932724 250000.0
5.684892935169302 3.2230558864366143 -0.020956733835932724 250000.0
5.684892935169302 3.2230558864366143 -0.020956733835932724 250000.0
5.684892935169302 3.2230558864366143 -0.020956733835932724 250000.0
5.684892935169302 3.2230558864366143 -0.020956733835932724 250000.0
5.684892935169302 3.2230558864366143 -0.020956733835932724 250000.0
5.684892935169302 3.2230558864366143 -0.020956733835932724 250000.0
5.684892935169302 3.2230558864366143 -0.020956733835932724 250000.0
5.684892935169302 3.2230558864366143 -0.020956733835932724 250000.0
5.684892935169302 3.2230558864366143 -0.020956733835932724 250000.0
5.684892935169302 3.2230558864366143 -0.020956733835932724 250000.0
5.684892935169302 3.2230558864366143 -0.020956733835932724 250000.0
5.684892935169302 3.2230558864366143 -0.020956733835932724 250000.0
5.684892935169302 3.2230558864366143 -0.020956733835932724 250000.0
5.684892935169302 3.2230558864366143 -0.020956733835932724 250000.0
5.684892935169302 3.2230558864366143 -0.020956733835932724 250000.0
5.684892935169302 3.2230558864366143 -0.020956733835932724 250000.0
5.684892935169302 3.2230558864366143 -0.020956733835932724 250000.0
5.684892935169302 3.2230558864366143 -0.020956733835932724 250000.0
5.684892935169302 3.2230558864366143 -0.020956733835932724 250000.0
5.684892935169302 3.2230558864366143 -0.020956733835932724 250000.0
5.684892935169302 3.2230558864366143 -0.020956733835932724 250000.0
5.684892935169302 3.2230558864366143 -0.020956733835932724 250000.0
5.684892935169302 3.2230558864366143 -0.020956733835932724 250000.0
5.684892935169302 3.2230558864366143 -0.020956733835932724 250000.0
5.684892935169302 3.2230558864366143 -0.020956733835932724 250000.0
5.684892935169302 3.2230558864366143 -0.020956733835932724 250000.0
5.684892935169302 3.2230558864366143 -0.020956733835932724 250000.0
5.684892935169302 3.2230558864366143 -0.020956733835932724 250000.0
5.684892935169302 3.2230558864366143 -0.020956733835932724 250000.0
5.684892935169302 3.2230558864366143 -0.020956733835932724 250000.0
5.684892935169302 3.2230558864366143 -0.020956733835932724 250000.0
5.733288416499381 3.235145461466198 -0.017533349189991103 0.0 4,1,0 coil/filament1/filament2
5.723432286593958 3.1413793061805424 0.18095081037952435 250000.0
5.677228430684261 3.1281642367612577 0.16714625898082114 250000.0
5.677228430684261 3.1281642367612577 0.16714625898082114 250000.0
5.677228430684261 3.1281642367612577 0.16714625898082114 250000.0
5.677228430684261 3.1281642367612577 0.16714625898082114 250000.0
5.677228430684261 3.1281642367612577 0.16714625898082114 250000.0
5.677228430684261 3.1281642367612577 0.16714625898082114 250000.0
5.677228430684261 3.1281642367612577 0.16714625898082114 250000.0
5.677228430684261 3.1281642367612577 0.16714625898082114 250000.0
5.677228430684261 3.1281642367612577 0.16714625898082114 250000.0
5.677228430684261 3.1281642367612577 0.16714625898082114 250000.0
5.677228430684261 3.1281642367612577 0.16714625898082114 250000.0
5.677228430684261 3.1281642367612577 0.16714625898082114 250000.0
5.677228430684261 3.1281642367612577 0.16714625898082114 250000.0
5.677228430684261 3.1281642367612577 0.16714625898082114 250000.0
5.677228430684261 3.1281642367612577 0.16714625898082114 250000.0
5.677228430684261 3.1281642367612577 0.16714625898082114 250000.0
5.677228430684261 3.1281642367612577 0.16714625898082114 250000.0
5.677228430684261 3.1281642367612577 0.16714625898082114 250000.0
5.677228430684261 3.1281642367612577 0.16714625898082114 250000.0
5.677228430684261 3.1281642367612577 0.16714625898082114 250000.0
5.677228430684261 3.1281642367612577 0.16714625898082114 250000.0
5.677228430684261 3.1281642367612577 0.16714625898082114 250000.0
5.677228430684261 3.1281642367612577 0.16714625898082114 250000.0
5.677228430684261 3.1281642367612577 0.16714625898082114 250000.0
5.677228430684261 3.1281642367612577 0.16714625898082114 250000.0
5.677228430684261 3.1281642367612577 0.16714625898082114 250000.0
5.677228430684261 3.1281642367612577 0.16714625898082114 250000.0
5.677228430684261 3.1281642367612577 0.16714625898082114 250000.0
5.677228430684261 3.1281642367612577 0.16714625898082114 250000.0
5.677228430684261 3.1281642367612577 0.16714625898082114 250000.0
5.677228430684261 3.1281642367612577 0.16714625898082114 250000.0
5.677228430684261 3.1281642367612577 0.16714625898082114 250000.0
5.677228430684261 3.1281642367612577 0.16714625898082114 250000.0
5.677228430684261 3.1281642367612577 0.16714625898082114 250000.0
5.677228430684261 3.1281642367612577 0.16714625898082114 250000.0
5.677228430684261 3.1281642367612577 0.16714625898082114 250000.0
5.677228430684261 3.1281642367612577 0.16714625898082114 250000.0
5.677228430684261 3.1281642367612577 0.16714625898082114 250000.0
5.677228430684261 3.1281642367612577 0.16714625898082114 250000.0
5.677228430684261 3.1281642367612577 0.16714625898082114 250000.0
5.677228430684261 3.1281642367612577 0.16714625898082114 250000.0
5.677228430684261 3.1281642367612577 0.16714625898082114 250000.0
5.677228430684261 3.1281642367612577 0.16714625898082114 250000.0
5.677228430684261 3.1281642367612577 0.16714625898082114 250000.0
5.677228430684261 3.1281642367612577 0.16714625898082114 250000.0
5.677228430684261 3.1281642367612577 0.16714625898082114 250000.0
5.677228430684261 3.1281642367612577 0.16714625898082114 250000.0
5.677228430684261 3.1281642367612577 0.16714625898082114 250000.0
5.677228430684261 3.1281642367612577 0.16714625898082114 250000.0
5.677228430684261 3.1281642367612577 0.16714625898082114 250000.0
5.677228430684261 3.1281642367612577 0.16714625898082114 250000.0
5.677228430684261 3.1281642367612577 0.16714625898082114 250000.0
5.677228430684261 3.1281642367612577 0.16714625898082114 250000.0
5.677228430684261 3.1281642367612577 0.16714625898082114 250000.0
5.677228430684261 3.1281642367612577 0.16714625898082114 250000.0
5.677228430684261 3.1281642367612577 0.16714625898082114 250000.0
5.677228430684261 3.1281642367612577 0.16714625898082114 250000.0
5.677228430684261 3.1281642367612577 0.16714625898082114 250000.0
5.677228430684261 3.1281642367612577 0.16714625898082114 250000.0
5.677228430684261 3.1281642367612577 0.16714625898082114 250000.0
5.677228430684261 3.1281642367612577 0.16714625898082114 250000.0
5.677228430684261 3.1281642367612577 0.16714625898082114 250000.0
5.677228430684261 3.1281642367612577 0.16714625898082114 250000.0
5.723432286593958 3.1413793061805424 0.18095081037952435 0.0 4,1,1 coil/filament1/filament2
